Time (s),Amplitude (V)
0.0,0.016666666666666607
9.99960001599936e-09,0.0
1.999920003199872e-08,0.0
2.999880004799808e-08,0.0
3.999840006399744e-08,0.0
4.9998000079996805e-08,0.0
5.999760009599616e-08,0.0
6.999720011199553e-08,0.0
7.999680012799488e-08,0.0
8.999640014399424e-08,0.0
9.999600015999361e-08,0.0
1.0999560017599296e-07,0.0
1.1999520019199232e-07,0.0
1.2999480020799168e-07,0.0
1.3999440022399106e-07,0.016666666666666607
1.4999400023999041e-07,-0.016666666666666607
1.5999360025598977e-07,0.0
1.6999320027198912e-07,0.0
1.7999280028798848e-07,-0.016666666666666607
1.8999240030398786e-07,0.0
1.9999200031998722e-07,0.0
2.0999160033598657e-07,0.0
2.1999120035198593e-07,0.0
2.2999080036798529e-07,0.0
2.3999040038398464e-07,0.0
2.49990000399984e-07,-0.016666666666666607
2.5998960041598335e-07,0.0
2.6998920043198273e-07,0.0
2.799888004479821e-07,0.0
2.8998840046398145e-07,0.0
2.9998800047998083e-07,0.0
3.0998760049598016e-07,0.0
3.1998720051197954e-07,0.0
3.299868005279789e-07,0.0
3.3998640054397825e-07,0.0
3.4998600055997763e-07,0.0
3.5998560057597696e-07,0.0
3.6998520059197634e-07,0.0
3.799848006079757e-07,0.0
3.8998440062397505e-07,0.0
3.9998400063997444e-07,-0.016666666666666607
4.0998360065597377e-07,0.0
4.1998320067197315e-07,0.016666666666666607
4.2998280068797253e-07,0.0
4.3998240070397186e-07,-0.016666666666666607
4.4998200071997124e-07,0.0
4.5998160073597057e-07,0.0
4.6998120075196995e-07,0.0
4.799808007679693e-07,-0.016666666666666607
4.899804007839687e-07,0.0
4.99980000799968e-07,0.0
5.099796008159674e-07,0.0
5.199792008319667e-07,0.016666666666666607
5.299788008479661e-07,0.0
5.399784008639655e-07,0.0
5.499780008799648e-07,0.0
5.599776008959642e-07,0.0
5.699772009119636e-07,0.0
5.799768009279629e-07,0.0
5.899764009439623e-07,0.0
5.999760009599617e-07,0.0
6.09975600975961e-07,0.0
6.199752009919603e-07,0.0
6.299748010079597e-07,0.0
6.399744010239591e-07,0.0
6.499740010399584e-07,0.0
6.599736010559578e-07,0.0
6.699732010719572e-07,0.0
6.799728010879565e-07,0.0
6.899724011039558e-07,0.0
6.999720011199553e-07,0.0
7.099716011359546e-07,0.0
7.199712011519539e-07,0.0
7.299708011679534e-07,0.0
7.399704011839527e-07,0.0
7.49970001199952e-07,-0.016666666666666607
7.599696012159515e-07,0.0
7.699692012319508e-07,0.0
7.799688012479501e-07,0.0
7.899684012639494e-07,0.0
7.999680012799489e-07,0.0
8.099676012959482e-07,0.0
8.199672013119475e-07,0.0
8.29966801327947e-07,0.0
8.399664013439463e-07,0.0
8.499660013599456e-07,0.0
8.599656013759451e-07,0.0
8.699652013919444e-07,0.0
8.799648014079437e-07,0.0
8.89964401423943e-07,0.0
8.999640014399425e-07,0.0
9.099636014559418e-07,0.0
9.199632014719411e-07,0.0
9.299628014879406e-07,0.0
9.399624015039399e-07,0.0
9.499620015199392e-07,0.0
9.599616015359386e-07,0.0
9.699612015519379e-07,0.0
9.799608015679374e-07,0.0
9.899604015839368e-07,0.0
9.99960001599936e-07,0.0
1.0099596016159354e-06,0.0
1.0199592016319347e-06,0.0
1.029958801647934e-06,0.0
1.0399584016639334e-06,0.0
1.049958001679933e-06,0.0
1.0599576016959323e-06,-0.016666666666666607
1.0699572017119316e-06,0.016666666666666607
1.079956801727931e-06,0.0
1.0899564017439303e-06,0.0
1.0999560017599296e-06,0.0
1.109955601775929e-06,0.0
1.1199552017919285e-06,0.0
1.1299548018079278e-06,0.0
1.1399544018239271e-06,0.0
1.1499540018399265e-06,0.0
1.1599536018559258e-06,0.0
1.1699532018719251e-06,0.0
1.1799528018879247e-06,0.0
1.189952401903924e-06,0.0
1.1999520019199233e-06,0.0
1.2099516019359226e-06,0.0
1.219951201951922e-06,0.0
1.2299508019679213e-06,0.0
1.2399504019839206e-06,0.0
1.2499500019999202e-06,0.0
1.2599496020159195e-06,0.0
1.2699492020319188e-06,0.0
1.2799488020479182e-06,0.0
1.2899484020639175e-06,0.0
1.2999480020799168e-06,0.016666666666666607
1.3099476020959161e-06,0.0
1.3199472021119157e-06,0.0
1.329946802127915e-06,0.0
1.3399464021439143e-06,0.0
1.3499460021599137e-06,0.0
1.359945602175913e-06,0.016666666666666607
1.3699452021919123e-06,0.0
1.3799448022079117e-06,0.0
1.3899444022239112e-06,0.0
1.3999440022399105e-06,0.016666666666666607
1.4099436022559099e-06,0.0
1.4199432022719092e-06,0.0
1.4299428022879085e-06,0.0
1.4399424023039078e-06,0.0
1.4499420023199074e-06,0.0
1.4599416023359067e-06,0.0
1.469941202351906e-06,0.0
1.4799408023679054e-06,0.0
1.4899404023839047e-06,0.0
1.499940002399904e-06,0.0
1.5099396024159034e-06,0.0
1.519939202431903e-06,0.0
1.5299388024479022e-06,0.0
1.5399384024639016e-06,0.0
1.5499380024799009e-06,0.0
1.5599376024959002e-06,0.0
1.5699372025118995e-06,0.0
1.5799368025278989e-06,0.0
1.5899364025438984e-06,0.0
1.5999360025598977e-06,0.0
1.609935602575897e-06,0.0
1.6199352025918964e-06,0.016666666666666607
1.6299348026078957e-06,0.0
1.639934402623895e-06,0.0
1.6499340026398944e-06,0.0
1.659933602655894e-06,0.0
1.6699332026718933e-06,0.0
1.6799328026878926e-06,0.0
1.689932402703892e-06,0.0
1.6999320027198912e-06,0.0
1.7099316027358906e-06,0.016666666666666607
1.7199312027518901e-06,0.0
1.7299308027678894e-06,0.0
1.7399304027838888e-06,0.0
1.7499300027998881e-06,0.0
1.7599296028158874e-06,0.0
1.7699292028318868e-06,0.0
1.779928802847886e-06,0.0
1.7899284028638856e-06,0.0
1.799928002879885e-06,0.0
1.8099276028958843e-06,0.0
1.8199272029118836e-06,0.0
1.829926802927883e-06,0.0
1.8399264029438823e-06,0.0
1.8499260029598816e-06,0.0
1.8599256029758812e-06,0.0
1.8699252029918805e-06,0.0
1.8799248030078798e-06,0.0
1.8899244030238791e-06,0.0
1.8999240030398785e-06,0.0
1.909923603055878e-06,0.0
1.919923203071877e-06,0.0
1.9299228030878765e-06,0.0
1.9399224031038758e-06,0.0
1.949922003119875e-06,0.0
1.959921603135875e-06,-0.016666666666666607
1.969921203151874e-06,0.0
1.9799208031678735e-06,0.0
1.989920403183873e-06,0.0
1.999920003199872e-06,0.016666666666666607
2.0099196032158715e-06,0.0
2.019919203231871e-06,0.0
2.02991880324787e-06,0.0
2.0399184032638695e-06,0.0
2.049918003279869e-06,0.0
2.059917603295868e-06,0.0
2.0699172033118675e-06,-0.016666666666666607
2.079916803327867e-06,0.0
2.0899164033438666e-06,0.0
2.099916003359866e-06,0.0
2.1099156033758652e-06,-0.016666666666666607
2.1199152033918646e-06,0.016666666666666607
2.129914803407864e-06,0.0
2.1399144034238632e-06,0.016666666666666607
2.1499140034398625e-06,-0.016666666666666607
2.159913603455862e-06,0.0
2.169913203471861e-06,0.0
2.1799128034878605e-06,-0.016666666666666607
2.18991240350386e-06,0.0
2.199912003519859e-06,0.0
2.2099116035358585e-06,0.0
2.219911203551858e-06,0.0
2.2299108035678576e-06,0.0
2.239910403583857e-06,0.0
2.2499100035998563e-06,0.0
2.2599096036158556e-06,0.016666666666666607
2.269909203631855e-06,0.0
2.2799088036478542e-06,0.0
2.2899084036638536e-06,0.0
2.299908003679853e-06,0.0
2.3099076036958522e-06,0.0
2.3199072037118516e-06,0.0
2.329906803727851e-06,0.0
2.3399064037438502e-06,0.0
2.3499060037598495e-06,0.0
2.3599056037758493e-06,-0.016666666666666607
2.3699052037918486e-06,0.0
2.379904803807848e-06,0.0
2.3899044038238473e-06,0.0
2.3999040038398466e-06,0.0
2.409903603855846e-06,0.0
2.4199032038718453e-06,0.0
2.4299028038878446e-06,0.0
2.439902403903844e-06,0.0
2.4499020039198433e-06,0.0
2.4599016039358426e-06,0.0
2.469901203951842e-06,0.016666666666666607
2.4799008039678413e-06,0.0
2.4899004039838406e-06,0.0
2.4999000039998403e-06,0.016666666666666607
2.5098996040158397e-06,0.0
2.519899204031839e-06,0.0
2.5298988040478383e-06,0.0
2.5398984040638377e-06,0.0
2.549898004079837e-06,0.0
2.5598976040958363e-06,0.0
2.5698972041118356e-06,0.0
2.579896804127835e-06,0.0
2.5898964041438343e-06,0.0
2.5998960041598336e-06,0.0
2.609895604175833e-06,0.0
2.6198952041918323e-06,0.0
2.629894804207832e-06,0.0
2.6398944042238314e-06,0.0
2.6498940042398307e-06,0.0
2.65989360425583e-06,0.0
2.6698932042718294e-06,0.0
2.6798928042878287e-06,0.0
2.689892404303828e-06,0.0
2.6998920043198273e-06,0.0
2.7098916043358267e-06,0.0
2.719891204351826e-06,0.016666666666666607
2.7298908043678253e-06,0.0
2.7398904043838247e-06,0.0
2.749890004399824e-06,0.0
2.7598896044158233e-06,0.0
2.769889204431823e-06,0.0
2.7798888044478224e-06,0.0
2.7898884044638217e-06,0.0
2.799888004479821e-06,0.016666666666666607
2.8098876044958204e-06,0.0
2.8198872045118197e-06,0.0
2.829886804527819e-06,0.0
2.8398864045438184e-06,0.0
2.8498860045598177e-06,0.0
2.859885604575817e-06,0.0
2.8698852045918164e-06,0.0
2.8798848046078157e-06,0.0
2.889884404623815e-06,0.0
2.8998840046398148e-06,0.0
2.909883604655814e-06,0.0
2.9198832046718134e-06,-0.016666666666666607
2.9298828046878128e-06,0.0
2.939882404703812e-06,0.0
2.9498820047198114e-06,0.0
2.9598816047358107e-06,0.0
2.96988120475181e-06,0.0
2.9798808047678094e-06,0.0
2.9898804047838087e-06,0.0
2.999880004799808e-06,0.016666666666666607
3.0098796048158074e-06,0.0
3.0198792048318067e-06,0.0
3.029878804847806e-06,0.0
3.039878404863806e-06,0.0
3.049878004879805e-06,0.0
3.0598776048958045e-06,0.016666666666666607
3.069877204911804e-06,0.0
3.079876804927803e-06,0.0
3.0898764049438024e-06,0.0
3.0998760049598018e-06,0.0
3.109875604975801e-06,0.0
3.1198752049918004e-06,-0.016666666666666607
3.1298748050077998e-06,0.0
3.139874405023799e-06,0.0
3.1498740050397984e-06,0.0
3.1598736050557978e-06,0.0
3.1698732050717975e-06,0.0
3.179872805087797e-06,0.0
3.189872405103796e-06,0.0
3.1998720051197955e-06,0.0
3.209871605135795e-06,0.0
3.219871205151794e-06,0.0
3.2298708051677935e-06,0.0
3.239870405183793e-06,0.0
3.249870005199792e-06,0.0
3.2598696052157915e-06,0.0
3.269869205231791e-06,0.0
3.27986880524779e-06,0.016666666666666607
3.2898684052637895e-06,0.016666666666666607
3.2998680052797888e-06,0.016666666666666607
3.3098676052957885e-06,0.016666666666666607
3.319867205311788e-06,0.016666666666666607
3.329866805327787e-06,0.0
3.3398664053437865e-06,0.016666666666666607
3.349866005359786e-06,0.0
3.359865605375785e-06,0.0
3.3698652053917845e-06,-0.016666666666666607
3.379864805407784e-06,-0.033333333333333215
3.389864405423783e-06,-0.033333333333333215
3.3998640054397825e-06,-0.033333333333333215
3.409863605455782e-06,-0.033333333333333215
3.419863205471781e-06,-0.016666666666666607
3.4298628054877805e-06,0.0
3.4398624055037802e-06,0.016666666666666607
3.4498620055197796e-06,0.0
3.459861605535779e-06,0.0
3.4698612055517782e-06,0.016666666666666607
3.4798608055677776e-06,0.033333333333333215
3.489860405583777e-06,0.033333333333333215
3.4998600055997762e-06,0.033333333333333215
3.5098596056157755e-06,0.016666666666666607
3.519859205631775e-06,0.0
3.529858805647774e-06,-0.016666666666666607
3.5398584056637735e-06,0.0
3.549858005679773e-06,0.016666666666666607
3.559857605695772e-06,0.0
3.5698572057117715e-06,-0.033333333333333215
3.5798568057277713e-06,-0.050000000000000266
3.5898564057437706e-06,-0.033333333333333215
3.59985600575977e-06,-0.016666666666666607
3.6098556057757693e-06,0.0
3.6198552057917686e-06,0.016666666666666607
3.629854805807768e-06,0.016666666666666607
3.6398544058237672e-06,0.0
3.6498540058397666e-06,-0.016666666666666607
3.659853605855766e-06,0.0
3.6698532058717652e-06,0.016666666666666607
3.6798528058877646e-06,0.033333333333333215
3.689852405903764e-06,0.016666666666666607
3.6998520059197632e-06,0.0
3.709851605935763e-06,-0.033333333333333215
3.7198512059517623e-06,-0.033333333333333215
3.7298508059677616e-06,0.0
3.739850405983761e-06,0.0
3.7498500059997603e-06,0.0
3.7598496060157596e-06,-0.016666666666666607
3.769849206031759e-06,-0.016666666666666607
3.7798488060477583e-06,0.0
3.7898484060637576e-06,0.016666666666666607
3.799848006079757e-06,0.033333333333333215
3.8098476060957563e-06,0.016666666666666607
3.819847206111756e-06,0.0
3.829846806127755e-06,0.0
3.839846406143754e-06,0.0
3.849846006159754e-06,0.016666666666666607
3.859845606175753e-06,0.016666666666666607
3.869845206191753e-06,0.0
3.8798448062077516e-06,-0.016666666666666607
3.889844406223751e-06,-0.016666666666666607
3.89984400623975e-06,-0.033333333333333215
3.90984360625575e-06,0.0
3.91984320627175e-06,0.0
3.929842806287749e-06,0.0
3.939842406303748e-06,0.0
3.949842006319747e-06,-0.016666666666666607
3.959841606335747e-06,0.0
3.969841206351746e-06,0.016666666666666607
3.979840806367746e-06,0.033333333333333215
3.989840406383745e-06,0.016666666666666607
3.999840006399744e-06,0.0
4.009839606415743e-06,0.0
4.019839206431743e-06,-0.016666666666666607
4.029838806447742e-06,0.0
4.039838406463742e-06,0.016666666666666607
4.0498380064797414e-06,0.0
4.05983760649574e-06,0.0
4.06983720651174e-06,-0.016666666666666607
4.079836806527739e-06,-0.016666666666666607
4.089836406543739e-06,0.0
4.099836006559738e-06,0.0
4.109835606575737e-06,0.0
4.119835206591736e-06,0.016666666666666607
4.129834806607736e-06,0.0
4.139834406623735e-06,0.0
4.149834006639735e-06,0.016666666666666607
4.159833606655734e-06,0.016666666666666607
4.169833206671733e-06,0.0
4.179832806687733e-06,0.0
4.189832406703732e-06,0.0
4.199832006719732e-06,0.0
4.209831606735731e-06,0.0
4.2198312067517305e-06,0.0
4.229830806767729e-06,-0.016666666666666607
4.239830406783729e-06,-0.016666666666666607
4.249830006799728e-06,-0.016666666666666607
4.259829606815728e-06,-0.016666666666666607
4.269829206831727e-06,-0.016666666666666607
4.2798288068477264e-06,0.0
4.289828406863725e-06,0.0
4.299828006879725e-06,0.0
4.309827606895724e-06,0.0
4.319827206911724e-06,0.016666666666666607
4.3298268069277235e-06,0.016666666666666607
4.339826406943722e-06,0.033333333333333215
4.349826006959722e-06,0.016666666666666607
4.359825606975721e-06,0.0
4.369825206991721e-06,0.0
4.37982480700772e-06,0.0
4.3898244070237195e-06,0.0
4.399824007039718e-06,0.0
4.409823607055718e-06,0.0
4.419823207071717e-06,-0.016666666666666607
4.429822807087717e-06,-0.016666666666666607
4.439822407103716e-06,-0.016666666666666607
4.4498220071197154e-06,0.0
4.459821607135715e-06,-0.016666666666666607
4.469821207151714e-06,0.0
4.479820807167714e-06,0.0
4.489820407183713e-06,0.0
4.4998200071997125e-06,0.016666666666666607
4.509819607215711e-06,0.0
4.519819207231711e-06,0.016666666666666607
4.52981880724771e-06,0.016666666666666607
4.53981840726371e-06,0.016666666666666607
4.549818007279709e-06,0.0
4.5598176072957085e-06,0.0
4.569817207311707e-06,0.0
4.579816807327707e-06,0.016666666666666607
4.589816407343707e-06,0.0
4.599816007359706e-06,0.0
4.6098156073757056e-06,-0.016666666666666607
4.6198152073917045e-06,0.0
4.629814807407704e-06,0.0
4.639814407423703e-06,0.0
4.649814007439703e-06,0.0
4.659813607455702e-06,-0.016666666666666607
4.6698132074717015e-06,-0.016666666666666607
4.6798128074877004e-06,0.0
4.6898124075037e-06,0.016666666666666607
4.699812007519699e-06,0.016666666666666607
4.709811607535699e-06,0.0
4.719811207551699e-06,0.0
4.7298108075676975e-06,0.0
4.739810407583697e-06,0.0
4.749810007599696e-06,0.0
4.759809607615696e-06,0.016666666666666607
4.769809207631695e-06,0.0
4.779808807647695e-06,0.0
4.7898084076636935e-06,-0.016666666666666607
4.799808007679693e-06,-0.016666666666666607
4.809807607695692e-06,0.0
4.819807207711692e-06,0.0
4.829806807727691e-06,-0.016666666666666607
4.8398064077436906e-06,0.0
4.8498060077596895e-06,0.0
4.859805607775689e-06,0.0
4.869805207791689e-06,0.0
4.879804807807688e-06,0.0
4.889804407823688e-06,0.0
4.8998040078396865e-06,0.0
4.909803607855686e-06,0.0
4.919803207871685e-06,0.0
4.929802807887685e-06,0.016666666666666607
4.939802407903684e-06,0.0
4.949802007919684e-06,0.0
4.9598016079356825e-06,0.0
4.969801207951682e-06,-0.016666666666666607
4.979800807967681e-06,0.0
4.989800407983681e-06,-0.016666666666666607
4.999800007999681e-06,0.0
5.0097996080156796e-06,0.0
5.019799208031679e-06,0.0
5.029798808047678e-06,0.0
5.039798408063678e-06,0.0
5.049798008079677e-06,0.0
5.059797608095677e-06,0.0
5.0697972081116755e-06,0.0
5.079796808127675e-06,0.016666666666666607
5.089796408143674e-06,0.0
5.099796008159674e-06,0.016666666666666607
5.109795608175673e-06,0.0
5.119795208191673e-06,0.0
5.129794808207672e-06,0.0
5.139794408223671e-06,0.0
5.149794008239671e-06,-0.016666666666666607
5.15979360825567e-06,0.0
5.16979320827167e-06,0.0
5.179792808287669e-06,0.0
5.189792408303668e-06,0.0
5.199792008319667e-06,0.0
5.209791608335667e-06,0.0
5.219791208351666e-06,0.0
5.229790808367666e-06,0.0
5.2397904083836646e-06,0.016666666666666607
5.249790008399664e-06,0.0
5.259789608415664e-06,0.0
5.269789208431663e-06,0.0
5.279788808447663e-06,0.0
5.289788408463662e-06,0.0
5.299788008479661e-06,0.016666666666666607
5.30978760849566e-06,0.016666666666666607
5.31978720851166e-06,0.0
5.329786808527659e-06,0.0
5.339786408543659e-06,0.0
5.349786008559658e-06,-0.016666666666666607
5.359785608575657e-06,0.0
5.369785208591656e-06,0.0
5.379784808607656e-06,0.0
5.389784408623656e-06,-0.016666666666666607
5.399784008639655e-06,-0.016666666666666607
5.4097836086556544e-06,0.0
5.419783208671653e-06,0.0
5.429782808687653e-06,0.0
5.439782408703652e-06,0.0
5.449782008719652e-06,0.0
5.459781608735651e-06,0.0
5.46978120875165e-06,0.0
5.479780808767649e-06,0.016666666666666607
5.489780408783649e-06,0.0
5.499780008799648e-06,0.0
5.509779608815648e-06,0.016666666666666607
5.519779208831647e-06,0.0
5.529778808847646e-06,0.0
5.539778408863646e-06,0.016666666666666607
5.549778008879645e-06,0.016666666666666607
5.559777608895645e-06,-0.016666666666666607
5.569777208911644e-06,-0.016666666666666607
5.5797768089276435e-06,0.0
5.589776408943642e-06,0.0
5.599776008959642e-06,0.0
5.609775608975641e-06,0.0
5.619775208991641e-06,0.0
5.62977480900764e-06,0.0
5.6397744090236394e-06,0.016666666666666607
5.649774009039638e-06,0.0
5.659773609055638e-06,0.0
5.669773209071638e-06,0.0
5.679772809087637e-06,-0.016666666666666607
5.6897724091036365e-06,0.0
5.699772009119635e-06,0.0
5.709771609135635e-06,0.016666666666666607
5.719771209151634e-06,0.016666666666666607
5.729770809167634e-06,0.016666666666666607
5.739770409183633e-06,0.0
5.7497700091996325e-06,0.0
5.759769609215631e-06,0.0
5.769769209231631e-06,-0.016666666666666607
5.77976880924763e-06,0.0
5.78976840926363e-06,0.0
5.7997680092796295e-06,0.0
5.8097676092956284e-06,-0.016666666666666607
5.819767209311628e-06,0.0
5.829766809327627e-06,0.0
5.839766409343627e-06,0.0
5.849766009359626e-06,0.0
5.8597656093756255e-06,0.016666666666666607
5.869765209391624e-06,0.016666666666666607
5.879764809407624e-06,0.016666666666666607
5.889764409423623e-06,0.016666666666666607
5.899764009439623e-06,0.0
5.909763609455622e-06,0.0
5.9197632094716215e-06,0.0
5.929762809487621e-06,0.0
5.93976240950362e-06,0.0
5.94976200951962e-06,-0.016666666666666607
5.959761609535619e-06,0.0
5.9697612095516186e-06,0.0
5.9797608095676175e-06,0.0
5.989760409583617e-06,0.0
5.999760009599616e-06,0.0
6.009759609615616e-06,-0.016666666666666607
6.019759209631615e-06,-0.016666666666666607
6.0297588096476145e-06,0.0
6.0397584096636134e-06,0.0
6.049758009679613e-06,0.0
6.059757609695612e-06,0.0
6.069757209711612e-06,0.0
6.079756809727612e-06,0.016666666666666607
6.0897564097436105e-06,0.016666666666666607
6.09975600975961e-06,0.016666666666666607
6.109755609775609e-06,0.0
6.119755209791609e-06,0.016666666666666607
6.129754809807608e-06,0.0
6.139754409823608e-06,0.0
6.1497540098396065e-06,0.0
6.159753609855606e-06,0.0
6.169753209871605e-06,0.0
6.179752809887605e-06,0.0
6.189752409903604e-06,0.016666666666666607
6.1997520099196036e-06,0.0
6.209751609935603e-06,0.0
6.219751209951602e-06,0.0
6.229750809967602e-06,0.016666666666666607
6.239750409983601e-06,0.0
6.249750009999601e-06,0.0
6.2597496100155995e-06,-0.016666666666666607
6.269749210031599e-06,0.0
6.279748810047598e-06,0.0
6.289748410063598e-06,0.0
6.299748010079597e-06,0.0
6.309747610095597e-06,0.0
6.3197472101115955e-06,0.0
6.329746810127595e-06,0.0
6.339746410143595e-06,0.016666666666666607
6.349746010159594e-06,0.0
6.359745610175594e-06,0.0
6.3697452101915926e-06,0.0
6.379744810207592e-06,0.0
6.389744410223591e-06,0.0
6.399744010239591e-06,0.0
6.40974361025559e-06,0.0
6.41974321027159e-06,0.0
6.4297428102875885e-06,0.0
6.439742410303588e-06,0.0
6.449742010319587e-06,0.0
6.459741610335587e-06,0.0
6.469741210351587e-06,0.0
6.479740810367586e-06,0.0
6.489740410383585e-06,0.0
6.499740010399584e-06,0.0
6.509739610415584e-06,0.0
6.519739210431583e-06,0.0
6.529738810447583e-06,0.0
6.539738410463582e-06,0.0
6.549738010479581e-06,0.0
6.55973761049558e-06,0.0
6.56973721051158e-06,0.0
6.579736810527579e-06,0.0
6.589736410543579e-06,0.0
6.5997360105595776e-06,0.0
6.609735610575577e-06,0.0
6.619735210591577e-06,0.016666666666666607
6.629734810607576e-06,0.0
6.639734410623576e-06,0.016666666666666607
6.649734010639575e-06,0.0
6.659733610655574e-06,0.0
6.669733210671573e-06,0.0
6.679732810687573e-06,0.016666666666666607
6.689732410703572e-06,0.0
6.699732010719572e-06,0.016666666666666607
6.709731610735571e-06,0.0
6.71973121075157e-06,0.0
6.729730810767569e-06,0.0
6.739730410783569e-06,0.0
6.749730010799569e-06,0.0
6.759729610815568e-06,0.0
6.7697292108315674e-06,0.0
6.779728810847566e-06,0.0
6.789728410863566e-06,0.0
6.799728010879565e-06,0.0
6.809727610895565e-06,0.0
6.819727210911564e-06,0.0
6.829726810927563e-06,0.0
6.839726410943562e-06,0.016666666666666607
6.849726010959562e-06,0.016666666666666607
6.859725610975561e-06,0.0
6.869725210991561e-06,0.016666666666666607
6.8797248110075605e-06,0.0
6.889724411023559e-06,0.0
6.899724011039559e-06,0.0
6.909723611055558e-06,0.0
6.919723211071558e-06,0.0
6.929722811087557e-06,0.0
6.9397224111035565e-06,0.0
6.949722011119555e-06,0.0
6.959721611135555e-06,0.0
6.969721211151554e-06,0.0
6.979720811167554e-06,-0.016666666666666607
6.989720411183553e-06,-0.016666666666666607
6.9997200111995524e-06,0.0
7.009719611215552e-06,0.0
7.019719211231551e-06,0.0
7.029718811247551e-06,0.0
7.03971841126355e-06,0.016666666666666607
7.0497180112795495e-06,0.0
7.059717611295548e-06,0.0
7.069717211311548e-06,0.0
7.079716811327547e-06,0.0
7.089716411343547e-06,0.0
7.099716011359546e-06,0.0
7.1097156113755455e-06,0.0
7.119715211391544e-06,0.0
7.129714811407544e-06,0.0
7.139714411423543e-06,0.0
7.149714011439543e-06,0.0
7.1597136114555425e-06,0.0
7.1697132114715414e-06,0.0
7.179712811487541e-06,0.0
7.18971241150354e-06,0.0
7.19971201151954e-06,0.0
7.209711611535539e-06,0.0
7.2197112115515385e-06,0.0
7.229710811567537e-06,0.0
7.239710411583537e-06,0.0
7.249710011599536e-06,0.016666666666666607
7.259709611615536e-06,0.0
7.269709211631535e-06,0.0
7.2797088116475345e-06,0.016666666666666607
7.289708411663534e-06,0.016666666666666607
7.299708011679533e-06,0.0
7.309707611695533e-06,0.0
7.319707211711532e-06,0.016666666666666607
7.3297068117275316e-06,0.0
7.3397064117435305e-06,0.0
7.34970601175953e-06,0.0
7.359705611775529e-06,0.0
7.369705211791529e-06,0.0
7.379704811807528e-06,0.0
7.3897044118235275e-06,0.0
7.3997040118395264e-06,0.0
7.409703611855526e-06,0.0
7.419703211871526e-06,0.0
7.429702811887525e-06,0.0
7.439702411903525e-06,0.0
7.4497020119195235e-06,0.0
7.459701611935523e-06,0.0
7.469701211951522e-06,0.0
7.479700811967522e-06,0.0
7.489700411983521e-06,0.0
7.499700011999521e-06,0.0
7.5096996120155195e-06,0.0
7.519699212031519e-06,0.0
7.529698812047518e-06,0.0
7.539698412063518e-06,0.0
7.549698012079518e-06,0.016666666666666607
7.5596976120955166e-06,0.0
7.569697212111516e-06,0.0
7.579696812127515e-06,0.0
7.589696412143515e-06,0.016666666666666607
7.599696012159514e-06,0.0
7.609695612175514e-06,0.0
7.6196952121915125e-06,0.0
7.629694812207512e-06,0.0
7.639694412223511e-06,0.0
7.64969401223951e-06,0.0
7.65969361225551e-06,0.0
7.66969321227151e-06,-0.016666666666666607
7.679692812287509e-06,0.0
7.689692412303509e-06,0.0
7.699692012319508e-06,0.0
7.709691612335507e-06,0.0
7.719691212351506e-06,0.0
7.729690812367506e-06,0.0
7.739690412383505e-06,0.0
7.749690012399504e-06,0.0
7.759689612415503e-06,0.0
7.769689212431504e-06,0.0
7.779688812447503e-06,0.0
7.789688412463502e-06,0.016666666666666607
7.7996880124795e-06,0.016666666666666607
7.809687612495501e-06,0.0
7.8196872125115e-06,0.0
7.829686812527499e-06,0.0
7.8396864125435e-06,0.0
7.849686012559498e-06,0.0
7.859685612575497e-06,0.0
7.869685212591496e-06,0.0
7.879684812607497e-06,0.0
7.889684412623496e-06,0.0
7.899684012639495e-06,0.0
7.909683612655493e-06,0.0
7.919683212671494e-06,0.0
7.929682812687493e-06,0.0
7.939682412703492e-06,0.0
7.949682012719493e-06,0.0
7.959681612735491e-06,0.0
7.96968121275149e-06,0.0
7.97968081276749e-06,0.0
7.98968041278349e-06,0.0
7.999680012799489e-06,0.0
8.009679612815488e-06,0.0
8.019679212831487e-06,0.016666666666666607
8.029678812847487e-06,0.016666666666666607
8.039678412863486e-06,0.0
8.049678012879485e-06,0.0
8.059677612895484e-06,0.0
8.069677212911484e-06,0.0
8.079676812927483e-06,0.0
8.089676412943482e-06,0.0
8.099676012959483e-06,0.016666666666666607
8.109675612975482e-06,0.0
8.11967521299148e-06,0.0
8.12967481300748e-06,0.0
8.13967441302348e-06,0.0
8.149674013039479e-06,0.0
8.159673613055478e-06,0.0
8.169673213071477e-06,0.0
8.179672813087478e-06,0.0
8.189672413103476e-06,0.0
8.199672013119475e-06,0.0
8.209671613135474e-06,0.0
8.219671213151475e-06,0.0
8.229670813167474e-06,0.016666666666666607
8.239670413183473e-06,0.016666666666666607
8.249670013199473e-06,0.0
8.259669613215472e-06,0.016666666666666607
8.269669213231471e-06,0.0
8.27966881324747e-06,0.016666666666666607
8.28966841326347e-06,0.016666666666666607
8.29966801327947e-06,0.0
8.309667613295468e-06,0.0
8.319667213311467e-06,0.0
8.329666813327468e-06,0.0
8.339666413343467e-06,0.0
8.349666013359466e-06,0.0
8.359665613375466e-06,0.0
8.369665213391465e-06,0.0
8.379664813407464e-06,0.0
8.389664413423463e-06,0.016666666666666607
8.399664013439464e-06,0.0
8.409663613455462e-06,0.0
8.419663213471461e-06,0.0
8.42966281348746e-06,0.016666666666666607
8.439662413503461e-06,0.016666666666666607
8.44966201351946e-06,0.016666666666666607
8.459661613535459e-06,0.016666666666666607
8.469661213551458e-06,0.0
8.479660813567458e-06,0.016666666666666607
8.489660413583457e-06,0.0
8.499660013599456e-06,0.0
8.509659613615457e-06,0.0
8.519659213631456e-06,0.0
8.529658813647454e-06,0.0
8.539658413663453e-06,0.0
8.549658013679454e-06,0.016666666666666607
8.559657613695453e-06,0.0
8.569657213711452e-06,0.0
8.57965681372745e-06,0.016666666666666607
8.589656413743451e-06,0.0
8.59965601375945e-06,0.016666666666666607
8.609655613775449e-06,0.0
8.619655213791448e-06,0.0
8.629654813807449e-06,0.0
8.639654413823447e-06,0.0
8.649654013839446e-06,0.0
8.659653613855447e-06,0.0
8.669653213871446e-06,0.0
8.679652813887445e-06,0.0
8.689652413903444e-06,0.0
8.699652013919444e-06,0.0
8.709651613935443e-06,0.0
8.719651213951442e-06,0.0
8.729650813967441e-06,0.0
8.739650413983442e-06,0.0
8.74965001399944e-06,0.016666666666666607
8.75964961401544e-06,0.016666666666666607
8.76964921403144e-06,0.016666666666666607
8.779648814047439e-06,0.0
8.789648414063438e-06,0.0
8.799648014079437e-06,0.016666666666666607
8.809647614095437e-06,0.0
8.819647214111436e-06,0.0
8.829646814127435e-06,0.016666666666666607
8.839646414143434e-06,0.016666666666666607
8.849646014159435e-06,0.0
8.859645614175434e-06,0.0
8.869645214191432e-06,0.0
8.879644814207431e-06,0.0
8.889644414223432e-06,0.0
8.899644014239431e-06,0.0
8.90964361425543e-06,0.0
8.91964321427143e-06,0.0
8.92964281428743e-06,0.0
8.939642414303428e-06,0.0
8.949642014319427e-06,0.0
8.959641614335428e-06,0.0
8.969641214351427e-06,0.0
8.979640814367426e-06,0.0
8.989640414383424e-06,0.0
8.999640014399425e-06,0.016666666666666607
9.009639614415424e-06,-0.016666666666666607
9.019639214431423e-06,0.0
9.029638814447423e-06,0.0
9.039638414463422e-06,0.0
9.049638014479421e-06,0.0
9.05963761449542e-06,0.0
9.06963721451142e-06,0.0
9.07963681452742e-06,0.0
9.089636414543419e-06,0.0
9.099636014559417e-06,0.0
9.109635614575418e-06,0.0
9.119635214591417e-06,0.0
9.129634814607416e-06,0.0
9.139634414623415e-06,0.0
9.149634014639415e-06,0.0
9.159633614655414e-06,0.0
9.169633214671413e-06,0.0
9.179632814687414e-06,0.0
9.189632414703413e-06,0.0
9.199632014719412e-06,0.0
9.20963161473541e-06,0.0
9.219631214751411e-06,0.016666666666666607
9.22963081476741e-06,0.0
9.239630414783409e-06,0.0
9.249630014799408e-06,0.0
9.259629614815408e-06,0.0
9.269629214831407e-06,0.0
9.279628814847406e-06,0.0
9.289628414863405e-06,0.0
9.299628014879406e-06,0.0
9.309627614895405e-06,0.0
9.319627214911404e-06,0.0
9.329626814927404e-06,0.0
9.339626414943403e-06,0.0
9.349626014959402e-06,0.016666666666666607
9.359625614975401e-06,0.0
9.369625214991401e-06,0.0
9.3796248150074e-06,0.016666666666666607
9.3896244150234e-06,0.0
9.399624015039398e-06,0.0
9.409623615055399e-06,0.0
9.419623215071398e-06,0.0
9.429622815087397e-06,0.0
9.439622415103397e-06,0.0
9.449622015119396e-06,0.0
9.459621615135395e-06,0.0
9.469621215151394e-06,0.0
9.479620815167395e-06,0.0
9.489620415183393e-06,0.016666666666666607
9.499620015199392e-06,0.016666666666666607
9.509619615215391e-06,0.0
9.519619215231392e-06,0.016666666666666607
9.52961881524739e-06,0.0
9.53961841526339e-06,0.0
9.549618015279389e-06,0.0
9.55961761529539e-06,0.016666666666666607
9.569617215311388e-06,0.0
9.579616815327387e-06,0.016666666666666607
9.589616415343388e-06,0.0
9.599616015359386e-06,0.0
9.609615615375385e-06,0.0
9.619615215391384e-06,0.0
9.629614815407385e-06,0.0
9.639614415423384e-06,0.0
9.649614015439383e-06,0.0
9.659613615455382e-06,0.0
9.669613215471382e-06,-0.016666666666666607
9.679612815487381e-06,0.0
9.68961241550338e-06,0.0
9.699612015519379e-06,0.0
9.70961161553538e-06,0.0
9.719611215551378e-06,0.0
9.729610815567377e-06,0.0
9.739610415583378e-06,0.0
9.749610015599377e-06,0.0
9.759609615615376e-06,0.0
9.769609215631375e-06,0.0
9.779608815647375e-06,0.016666666666666607
9.789608415663374e-06,0.016666666666666607
9.799608015679373e-06,0.0
9.809607615695372e-06,0.0
9.819607215711373e-06,0.0
9.829606815727371e-06,-0.016666666666666607
9.83960641574337e-06,0.0
9.849606015759371e-06,0.016666666666666607
9.85960561577537e-06,0.0
9.869605215791369e-06,0.0
9.879604815807368e-06,0.0
9.889604415823368e-06,0.0
9.899604015839367e-06,0.016666666666666607
9.909603615855366e-06,0.0
9.919603215871365e-06,0.0
9.929602815887366e-06,0.0
9.939602415903365e-06,0.0
9.949602015919363e-06,0.0
9.959601615935362e-06,0.0
9.969601215951363e-06,0.0
9.979600815967362e-06,0.0
9.98960041598336e-06,0.0
9.999600015999361e-06,0.0
1.000959961601536e-05,0.0
1.0019599216031359e-05,0.0
1.0029598816047358e-05,0.0
1.0039598416063359e-05,0.0
1.0049598016079358e-05,0.0
1.0059597616095356e-05,0.016666666666666607
1.0069597216111355e-05,0.0
1.0079596816127356e-05,0.0
1.0089596416143355e-05,0.0
1.0099596016159354e-05,0.0
1.0109595616175354e-05,0.0
1.0119595216191353e-05,0.0
1.0129594816207352e-05,0.0
1.0139594416223351e-05,0.0
1.0149594016239352e-05,0.0
1.015959361625535e-05,0.0
1.016959321627135e-05,0.0
1.0179592816287348e-05,0.0
1.0189592416303349e-05,0.016666666666666607
1.0199592016319348e-05,0.0
1.0209591616335347e-05,0.0
1.0219591216351346e-05,0.0
1.0229590816367346e-05,0.0
1.0239590416383345e-05,0.0
1.0249590016399344e-05,0.0
1.0259589616415345e-05,0.0
1.0269589216431344e-05,0.0
1.0279588816447343e-05,0.0
1.0289588416463341e-05,0.0
1.0299588016479342e-05,0.016666666666666607
1.0309587616495341e-05,0.0
1.031958721651134e-05,0.0
1.0329586816527339e-05,0.0
1.033958641654334e-05,0.0
1.0349586016559338e-05,0.0
1.0359585616575337e-05,0.0
1.0369585216591336e-05,0.0
1.0379584816607337e-05,0.0
1.0389584416623336e-05,0.0
1.0399584016639335e-05,0.016666666666666607
1.0409583616655335e-05,0.0
1.0419583216671334e-05,0.0
1.0429582816687333e-05,0.0
1.0439582416703332e-05,0.0
1.0449582016719332e-05,0.0
1.0459581616735331e-05,0.0
1.046958121675133e-05,0.016666666666666607
1.0479580816767329e-05,0.0
1.048958041678333e-05,0.0
1.0499580016799329e-05,0.016666666666666607
1.0509579616815328e-05,0.0
1.0519579216831328e-05,0.0
1.0529578816847327e-05,0.0
1.0539578416863326e-05,0.016666666666666607
1.0549578016879325e-05,0.0
1.0559577616895325e-05,0.0
1.0569577216911324e-05,0.0
1.0579576816927323e-05,0.0
1.0589576416943322e-05,0.0
1.0599576016959323e-05,0.0
1.0609575616975322e-05,0.0
1.061957521699132e-05,0.0
1.062957481700732e-05,0.0
1.063957441702332e-05,0.0
1.0649574017039319e-05,0.0
1.0659573617055318e-05,0.0
1.0669573217071319e-05,0.0
1.0679572817087317e-05,0.0
1.0689572417103316e-05,0.0
1.0699572017119315e-05,0.0
1.0709571617135316e-05,0.0
1.0719571217151315e-05,0.0
1.0729570817167314e-05,0.016666666666666607
1.0739570417183313e-05,0.0
1.0749570017199313e-05,0.0
1.0759569617215312e-05,0.0
1.0769569217231311e-05,0.0
1.0779568817247312e-05,-0.016666666666666607
1.078956841726331e-05,-0.016666666666666607
1.079956801727931e-05,0.016666666666666607
1.0809567617295308e-05,0.016666666666666607
1.0819567217311309e-05,0.016666666666666607
1.0829566817327308e-05,-0.016666666666666607
1.0839566417343307e-05,0.0
1.0849566017359306e-05,0.0
1.0859565617375306e-05,0.016666666666666607
1.0869565217391305e-05,0.016666666666666607
1.0879564817407304e-05,0.016666666666666607
1.0889564417423303e-05,0.016666666666666607
1.0899564017439304e-05,-0.016666666666666607
1.0909563617455302e-05,-0.016666666666666607
1.0919563217471301e-05,0.0
1.0929562817487302e-05,0.0
1.09395624175033e-05,0.0
1.09495620175193e-05,0.033333333333333215
1.0959561617535299e-05,0.016666666666666607
1.09695612175513e-05,0.0
1.0979560817567298e-05,-0.016666666666666607
1.0989560417583297e-05,0.0
1.0999560017599296e-05,0.0
1.1009559617615297e-05,0.0
1.1019559217631295e-05,0.016666666666666607
1.1029558817647294e-05,0.016666666666666607
1.1039558417663293e-05,0.0
1.1049558017679294e-05,0.0
1.1059557617695293e-05,0.0
1.1069557217711292e-05,0.016666666666666607
1.1079556817727292e-05,0.0
1.1089556417743291e-05,0.0
1.109955601775929e-05,0.0
1.1109555617775289e-05,-0.016666666666666607
1.111955521779129e-05,0.0
1.1129554817807288e-05,0.0
1.1139554417823287e-05,0.0
1.1149554017839286e-05,0.0
1.1159553617855287e-05,0.0
1.1169553217871286e-05,0.0
1.1179552817887285e-05,0.0
1.1189552417903285e-05,0.0
1.1199552017919284e-05,0.0
1.1209551617935283e-05,0.016666666666666607
1.1219551217951282e-05,0.016666666666666607
1.1229550817967283e-05,0.0
1.1239550417983282e-05,0.0
1.124955001799928e-05,0.016666666666666607
1.125954961801528e-05,0.016666666666666607
1.126954921803128e-05,0.0
1.1279548818047279e-05,0.0
1.1289548418063278e-05,0.0
1.1299548018079277e-05,-0.016666666666666607
1.1309547618095277e-05,0.0
1.1319547218111276e-05,0.0
1.1329546818127275e-05,0.0
1.1339546418143276e-05,0.0
1.1349546018159275e-05,-0.016666666666666607
1.1359545618175273e-05,0.0
1.1369545218191272e-05,0.0
1.1379544818207273e-05,0.0
1.1389544418223272e-05,0.0
1.139954401823927e-05,0.0
1.140954361825527e-05,0.0
1.141954321827127e-05,0.0
1.142954281828727e-05,0.016666666666666607
1.1439542418303268e-05,0.016666666666666607
1.1449542018319267e-05,0.016666666666666607
1.1459541618335268e-05,0.0
1.1469541218351267e-05,0.0
1.1479540818367265e-05,0.0
1.1489540418383266e-05,0.016666666666666607
1.1499540018399265e-05,0.016666666666666607
1.1509539618415264e-05,0.0
1.1519539218431263e-05,0.0
1.1529538818447263e-05,0.0
1.1539538418463262e-05,0.0
1.1549538018479261e-05,0.0
1.155953761849526e-05,0.0
1.156953721851126e-05,0.0
1.157953681852726e-05,0.016666666666666607
1.1589536418543258e-05,0.0
1.1599536018559259e-05,0.0
1.1609535618575258e-05,0.0
1.1619535218591257e-05,0.0
1.1629534818607256e-05,0.016666666666666607
1.1639534418623256e-05,0.016666666666666607
1.1649534018639255e-05,0.0
1.1659533618655254e-05,0.016666666666666607
1.1669533218671253e-05,0.0
1.1679532818687254e-05,0.0
1.1689532418703253e-05,0.0
1.1699532018719252e-05,0.0
1.170953161873525e-05,0.016666666666666607
1.1719531218751251e-05,0.016666666666666607
1.172953081876725e-05,0.016666666666666607
1.1739530418783249e-05,0.0
1.174953001879925e-05,0.0
1.1759529618815248e-05,0.016666666666666607
1.1769529218831247e-05,0.0
1.1779528818847246e-05,0.0
1.1789528418863247e-05,0.0
1.1799528018879246e-05,0.0
1.1809527618895245e-05,0.0
1.1819527218911243e-05,0.0
1.1829526818927244e-05,0.0
1.1839526418943243e-05,0.0
1.1849526018959242e-05,0.0
1.1859525618975242e-05,0.0
1.1869525218991241e-05,0.0
1.187952481900724e-05,0.0
1.188952441902324e-05,0.0
1.189952401903924e-05,0.0
1.1909523619055239e-05,0.0
1.1919523219071238e-05,0.016666666666666607
1.1929522819087237e-05,0.0
1.1939522419103237e-05,0.0
1.1949522019119236e-05,0.0
1.1959521619135235e-05,0.0
1.1969521219151234e-05,0.0
1.1979520819167234e-05,0.016666666666666607
1.1989520419183233e-05,0.0
1.1999520019199232e-05,0.0
1.2009519619215233e-05,0.016666666666666607
1.2019519219231232e-05,0.0
1.202951881924723e-05,0.0
1.203951841926323e-05,0.0
1.204951801927923e-05,0.0
1.2059517619295229e-05,0.0
1.2069517219311228e-05,0.0
1.2079516819327227e-05,0.0
1.2089516419343227e-05,0.0
1.2099516019359226e-05,0.016666666666666607
1.2109515619375225e-05,0.0
1.2119515219391224e-05,0.0
1.2129514819407225e-05,0.0
1.2139514419423224e-05,0.0
1.2149514019439223e-05,0.0
1.2159513619455223e-05,0.0
1.2169513219471222e-05,0.0
1.2179512819487221e-05,0.0
1.218951241950322e-05,0.0
1.219951201951922e-05,0.0
1.220951161953522e-05,0.0
1.2219511219551218e-05,0.0
1.2229510819567217e-05,0.0
1.2239510419583218e-05,0.0
1.2249510019599217e-05,0.0
1.2259509619615216e-05,0.016666666666666607
1.2269509219631216e-05,0.0
1.2279508819647215e-05,0.0
1.2289508419663214e-05,0.016666666666666607
1.2299508019679213e-05,0.0
1.2309507619695214e-05,0.0
1.2319507219711212e-05,0.0
1.2329506819727211e-05,0.0
1.233950641974321e-05,0.0
1.2349506019759211e-05,0.0
1.235950561977521e-05,0.0
1.2369505219791209e-05,0.0
1.2379504819807208e-05,0.0
1.2389504419823208e-05,0.0
1.2399504019839207e-05,0.0
1.2409503619855206e-05,0.0
1.2419503219871207e-05,0.0
1.2429502819887206e-05,0.0
1.2439502419903204e-05,0.0
1.2449502019919203e-05,0.0
1.2459501619935204e-05,0.0
1.2469501219951203e-05,0.0
1.2479500819967202e-05,0.0
1.24895004199832e-05,0.0
1.2499500019999201e-05,0.016666666666666607
1.25094996200152e-05,0.0
1.2519499220031199e-05,0.016666666666666607
1.2529498820047198e-05,0.0
1.2539498420063199e-05,0.0
1.2549498020079197e-05,0.0
1.2559497620095196e-05,0.0
1.2569497220111197e-05,0.0
1.2579496820127196e-05,0.0
1.2589496420143195e-05,0.016666666666666607
1.2599496020159194e-05,0.0
1.2609495620175194e-05,0.0
1.2619495220191193e-05,0.0
1.2629494820207192e-05,0.0
1.2639494420223191e-05,0.0
1.2649494020239192e-05,0.0
1.265949362025519e-05,0.0
1.266949322027119e-05,0.0
1.267949282028719e-05,0.0
1.2689492420303189e-05,0.0
1.2699492020319188e-05,0.016666666666666607
1.2709491620335187e-05,0.0
1.2719491220351187e-05,0.016666666666666607
1.2729490820367186e-05,0.016666666666666607
1.2739490420383185e-05,0.0
1.2749490020399184e-05,0.0
1.2759489620415185e-05,0.0
1.2769489220431184e-05,0.0
1.2779488820447182e-05,0.0
1.2789488420463181e-05,0.0
1.2799488020479182e-05,0.0
1.2809487620495181e-05,0.0
1.281948722051118e-05,0.0
1.282948682052718e-05,0.0
1.283948642054318e-05,0.0
1.2849486020559178e-05,0.0
1.2859485620575177e-05,0.0
1.2869485220591178e-05,0.0
1.2879484820607177e-05,0.0
1.2889484420623176e-05,0.0
1.2899484020639174e-05,0.0
1.2909483620655175e-05,0.0
1.2919483220671174e-05,0.0
1.2929482820687173e-05,0.0
1.2939482420703173e-05,0.0
1.2949482020719172e-05,0.0
1.2959481620735171e-05,0.0
1.296948122075117e-05,0.0
1.297948082076717e-05,0.0
1.298948042078317e-05,0.0
1.2999480020799169e-05,0.0
1.3009479620815167e-05,0.0
1.3019479220831168e-05,0.0
1.3029478820847167e-05,0.0
1.3039478420863166e-05,0.0
1.3049478020879165e-05,0.0
1.3059477620895165e-05,0.0
1.3069477220911164e-05,0.0
1.3079476820927163e-05,0.0
1.3089476420943164e-05,0.0
1.3099476020959163e-05,0.0
1.3109475620975162e-05,0.0
1.311947522099116e-05,0.0
1.3129474821007161e-05,0.0
1.313947442102316e-05,0.0
1.3149474021039159e-05,0.0
1.3159473621055158e-05,0.0
1.3169473221071158e-05,0.0
1.3179472821087157e-05,0.016666666666666607
1.3189472421103156e-05,0.0
1.3199472021119155e-05,0.0
1.3209471621135156e-05,0.0
1.3219471221151155e-05,0.0
1.3229470821167154e-05,0.0
1.3239470421183154e-05,0.0
1.3249470021199153e-05,0.0
1.3259469621215152e-05,0.0
1.3269469221231151e-05,0.0
1.3279468821247151e-05,0.0
1.328946842126315e-05,0.0
1.329946802127915e-05,0.0
1.3309467621295148e-05,-0.016666666666666607
1.3319467221311149e-05,0.0
1.3329466821327148e-05,0.0
1.3339466421343147e-05,0.0
1.3349466021359147e-05,0.016666666666666607
1.3359465621375146e-05,0.016666666666666607
1.3369465221391145e-05,0.0
1.3379464821407144e-05,0.0
1.3389464421423145e-05,0.0
1.3399464021439143e-05,0.0
1.3409463621455142e-05,0.0
1.3419463221471141e-05,0.0
1.3429462821487142e-05,0.0
1.343946242150314e-05,0.0
1.344946202151914e-05,0.0
1.3459461621535139e-05,0.0
1.3469461221551139e-05,0.0
1.3479460821567138e-05,0.016666666666666607
1.3489460421583137e-05,0.016666666666666607
1.3499460021599138e-05,0.0
1.3509459621615136e-05,0.0
1.3519459221631135e-05,0.0
1.3529458821647134e-05,0.0
1.3539458421663135e-05,0.0
1.3549458021679134e-05,0.0
1.3559457621695133e-05,0.0
1.3569457221711132e-05,0.0
1.3579456821727132e-05,0.0
1.3589456421743131e-05,0.0
1.359945602175913e-05,0.0
1.360945562177513e-05,0.0
1.361945522179113e-05,0.016666666666666607
1.3629454821807128e-05,0.0
1.3639454421823127e-05,0.0
1.3649454021839128e-05,0.0
1.3659453621855127e-05,0.0
1.3669453221871126e-05,0.0
1.3679452821887125e-05,0.0
1.3689452421903125e-05,0.0
1.3699452021919124e-05,0.0
1.3709451621935123e-05,0.0
1.3719451221951122e-05,0.0
1.3729450821967123e-05,0.0
1.3739450421983121e-05,0.0
1.374945002199912e-05,0.0
1.3759449622015121e-05,0.0
1.376944922203112e-05,0.0
1.3779448822047119e-05,0.016666666666666607
1.3789448422063118e-05,0.0
1.3799448022079118e-05,0.0
1.3809447622095117e-05,0.0
1.3819447222111116e-05,0.016666666666666607
1.3829446822127115e-05,0.0
1.3839446422143116e-05,0.0
1.3849446022159114e-05,0.0
1.3859445622175113e-05,0.016666666666666607
1.3869445222191112e-05,0.0
1.3879444822207113e-05,0.0
1.3889444422223112e-05,0.0
1.389944402223911e-05,0.0
1.3909443622255111e-05,0.0
1.391944322227111e-05,0.0
1.3929442822287109e-05,0.0
1.3939442422303108e-05,0.0
1.3949442022319109e-05,0.0
1.3959441622335108e-05,0.0
1.3969441222351106e-05,0.0
1.3979440822367105e-05,0.0
1.3989440422383106e-05,0.016666666666666607
1.3999440022399105e-05,0.0
1.4009439622415104e-05,0.0
1.4019439222431104e-05,0.0
1.4029438822447103e-05,0.016666666666666607
1.4039438422463102e-05,0.0
1.4049438022479101e-05,0.0
1.4059437622495102e-05,0.0
1.40694372225111e-05,0.0
1.40794368225271e-05,0.0
1.4089436422543098e-05,0.0
1.4099436022559099e-05,0.0
1.4109435622575098e-05,0.0
1.4119435222591097e-05,0.0
1.4129434822607096e-05,0.0
1.4139434422623096e-05,0.0
1.4149434022639095e-05,0.0
1.4159433622655094e-05,0.0
1.4169433222671095e-05,0.0
1.4179432822687094e-05,0.0
1.4189432422703093e-05,0.0
1.4199432022719091e-05,0.0
1.4209431622735092e-05,0.0
1.4219431222751091e-05,0.0
1.422943082276709e-05,0.0
1.4239430422783089e-05,0.0
1.424943002279909e-05,0.016666666666666607
1.4259429622815088e-05,0.0
1.4269429222831087e-05,0.0
1.4279428822847086e-05,0.016666666666666607
1.4289428422863087e-05,0.016666666666666607
1.4299428022879086e-05,0.0
1.4309427622895084e-05,0.0
1.4319427222911085e-05,0.0
1.4329426822927084e-05,0.0
1.4339426422943083e-05,0.0
1.4349426022959082e-05,0.0
1.4359425622975082e-05,0.0
1.4369425222991081e-05,-0.016666666666666607
1.437942482300708e-05,0.0
1.4389424423023079e-05,0.0
1.439942402303908e-05,0.0
1.4409423623055079e-05,0.0
1.4419423223071078e-05,0.0
1.4429422823087078e-05,0.0
1.4439422423103077e-05,0.0
1.4449422023119076e-05,0.016666666666666607
1.4459421623135075e-05,0.0
1.4469421223151075e-05,0.0
1.4479420823167074e-05,0.0
1.4489420423183073e-05,0.0
1.4499420023199072e-05,0.0
1.4509419623215073e-05,0.0
1.4519419223231072e-05,0.0
1.452941882324707e-05,0.0
1.453941842326307e-05,0.0
1.454941802327907e-05,0.0
1.4559417623295069e-05,0.0
1.4569417223311068e-05,0.0
1.4579416823327068e-05,0.0
1.4589416423343067e-05,-0.016666666666666607
1.4599416023359066e-05,0.0
1.4609415623375065e-05,0.0
1.4619415223391066e-05,0.0
1.4629414823407065e-05,0.0
1.4639414423423064e-05,0.0
1.4649414023439063e-05,0.0
1.4659413623455063e-05,0.0
1.4669413223471062e-05,0.0
1.4679412823487061e-05,0.0
1.4689412423503062e-05,0.0
1.469941202351906e-05,0.0
1.470941162353506e-05,0.0
1.4719411223551058e-05,0.0
1.4729410823567059e-05,0.0
1.4739410423583058e-05,0.0
1.4749410023599057e-05,0.016666666666666607
1.4759409623615056e-05,0.0
1.4769409223631056e-05,0.016666666666666607
1.4779408823647055e-05,0.0
1.4789408423663054e-05,0.0
1.4799408023679053e-05,0.0
1.4809407623695053e-05,0.0
1.4819407223711052e-05,0.016666666666666607
1.4829406823727051e-05,0.0
1.4839406423743052e-05,0.0
1.484940602375905e-05,0.0
1.485940562377505e-05,0.0
1.4869405223791049e-05,0.0
1.487940482380705e-05,0.016666666666666607
1.4889404423823048e-05,0.0
1.4899404023839047e-05,0.0
1.4909403623855046e-05,0.0
1.4919403223871047e-05,0.0
1.4929402823887045e-05,0.0
1.4939402423903044e-05,0.0
1.4949402023919043e-05,0.0
1.4959401623935044e-05,0.016666666666666607
1.4969401223951043e-05,0.0
1.4979400823967042e-05,0.0
1.4989400423983042e-05,0.0
1.4999400023999041e-05,0.0
1.500939962401504e-05,0.0
1.5019399224031039e-05,0.0
1.502939882404704e-05,0.016666666666666607
1.5039398424063038e-05,0.0
1.5049398024079037e-05,0.0
1.5059397624095036e-05,0.0
1.5069397224111037e-05,0.0
1.5079396824127036e-05,0.0
1.5089396424143035e-05,0.0
1.5099396024159035e-05,0.0
1.5109395624175034e-05,0.0
1.5119395224191033e-05,0.0
1.5129394824207032e-05,0.016666666666666607
1.5139394424223033e-05,0.0
1.5149394024239032e-05,0.0
1.515939362425503e-05,0.0
1.516939322427103e-05,0.0
1.517939282428703e-05,0.0
1.5189392424303029e-05,0.0
1.5199392024319028e-05,0.0
1.5209391624335027e-05,0.0
1.5219391224351027e-05,0.0
1.5229390824367026e-05,0.0
1.5239390424383025e-05,0.0
1.5249390024399026e-05,0.0
1.5259389624415025e-05,0.016666666666666607
1.5269389224431025e-05,0.0
1.5279388824447022e-05,0.016666666666666607
1.5289388424463023e-05,0.0
1.529938802447902e-05,0.0
1.530938762449502e-05,0.0
1.531938722451102e-05,0.0
1.532938682452702e-05,0.0
1.533938642454302e-05,0.0
1.534938602455902e-05,0.0
1.5359385624575017e-05,0.0
1.5369385224591018e-05,0.0
1.5379384824607018e-05,0.0
1.5389384424623015e-05,0.0
1.5399384024639016e-05,0.0
1.5409383624655013e-05,0.0
1.5419383224671014e-05,0.0
1.5429382824687014e-05,0.0
1.543938242470301e-05,0.0
1.5449382024719012e-05,-0.016666666666666607
1.5459381624735013e-05,0.0
1.546938122475101e-05,0.0
1.547938082476701e-05,0.0
1.5489380424783008e-05,0.0
1.549938002479901e-05,0.0
1.550937962481501e-05,0.0
1.5519379224831006e-05,0.0
1.5529378824847007e-05,0.0
1.5539378424863007e-05,0.0
1.5549378024879005e-05,0.0
1.5559377624895005e-05,0.0
1.5569377224911006e-05,0.0
1.5579376824927003e-05,0.0
1.5589376424943004e-05,0.0
1.5599376024959e-05,0.0
1.5609375624975e-05,0.0
1.5619375224991002e-05,0.0
1.5629374825007e-05,0.0
1.5639374425023e-05,0.0
1.5649374025039e-05,0.016666666666666607
1.5659373625054998e-05,0.0
1.5669373225071e-05,0.0
1.5679372825087e-05,0.0
1.5689372425102996e-05,0.0
1.5699372025118997e-05,0.0
1.5709371625134994e-05,0.0
1.5719371225150995e-05,0.0
1.5729370825166995e-05,0.0
1.5739370425182992e-05,0.0
1.5749370025198993e-05,0.0
1.5759369625214994e-05,0.0
1.576936922523099e-05,0.0
1.577936882524699e-05,0.0
1.5789368425262992e-05,0.0
1.579936802527899e-05,0.0
1.580936762529499e-05,0.0
1.5819367225310987e-05,0.0
1.5829366825326988e-05,0.0
1.5839366425342988e-05,0.0
1.5849366025358985e-05,-0.016666666666666607
1.5859365625374986e-05,0.0
1.5869365225390987e-05,0.0
1.5879364825406984e-05,0.0
1.5889364425422984e-05,0.0
1.5899364025438985e-05,0.0
1.5909363625454982e-05,0.0
1.5919363225470983e-05,0.0
1.592936282548698e-05,0.0
1.593936242550298e-05,0.0
1.594936202551898e-05,0.0
1.595936162553498e-05,0.0
1.596936122555098e-05,0.0
1.597936082556698e-05,0.016666666666666607
1.5989360425582977e-05,0.0
1.5999360025598977e-05,0.0
1.6009359625614975e-05,0.0
1.6019359225630975e-05,0.0
1.6029358825646976e-05,0.0
1.6039358425662973e-05,0.016666666666666607
1.6049358025678974e-05,0.016666666666666607
1.6059357625694974e-05,0.0
1.606935722571097e-05,0.0
1.6079356825726972e-05,0.0
1.6089356425742973e-05,0.0
1.609935602575897e-05,0.0
1.610935562577497e-05,0.0
1.6119355225790968e-05,0.0
1.612935482580697e-05,0.0
1.613935442582297e-05,0.0
1.6149354025838966e-05,0.0
1.6159353625854967e-05,0.0
1.6169353225870967e-05,-0.016666666666666607
1.6179352825886965e-05,0.0
1.6189352425902965e-05,0.0
1.6199352025918966e-05,0.0
1.6209351625934963e-05,0.0
1.6219351225950964e-05,0.0
1.622935082596696e-05,0.0
1.623935042598296e-05,0.0
1.6249350025998962e-05,0.0
1.625934962601496e-05,0.0
1.626934922603096e-05,0.016666666666666607
1.627934882604696e-05,0.0
1.6289348426062958e-05,0.0
1.6299348026078958e-05,0.0
1.630934762609496e-05,0.0
1.6319347226110956e-05,0.0
1.6329346826126957e-05,0.0
1.6339346426142954e-05,0.0
1.6349346026158954e-05,0.0
1.6359345626174955e-05,0.0
1.6369345226190952e-05,0.0
1.6379344826206953e-05,0.0
1.6389344426222953e-05,0.016666666666666607
1.639934402623895e-05,0.0
1.640934362625495e-05,0.0
1.641934322627095e-05,0.016666666666666607
1.642934282628695e-05,0.0
1.643934242630295e-05,0.016666666666666607
1.6449342026318947e-05,0.0
1.6459341626334947e-05,0.0
1.6469341226350948e-05,0.0
1.6479340826366945e-05,0.0
1.6489340426382946e-05,0.0
1.6499340026398946e-05,0.0
1.6509339626414944e-05,0.0
1.6519339226430944e-05,0.0
1.652933882644694e-05,0.0
1.6539338426462942e-05,0.0
1.6549338026478943e-05,0.0
1.655933762649494e-05,0.0
1.656933722651094e-05,0.0
1.657933682652694e-05,0.0
1.6589336426542938e-05,0.0
1.659933602655894e-05,0.0
1.660933562657494e-05,0.0
1.6619335226590937e-05,0.0
1.6629334826606937e-05,0.016666666666666607
1.6639334426622935e-05,0.0
1.6649334026638935e-05,0.0
1.6659333626654936e-05,0.0
1.6669333226670933e-05,0.0
1.6679332826686934e-05,0.0
1.6689332426702934e-05,0.0
1.669933202671893e-05,0.0
1.6709331626734932e-05,0.0
1.6719331226750933e-05,0.0
1.672933082676693e-05,0.0
1.673933042678293e-05,0.0
1.6749330026798928e-05,0.0
1.6759329626814928e-05,0.0
1.676932922683093e-05,0.0
1.6779328826846926e-05,0.0
1.6789328426862927e-05,0.0
1.6799328026878927e-05,0.0
1.6809327626894924e-05,0.0
1.6819327226910925e-05,0.016666666666666607
1.6829326826926922e-05,0.0
1.6839326426942923e-05,0.0
1.6849326026958923e-05,0.0
1.685932562697492e-05,0.0
1.686932522699092e-05,0.0
1.6879324827006922e-05,0.0
1.688932442702292e-05,0.016666666666666607
1.689932402703892e-05,0.0
1.690932362705492e-05,0.0
1.6919323227070917e-05,0.0
1.6929322827086918e-05,0.0
1.6939322427102915e-05,0.0
1.6949322027118916e-05,0.0
1.6959321627134916e-05,0.0
1.6969321227150914e-05,0.0
1.6979320827166914e-05,0.016666666666666607
1.6989320427182915e-05,0.0
1.6999320027198912e-05,0.016666666666666607
1.7009319627214913e-05,0.016666666666666607
1.7019319227230913e-05,0.016666666666666607
1.702931882724691e-05,0.016666666666666607
1.703931842726291e-05,0.0
1.7049318027278908e-05,0.0
1.705931762729491e-05,0.0
1.706931722731091e-05,0.0
1.7079316827326907e-05,0.0
1.7089316427342907e-05,0.0
1.7099316027358908e-05,0.0
1.7109315627374905e-05,0.0
1.7119315227390906e-05,0.0
1.7129314827406906e-05,0.0
1.7139314427422904e-05,0.0
1.7149314027438904e-05,0.0
1.71593136274549e-05,0.0
1.7169313227470902e-05,0.0
1.7179312827486903e-05,0.016666666666666607
1.71893124275029e-05,0.0
1.71993120275189e-05,0.0
1.72093116275349e-05,0.0
1.7219311227550898e-05,0.0
1.72293108275669e-05,0.016666666666666607
1.7239310427582896e-05,0.016666666666666607
1.7249310027598897e-05,0.0
1.7259309627614897e-05,0.0
1.7269309227630894e-05,0.0
1.7279308827646895e-05,0.0
1.7289308427662896e-05,0.0
1.7299308027678893e-05,0.0
1.7309307627694893e-05,0.0
1.7319307227710894e-05,0.0
1.732930682772689e-05,0.0
1.7339306427742892e-05,0.0
1.734930602775889e-05,0.0
1.735930562777489e-05,0.0
1.736930522779089e-05,0.0
1.7379304827806887e-05,0.0
1.7389304427822888e-05,0.0
1.739930402783889e-05,0.0
1.7409303627854886e-05,0.016666666666666607
1.7419303227870886e-05,0.0
1.7429302827886887e-05,0.0
1.7439302427902884e-05,0.0
1.7449302027918885e-05,0.016666666666666607
1.7459301627934882e-05,0.0
1.7469301227950883e-05,0.016666666666666607
1.7479300827966883e-05,0.0
1.748930042798288e-05,0.0
1.749930002799888e-05,0.0
1.750929962801488e-05,0.0
1.751929922803088e-05,0.0
1.752929882804688e-05,0.0
1.753929842806288e-05,0.0
1.7549298028078877e-05,-0.016666666666666607
1.7559297628094878e-05,0.0
1.7569297228110875e-05,-0.016666666666666607
1.7579296828126876e-05,0.0
1.7589296428142876e-05,0.0
1.7599296028158874e-05,0.016666666666666607
1.7609295628174874e-05,0.0
1.7619295228190875e-05,0.0
1.7629294828206872e-05,0.0
1.7639294428222873e-05,0.0
1.764929402823887e-05,0.0
1.765929362825487e-05,0.0
1.766929322827087e-05,0.0
1.7679292828286868e-05,0.0
1.768929242830287e-05,0.016666666666666607
1.769929202831887e-05,0.016666666666666607
1.7709291628334867e-05,0.0
1.7719291228350867e-05,0.0
1.7729290828366868e-05,0.0
1.7739290428382865e-05,0.0
1.7749290028398866e-05,0.016666666666666607
1.7759289628414863e-05,0.0
1.7769289228430863e-05,0.0
1.7779288828446864e-05,0.0
1.778928842846286e-05,0.0
1.7799288028478862e-05,0.0
1.7809287628494862e-05,0.0
1.781928722851086e-05,0.0
1.782928682852686e-05,0.0
1.783928642854286e-05,0.0
1.7849286028558858e-05,0.0
1.785928562857486e-05,0.0
1.7869285228590856e-05,0.0
1.7879284828606856e-05,0.0
1.7889284428622857e-05,0.016666666666666607
1.7899284028638854e-05,0.0
1.7909283628654855e-05,0.0
1.7919283228670855e-05,0.0
1.7929282828686853e-05,0.0
1.7939282428702853e-05,0.0
1.7949282028718854e-05,0.0
1.795928162873485e-05,0.016666666666666607
1.796928122875085e-05,0.0
1.797928082876685e-05,0.0
1.798928042878285e-05,0.016666666666666607
1.799928002879885e-05,0.0
1.8009279628814847e-05,0.0
1.8019279228830848e-05,0.0
1.802927882884685e-05,0.0
1.8039278428862846e-05,0.0
1.8049278028878846e-05,0.0
1.8059277628894847e-05,0.0
1.8069277228910844e-05,0.0
1.8079276828926845e-05,0.0
1.8089276428942842e-05,0.0
1.8099276028958843e-05,0.0
1.8109275628974843e-05,-0.016666666666666607
1.811927522899084e-05,0.0
1.812927482900684e-05,0.0
1.813927442902284e-05,0.0
1.814927402903884e-05,0.0
1.815927362905484e-05,0.0
1.8169273229070837e-05,0.0
1.8179272829086837e-05,0.0
1.8189272429102838e-05,0.0
1.8199272029118835e-05,0.0
1.8209271629134836e-05,0.016666666666666607
1.8219271229150836e-05,0.0
1.8229270829166833e-05,0.0
1.8239270429182834e-05,0.0
1.8249270029198835e-05,0.0
1.8259269629214832e-05,0.0
1.8269269229230832e-05,0.0
1.827926882924683e-05,0.0
1.828926842926283e-05,0.0
1.829926802927883e-05,0.0
1.8309267629294828e-05,0.0
1.831926722931083e-05,0.0
1.832926682932683e-05,0.0
1.8339266429342826e-05,0.0
1.8349266029358827e-05,0.0
1.8359265629374828e-05,0.0
1.8369265229390825e-05,0.0
1.8379264829406825e-05,0.0
1.8389264429422823e-05,0.0
1.8399264029438823e-05,0.0
1.8409263629454824e-05,0.016666666666666607
1.841926322947082e-05,0.0
1.842926282948682e-05,0.0
1.8439262429502822e-05,0.016666666666666607
1.844926202951882e-05,0.0
1.845926162953482e-05,0.0
1.846926122955082e-05,0.0
1.8479260829566818e-05,0.0
1.848926042958282e-05,0.0
1.8499260029598816e-05,0.0
1.8509259629614816e-05,0.016666666666666607
1.8519259229630817e-05,0.0
1.8529258829646814e-05,0.0
1.8539258429662815e-05,0.0
1.8549258029678815e-05,0.0
1.8559257629694812e-05,0.0
1.8569257229710813e-05,0.0
1.857925682972681e-05,0.016666666666666607
1.858925642974281e-05,-0.016666666666666607
1.859925602975881e-05,0.016666666666666607
1.860925562977481e-05,0.0
1.861925522979081e-05,0.0
1.862925482980681e-05,0.0
1.8639254429822807e-05,0.0
1.8649254029838808e-05,0.0
1.865925362985481e-05,0.0
1.8669253229870806e-05,0.0
1.8679252829886806e-05,0.0
1.8689252429902803e-05,0.0
1.8699252029918804e-05,0.0
1.8709251629934805e-05,0.0
1.8719251229950802e-05,0.0
1.8729250829966802e-05,0.0
1.8739250429982803e-05,0.0
1.87492500299988e-05,0.0
1.87592496300148e-05,0.0
1.87692492300308e-05,0.0
1.87792488300468e-05,0.0
1.87892484300628e-05,0.0
1.8799248030078796e-05,0.0
1.8809247630094797e-05,0.0
1.8819247230110798e-05,0.0
1.8829246830126795e-05,0.0
1.8839246430142795e-05,0.0
1.8849246030158796e-05,0.0
1.8859245630174793e-05,0.0
1.8869245230190794e-05,0.0
1.8879244830206794e-05,0.016666666666666607
1.888924443022279e-05,0.0
1.8899244030238792e-05,0.0
1.890924363025479e-05,0.0
1.891924323027079e-05,0.0
1.892924283028679e-05,0.0
1.8939242430302788e-05,0.0
1.894924203031879e-05,0.0
1.895924163033479e-05,0.0
1.8969241230350786e-05,0.0
1.8979240830366787e-05,0.0
1.8989240430382784e-05,0.0
1.8999240030398785e-05,0.0
1.9009239630414785e-05,0.0
1.9019239230430782e-05,0.0
1.9029238830446783e-05,0.0
1.9039238430462784e-05,0.0
1.904923803047878e-05,0.0
1.905923763049478e-05,0.0
1.9069237230510782e-05,0.0
1.907923683052678e-05,0.0
1.908923643054278e-05,0.016666666666666607
1.9099236030558777e-05,0.016666666666666607
1.9109235630574778e-05,0.0
1.911923523059078e-05,0.0
1.9129234830606776e-05,0.0
1.9139234430622776e-05,0.0
1.9149234030638777e-05,0.016666666666666607
1.9159233630654774e-05,0.0
1.9169233230670775e-05,0.0
1.9179232830686775e-05,0.016666666666666607
1.9189232430702772e-05,0.0
1.9199232030718773e-05,0.016666666666666607
1.920923163073477e-05,0.0
1.921923123075077e-05,0.0
1.922923083076677e-05,0.0
1.923923043078277e-05,0.0
1.924923003079877e-05,0.0
1.925922963081477e-05,0.0
1.9269229230830767e-05,0.0
1.9279228830846768e-05,0.0
1.9289228430862768e-05,0.0
1.9299228030878765e-05,0.0
1.9309227630894766e-05,0.0
1.9319227230910763e-05,0.0
1.9329226830926764e-05,0.0
1.9339226430942764e-05,0.0
1.934922603095876e-05,0.0
1.9359225630974762e-05,0.0
1.9369225230990763e-05,0.0
1.937922483100676e-05,0.0
1.938922443102276e-05,0.0
1.9399224031038758e-05,0.0
1.940922363105476e-05,0.0
1.941922323107076e-05,0.0
1.9429222831086756e-05,0.0
1.9439222431102757e-05,-0.016666666666666607
1.9449222031118757e-05,0.0
1.9459221631134755e-05,0.016666666666666607
1.9469221231150755e-05,0.0
1.9479220831166756e-05,0.0
1.9489220431182753e-05,0.0
1.9499220031198754e-05,0.0
1.950921963121475e-05,0.0
1.951921923123075e-05,0.016666666666666607
1.9529218831246752e-05,0.0
1.953921843126275e-05,0.0
1.954921803127875e-05,0.0
1.955921763129475e-05,0.0
1.9569217231310748e-05,0.0
1.957921683132675e-05,0.016666666666666607
1.958921643134275e-05,0.0
1.9599216031358746e-05,0.0
1.9609215631374747e-05,0.0
1.9619215231390744e-05,0.0
1.9629214831406745e-05,0.0
1.9639214431422745e-05,0.0
1.9649214031438742e-05,0.0
1.9659213631454743e-05,0.0
1.9669213231470744e-05,0.0
1.967921283148674e-05,0.0
1.968921243150274e-05,0.0
1.9699212031518742e-05,0.0
1.970921163153474e-05,0.0
1.971921123155074e-05,0.0
1.9729210831566737e-05,0.0
1.9739210431582738e-05,0.0
1.9749210031598738e-05,0.0
1.9759209631614735e-05,0.0
1.9769209231630736e-05,0.0
1.9779208831646737e-05,0.0
1.9789208431662734e-05,0.0
1.9799208031678734e-05,0.0
1.9809207631694735e-05,0.0
1.9819207231710732e-05,0.016666666666666607
1.9829206831726733e-05,0.0
1.983920643174273e-05,0.016666666666666607
1.984920603175873e-05,0.0
1.985920563177473e-05,0.0
1.986920523179073e-05,0.0
1.987920483180673e-05,0.0
1.988920443182273e-05,0.0
1.9899204031838727e-05,0.0
1.9909203631854727e-05,0.0
1.9919203231870725e-05,0.0
1.9929202831886725e-05,0.0
1.9939202431902726e-05,0.0
1.9949202031918723e-05,0.0
1.9959201631934724e-05,0.0
1.9969201231950724e-05,0.0
1.997920083196672e-05,0.0
1.9989200431982722e-05,0.0
1.9999200031998723e-05,0.0
2.000919963201472e-05,0.0
2.001919923203072e-05,0.0
2.0029198832046718e-05,0.0
2.0039198432062718e-05,0.0
2.004919803207872e-05,0.0
2.0059197632094716e-05,0.0
2.0069197232110717e-05,0.0
2.0079196832126717e-05,0.0
2.0089196432142715e-05,-0.016666666666666607
2.0099196032158715e-05,-0.016666666666666607
2.0109195632174716e-05,-0.016666666666666607
2.0119195232190713e-05,0.0
2.0129194832206714e-05,0.0
2.013919443222271e-05,0.016666666666666607
2.014919403223871e-05,0.016666666666666607
2.0159193632254712e-05,0.016666666666666607
2.016919323227071e-05,0.0
2.017919283228671e-05,0.0
2.018919243230271e-05,0.0
2.0199192032318708e-05,0.016666666666666607
2.0209191632334708e-05,0.016666666666666607
2.021919123235071e-05,0.0
2.0229190832366706e-05,0.0
2.0239190432382707e-05,-0.016666666666666607
2.0249190032398704e-05,0.0
2.0259189632414704e-05,-0.016666666666666607
2.0269189232430705e-05,0.0
2.0279188832446702e-05,0.0
2.0289188432462703e-05,0.0
2.0299188032478703e-05,0.0
2.03091876324947e-05,0.0
2.03191872325107e-05,0.0
2.03291868325267e-05,0.016666666666666607
2.03391864325427e-05,0.016666666666666607
2.03491860325587e-05,0.0
2.0359185632574697e-05,0.016666666666666607
2.0369185232590697e-05,0.0
2.0379184832606698e-05,0.016666666666666607
2.0389184432622695e-05,-0.016666666666666607
2.0399184032638696e-05,0.0
2.0409183632654696e-05,0.0
2.0419183232670694e-05,0.0
2.0429182832686694e-05,0.0
2.043918243270269e-05,-0.016666666666666607
2.0449182032718692e-05,0.0
2.0459181632734693e-05,0.0
2.046918123275069e-05,0.0
2.047918083276669e-05,0.0
2.048918043278269e-05,0.0
2.0499180032798688e-05,0.0
2.050917963281469e-05,0.0
2.051917923283069e-05,0.0
2.0529178832846687e-05,0.0
2.0539178432862687e-05,0.0
2.0549178032878685e-05,0.0
2.0559177632894685e-05,0.0
2.0569177232910686e-05,0.0
2.0579176832926683e-05,0.016666666666666607
2.0589176432942684e-05,0.0
2.0599176032958684e-05,0.0
2.060917563297468e-05,0.0
2.0619175232990682e-05,0.0
2.0629174833006683e-05,0.0
2.063917443302268e-05,0.0
2.064917403303868e-05,0.0
2.0659173633054678e-05,0.0
2.0669173233070678e-05,0.0
2.067917283308668e-05,0.0
2.0689172433102676e-05,0.0
2.0699172033118677e-05,0.0
2.0709171633134677e-05,-0.016666666666666607
2.0719171233150674e-05,0.0
2.0729170833166675e-05,0.0
2.0739170433182672e-05,0.0
2.0749170033198673e-05,0.0
2.0759169633214673e-05,0.0
2.076916923323067e-05,0.0
2.077916883324667e-05,0.016666666666666607
2.0789168433262672e-05,0.0
2.079916803327867e-05,0.0
2.080916763329467e-05,0.0
2.081916723331067e-05,0.0
2.0829166833326667e-05,0.0
2.0839166433342668e-05,0.016666666666666607
2.0849166033358665e-05,0.0
2.0859165633374666e-05,0.016666666666666607
2.0869165233390666e-05,0.0
2.0879164833406664e-05,0.0
2.0889164433422664e-05,0.0
2.0899164033438665e-05,0.0
2.0909163633454662e-05,0.0
2.0919163233470663e-05,0.0
2.0929162833486663e-05,0.0
2.093916243350266e-05,0.0
2.094916203351866e-05,0.0
2.0959161633534658e-05,0.0
2.096916123355066e-05,0.0
2.097916083356666e-05,0.0
2.0989160433582657e-05,0.0
2.0999160033598657e-05,0.0
2.1009159633614658e-05,0.0
2.1019159233630655e-05,-0.016666666666666607
2.1029158833646656e-05,0.0
2.1039158433662656e-05,0.0
2.1049158033678654e-05,0.0
2.1059157633694654e-05,0.0
2.106915723371065e-05,0.0
2.1079156833726652e-05,0.0
2.1089156433742653e-05,0.0
2.109915603375865e-05,0.0
2.110915563377465e-05,0.0
2.111915523379065e-05,0.016666666666666607
2.1129154833806648e-05,0.0
2.113915443382265e-05,0.0
2.1149154033838646e-05,0.0
2.1159153633854647e-05,0.0
2.1169153233870647e-05,0.0
2.1179152833886644e-05,0.0
2.1189152433902645e-05,0.0
2.1199152033918646e-05,0.0
2.1209151633934643e-05,-0.016666666666666607
2.1219151233950643e-05,0.0
2.1229150833966644e-05,0.0
2.123915043398264e-05,0.016666666666666607
2.1249150033998642e-05,0.0
2.125914963401464e-05,0.0
2.126914923403064e-05,0.0
2.127914883404664e-05,0.0
2.1289148434062637e-05,0.016666666666666607
2.1299148034078638e-05,0.016666666666666607
2.130914763409464e-05,0.0
2.1319147234110636e-05,0.0
2.1329146834126636e-05,0.0
2.1339146434142637e-05,0.016666666666666607
2.1349146034158634e-05,0.0
2.1359145634174635e-05,0.0
2.1369145234190632e-05,0.0
2.1379144834206633e-05,0.0
2.1389144434222633e-05,0.0
2.139914403423863e-05,0.0
2.140914363425463e-05,0.0
2.141914323427063e-05,0.0
2.142914283428663e-05,0.0
2.143914243430263e-05,-0.016666666666666607
2.144914203431863e-05,0.0
2.1459141634334627e-05,0.0
2.1469141234350628e-05,0.0
2.1479140834366625e-05,0.016666666666666607
2.1489140434382626e-05,0.0
2.1499140034398626e-05,0.0
2.1509139634414623e-05,0.0
2.1519139234430624e-05,0.0
2.1529138834446625e-05,0.0
2.1539138434462622e-05,0.0
2.1549138034478623e-05,0.0
2.1559137634494623e-05,0.0
2.156913723451062e-05,0.0
2.157913683452662e-05,0.0
2.1589136434542618e-05,0.0
2.159913603455862e-05,0.0
2.160913563457462e-05,0.0
2.1619135234590617e-05,0.0
2.1629134834606617e-05,0.0
2.1639134434622618e-05,0.0
2.1649134034638615e-05,0.0
2.1659133634654616e-05,0.0
2.1669133234670613e-05,0.0
2.1679132834686613e-05,0.0
2.1689132434702614e-05,0.0
2.169913203471861e-05,0.0
2.1709131634734612e-05,0.0
2.1719131234750612e-05,0.0
2.172913083476661e-05,0.0
2.173913043478261e-05,0.0
2.174913003479861e-05,0.0
2.1759129634814608e-05,0.0
2.176912923483061e-05,0.0
2.1779128834846606e-05,0.0
2.1789128434862606e-05,0.0
2.1799128034878607e-05,0.0
2.1809127634894604e-05,0.0
2.1819127234910605e-05,0.0
2.1829126834926605e-05,0.016666666666666607
2.1839126434942603e-05,0.0
2.1849126034958603e-05,0.0
2.1859125634974604e-05,0.0
2.18691252349906e-05,0.0
2.18791248350066e-05,0.0
2.18891244350226e-05,0.0
2.18991240350386e-05,0.0
2.19091236350546e-05,0.0
2.1919123235070597e-05,0.0
2.1929122835086598e-05,0.0
2.19391224351026e-05,0.0
2.1949122035118596e-05,0.0
2.1959121635134596e-05,0.0
2.1969121235150597e-05,0.0
2.1979120835166594e-05,0.0
2.1989120435182595e-05,0.016666666666666607
2.1999120035198592e-05,0.0
2.2009119635214592e-05,0.0
2.2019119235230593e-05,0.016666666666666607
2.202911883524659e-05,0.0
2.203911843526259e-05,0.0
2.204911803527859e-05,0.0
2.205911763529459e-05,0.0
2.206911723531059e-05,0.0
2.2079116835326587e-05,0.0
2.2089116435342587e-05,0.0
2.2099116035358588e-05,0.0
2.2109115635374585e-05,0.0
2.2119115235390586e-05,0.0
2.2129114835406586e-05,0.0
2.2139114435422583e-05,0.0
2.2149114035438584e-05,0.0
2.2159113635454585e-05,0.0
2.2169113235470582e-05,0.0
2.2179112835486582e-05,0.0
2.218911243550258e-05,0.0
2.219911203551858e-05,0.0
2.220911163553458e-05,0.016666666666666607
2.2219111235550578e-05,0.016666666666666607
2.222911083556658e-05,0.016666666666666607
2.223911043558258e-05,0.0
2.2249110035598576e-05,0.016666666666666607
2.2259109635614577e-05,0.0
2.2269109235630578e-05,0.0
2.2279108835646575e-05,0.016666666666666607
2.2289108435662575e-05,0.0
2.2299108035678573e-05,0.0
2.2309107635694573e-05,0.0
2.2319107235710574e-05,0.0
2.232910683572657e-05,0.0
2.233910643574257e-05,0.0
2.2349106035758572e-05,0.0
2.235910563577457e-05,-0.016666666666666607
2.236910523579057e-05,0.0
2.237910483580657e-05,0.0
2.2389104435822568e-05,0.0
2.239910403583857e-05,0.0
2.2409103635854566e-05,0.016666666666666607
2.2419103235870566e-05,0.016666666666666607
2.2429102835886567e-05,0.016666666666666607
2.2439102435902564e-05,0.0
2.2449102035918565e-05,0.0
2.2459101635934565e-05,0.016666666666666607
2.2469101235950562e-05,0.0
2.2479100835966563e-05,0.0
2.248910043598256e-05,0.0
2.249910003599856e-05,0.0
2.250909963601456e-05,0.0
2.251909923603056e-05,0.016666666666666607
2.252909883604656e-05,0.0
2.253909843606256e-05,0.0
2.2549098036078557e-05,0.0
2.2559097636094558e-05,0.0
2.256909723611056e-05,0.0
2.2579096836126556e-05,0.0
2.2589096436142556e-05,0.0
2.2599096036158553e-05,0.0
2.2609095636174554e-05,-0.016666666666666607
2.2619095236190555e-05,0.0
2.2629094836206552e-05,0.0
2.2639094436222552e-05,0.0
2.2649094036238553e-05,0.0
2.265909363625455e-05,0.0
2.266909323627055e-05,0.0
2.267909283628655e-05,0.016666666666666607
2.268909243630255e-05,0.016666666666666607
2.269909203631855e-05,0.016666666666666607
2.2709091636334546e-05,0.016666666666666607
2.2719091236350547e-05,0.016666666666666607
2.2729090836366548e-05,0.0
2.2739090436382545e-05,0.0
2.2749090036398545e-05,0.0
2.2759089636414546e-05,0.0
2.2769089236430543e-05,0.016666666666666607
2.2779088836446544e-05,0.0
2.2789088436462544e-05,-0.016666666666666607
2.279908803647854e-05,0.0
2.2809087636494542e-05,0.0
2.281908723651054e-05,0.0
2.282908683652654e-05,0.0
2.283908643654254e-05,0.0
2.2849086036558538e-05,0.0
2.285908563657454e-05,0.0
2.286908523659054e-05,0.0
2.2879084836606536e-05,0.0
2.2889084436622537e-05,0.0
2.2899084036638534e-05,0.0
2.2909083636654535e-05,0.016666666666666607
2.2919083236670535e-05,0.0
2.2929082836686532e-05,0.0
2.2939082436702533e-05,0.0
2.2949082036718534e-05,0.0
2.295908163673453e-05,0.0
2.296908123675053e-05,0.0
2.2979080836766532e-05,0.0
2.298908043678253e-05,0.0
2.299908003679853e-05,0.0
2.3009079636814527e-05,0.0
2.3019079236830528e-05,0.0
2.3029078836846528e-05,0.0
2.3039078436862526e-05,0.0
2.3049078036878526e-05,0.0
2.3059077636894527e-05,0.0
2.3069077236910524e-05,0.0
2.3079076836926525e-05,0.0
2.3089076436942525e-05,0.0
2.3099076036958522e-05,0.0
2.3109075636974523e-05,0.0
2.311907523699052e-05,0.0
2.312907483700652e-05,0.0
2.313907443702252e-05,0.016666666666666607
2.314907403703852e-05,0.0
2.315907363705452e-05,0.0
2.316907323707052e-05,0.0
2.3179072837086517e-05,0.0
2.3189072437102518e-05,0.0
2.3199072037118518e-05,0.016666666666666607
2.3209071637134515e-05,0.0
2.3219071237150516e-05,0.016666666666666607
2.3229070837166513e-05,0.0
2.3239070437182514e-05,0.0
2.3249070037198514e-05,0.0
2.325906963721451e-05,0.0
2.3269069237230512e-05,0.0
2.3279068837246513e-05,0.0
2.328906843726251e-05,0.0
2.329906803727851e-05,0.0
2.330906763729451e-05,0.0
2.331906723731051e-05,0.0
2.332906683732651e-05,0.0
2.3339066437342506e-05,0.0
2.3349066037358507e-05,0.0
2.3359065637374507e-05,0.0
2.3369065237390505e-05,0.0
2.3379064837406505e-05,0.0
2.3389064437422506e-05,0.0
2.3399064037438503e-05,0.0
2.3409063637454504e-05,0.0
2.34190632374705e-05,0.016666666666666607
2.34290628374865e-05,0.0
2.3439062437502502e-05,0.0
2.34490620375185e-05,0.0
2.34590616375345e-05,0.016666666666666607
2.34690612375505e-05,0.0
2.3479060837566498e-05,0.0
2.3489060437582498e-05,0.0
2.34990600375985e-05,0.0
2.3509059637614496e-05,0.0
2.3519059237630497e-05,0.0
2.3529058837646494e-05,0.0
2.3539058437662495e-05,0.0
2.3549058037678495e-05,0.0
2.3559057637694492e-05,0.0
2.3569057237710493e-05,0.0
2.3579056837726494e-05,0.0
2.358905643774249e-05,0.0
2.359905603775849e-05,0.0
2.3609055637774492e-05,0.0
2.361905523779049e-05,0.0
2.362905483780649e-05,0.0
2.3639054437822487e-05,0.0
2.3649054037838488e-05,0.0
2.3659053637854488e-05,0.016666666666666607
2.3669053237870485e-05,0.0
2.3679052837886486e-05,0.0
2.3689052437902487e-05,0.0
2.3699052037918484e-05,0.016666666666666607
2.3709051637934484e-05,0.0
2.3719051237950485e-05,0.0
2.3729050837966482e-05,0.0
2.3739050437982483e-05,0.016666666666666607
2.374905003799848e-05,0.0
2.375904963801448e-05,0.0
2.376904923803048e-05,0.016666666666666607
2.377904883804648e-05,0.016666666666666607
2.378904843806248e-05,0.0
2.379904803807848e-05,0.0
2.3809047638094477e-05,0.0
2.3819047238110477e-05,0.0
2.3829046838126475e-05,0.0
2.3839046438142475e-05,0.0
2.3849046038158476e-05,-0.016666666666666607
2.3859045638174473e-05,0.0
2.3869045238190474e-05,0.016666666666666607
2.3879044838206474e-05,0.0
2.388904443822247e-05,0.0
2.3899044038238472e-05,0.0
2.3909043638254473e-05,0.0
2.391904323827047e-05,0.0
2.392904283828647e-05,0.016666666666666607
2.3939042438302468e-05,0.0
2.3949042038318468e-05,0.0
2.395904163833447e-05,0.016666666666666607
2.3969041238350466e-05,0.016666666666666607
2.3979040838366467e-05,0.0
2.3989040438382467e-05,0.0
2.3999040038398464e-05,0.0
2.4009039638414465e-05,0.0
2.4019039238430466e-05,0.0
2.4029038838446463e-05,0.0
2.4039038438462464e-05,0.0
2.404903803847846e-05,0.0
2.405903763849446e-05,0.0
2.4069037238510462e-05,0.0
2.407903683852646e-05,0.016666666666666607
2.408903643854246e-05,0.0
2.409903603855846e-05,0.0
2.4109035638574458e-05,0.0
2.4119035238590458e-05,0.0
2.412903483860646e-05,0.0
2.4139034438622456e-05,0.016666666666666607
2.4149034038638457e-05,0.0
2.4159033638654454e-05,0.0
2.4169033238670454e-05,0.0
2.4179032838686455e-05,0.016666666666666607
2.4189032438702452e-05,0.0
2.4199032038718453e-05,0.0
2.4209031638734453e-05,0.0
2.421903123875045e-05,0.0
2.422903083876645e-05,0.0
2.423903043878245e-05,0.0
2.424903003879845e-05,0.0
2.425902963881445e-05,0.0
2.4269029238830447e-05,0.0
2.4279028838846447e-05,0.0
2.4289028438862448e-05,0.0
2.4299028038878445e-05,0.0
2.4309027638894446e-05,0.0
2.4319027238910446e-05,0.0
2.4329026838926444e-05,0.0
2.4339026438942444e-05,0.0
2.434902603895844e-05,0.0
2.4359025638974442e-05,0.0
2.4369025238990443e-05,0.0
2.437902483900644e-05,0.0
2.438902443902244e-05,0.0
2.439902403903844e-05,0.016666666666666607
2.4409023639054438e-05,0.0
2.441902323907044e-05,0.0
2.442902283908644e-05,0.0
2.4439022439102437e-05,0.0
2.4449022039118437e-05,0.0
2.4459021639134434e-05,0.016666666666666607
2.4469021239150435e-05,0.016666666666666607
2.4479020839166436e-05,0.016666666666666607
2.4489020439182433e-05,0.0
2.4499020039198433e-05,0.0
2.4509019639214434e-05,0.0
2.451901923923043e-05,0.0
2.4529018839246432e-05,0.0
2.4539018439262433e-05,0.016666666666666607
2.454901803927843e-05,0.0
2.455901763929443e-05,0.0
2.4569017239310428e-05,0.0
2.4579016839326428e-05,0.0
2.458901643934243e-05,0.0
2.4599016039358426e-05,0.016666666666666607
2.4609015639374427e-05,0.0
2.4619015239390427e-05,0.0
2.4629014839406424e-05,0.0
2.4639014439422425e-05,0.0
2.4649014039438422e-05,0.016666666666666607
2.4659013639454423e-05,0.0
2.4669013239470423e-05,0.0
2.467901283948642e-05,0.0
2.468901243950242e-05,0.0
2.4699012039518422e-05,0.0
2.470901163953442e-05,0.0
2.471901123955042e-05,0.0
2.472901083956642e-05,0.0
2.4739010439582417e-05,0.016666666666666607
2.4749010039598418e-05,0.016666666666666607
2.4759009639614415e-05,0.0
2.4769009239630416e-05,0.0
2.4779008839646416e-05,0.0
2.4789008439662414e-05,-0.016666666666666607
2.4799008039678414e-05,0.0
2.4809007639694415e-05,0.0
2.4819007239710412e-05,0.016666666666666607
2.4829006839726413e-05,0.0
2.4839006439742413e-05,0.0
2.484900603975841e-05,0.0
2.485900563977441e-05,0.0
2.4869005239790408e-05,0.0
2.487900483980641e-05,0.0
2.488900443982241e-05,0.0
2.4899004039838407e-05,0.0
2.4909003639854407e-05,0.016666666666666607
2.4919003239870408e-05,0.0
2.4929002839886405e-05,0.0
2.4939002439902406e-05,0.0
2.4949002039918406e-05,0.0
2.4959001639934403e-05,0.0
2.4969001239950404e-05,0.0
2.49790008399664e-05,0.0
2.4989000439982402e-05,0.0
2.4999000039998402e-05,0.0
2.50089996400144e-05,0.0
2.50189992400304e-05,0.016666666666666607
2.50289988400464e-05,0.016666666666666607
2.5038998440062398e-05,0.0
2.50489980400784e-05,0.016666666666666607
2.5058997640094396e-05,0.0
2.5068997240110397e-05,0.016666666666666607
2.5078996840126397e-05,0.0
2.5088996440142394e-05,0.0
2.5098996040158395e-05,0.0
2.5108995640174396e-05,0.0
2.5118995240190393e-05,0.016666666666666607
2.5128994840206393e-05,0.0
2.5138994440222394e-05,0.0
2.514899404023839e-05,0.016666666666666607
2.5158993640254392e-05,0.016666666666666607
2.516899324027039e-05,0.0
2.517899284028639e-05,0.0
2.518899244030239e-05,0.0
2.5198992040318387e-05,0.0
2.5208991640334388e-05,0.0
2.521899124035039e-05,0.0
2.5228990840366386e-05,0.0
2.5238990440382386e-05,0.0
2.5248990040398387e-05,0.0
2.5258989640414384e-05,0.0
2.5268989240430385e-05,0.016666666666666607
2.5278988840446382e-05,0.016666666666666607
2.5288988440462383e-05,0.0
2.5298988040478383e-05,0.016666666666666607
2.530898764049438e-05,0.016666666666666607
2.531898724051038e-05,0.0
2.532898684052638e-05,0.0
2.533898644054238e-05,0.0
2.534898604055838e-05,0.0
2.535898564057438e-05,0.0
2.5368985240590377e-05,0.0
2.5378984840606378e-05,0.0
2.5388984440622375e-05,0.0
2.5398984040638376e-05,0.0
2.5408983640654376e-05,0.0
2.5418983240670373e-05,0.0
2.5428982840686374e-05,0.0
2.5438982440702375e-05,0.0
2.5448982040718372e-05,0.0
2.5458981640734372e-05,0.016666666666666607
2.5468981240750373e-05,0.0
2.547898084076637e-05,0.0
2.548898044078237e-05,0.0
2.5498980040798368e-05,-0.016666666666666607
2.550897964081437e-05,0.0
2.551897924083037e-05,0.016666666666666607
2.5528978840846367e-05,0.016666666666666607
2.5538978440862367e-05,0.016666666666666607
2.5548978040878368e-05,0.0
2.5558977640894365e-05,0.0
2.5568977240910366e-05,0.0
2.5578976840926363e-05,0.0
2.5588976440942363e-05,0.0
2.5598976040958364e-05,0.016666666666666607
2.560897564097436e-05,0.016666666666666607
2.5618975240990362e-05,-0.016666666666666607
2.5628974841006362e-05,-0.016666666666666607
2.563897444102236e-05,0.0
2.564897404103836e-05,0.0
2.565897364105436e-05,0.0
2.5668973241070358e-05,0.0
2.567897284108636e-05,0.016666666666666607
2.5688972441102356e-05,-0.016666666666666607
2.5698972041118356e-05,-0.016666666666666607
2.5708971641134357e-05,-0.016666666666666607
2.5718971241150354e-05,0.0
2.5728970841166355e-05,0.016666666666666607
2.5738970441182355e-05,0.016666666666666607
2.5748970041198353e-05,0.016666666666666607
2.5758969641214353e-05,0.0
2.5768969241230354e-05,-0.016666666666666607
2.577896884124635e-05,0.0
2.578896844126235e-05,0.0
2.579896804127835e-05,0.0
2.580896764129435e-05,0.0
2.581896724131035e-05,0.0
2.5828966841326347e-05,0.0
2.5838966441342348e-05,0.0
2.584896604135835e-05,0.0
2.5858965641374346e-05,0.016666666666666607
2.5868965241390346e-05,0.0
2.5878964841406347e-05,0.0
2.5888964441422344e-05,0.0
2.5898964041438345e-05,0.0
2.5908963641454342e-05,0.0
2.5918963241470342e-05,0.0
2.5928962841486343e-05,0.016666666666666607
2.593896244150234e-05,0.0
2.594896204151834e-05,0.0
2.595896164153434e-05,0.0
2.596896124155034e-05,0.0
2.597896084156634e-05,0.0
2.5988960441582337e-05,0.0
2.5998960041598337e-05,0.0
2.6008959641614338e-05,0.0
2.6018959241630335e-05,0.0
2.6028958841646336e-05,0.0
2.6038958441662336e-05,0.0
2.6048958041678333e-05,0.0
2.6058957641694334e-05,0.0
2.6068957241710335e-05,0.0
2.6078956841726332e-05,0.0
2.6088956441742332e-05,0.0
2.609895604175833e-05,0.0
2.610895564177433e-05,0.0
2.611895524179033e-05,0.0
2.6128954841806328e-05,-0.016666666666666607
2.613895444182233e-05,0.0
2.614895404183833e-05,0.0
2.6158953641854326e-05,0.016666666666666607
2.6168953241870327e-05,0.0
2.6178952841886328e-05,0.0
2.6188952441902325e-05,-0.016666666666666607
2.6198952041918325e-05,-0.016666666666666607
2.6208951641934323e-05,0.0
2.6218951241950323e-05,0.016666666666666607
2.6228950841966324e-05,0.016666666666666607
2.623895044198232e-05,0.0
2.624895004199832e-05,0.0
2.6258949642014322e-05,0.0
2.626894924203032e-05,0.0
2.627894884204632e-05,0.0
2.628894844206232e-05,0.0
2.6298948042078318e-05,0.016666666666666607
2.630894764209432e-05,0.0
2.6318947242110316e-05,0.0
2.6328946842126316e-05,0.0
2.6338946442142317e-05,0.0
2.6348946042158314e-05,0.0
2.6358945642174315e-05,0.0
2.6368945242190315e-05,0.0
2.6378944842206312e-05,0.0
2.6388944442222313e-05,0.016666666666666607
2.639894404223831e-05,0.0
2.640894364225431e-05,0.0
2.641894324227031e-05,0.016666666666666607
2.642894284228631e-05,0.0
2.643894244230231e-05,0.016666666666666607
2.644894204231831e-05,0.016666666666666607
2.6458941642334307e-05,0.016666666666666607
2.6468941242350308e-05,0.0
2.6478940842366308e-05,0.0
2.6488940442382306e-05,0.0
2.6498940042398306e-05,0.0
2.6508939642414303e-05,0.0
2.6518939242430304e-05,0.016666666666666607
2.6528938842446305e-05,0.0
2.6538938442462302e-05,0.0
2.6548938042478302e-05,0.0
2.6558937642494303e-05,0.0
2.65689372425103e-05,0.0
2.65789368425263e-05,0.0
2.65889364425423e-05,0.0
2.65989360425583e-05,0.0
2.66089356425743e-05,0.016666666666666607
2.6618935242590296e-05,0.0
2.6628934842606297e-05,0.0
2.6638934442622298e-05,0.0
2.6648934042638295e-05,0.0
2.6658933642654295e-05,0.0
2.6668933242670296e-05,0.0
2.6678932842686293e-05,0.016666666666666607
2.6688932442702294e-05,0.016666666666666607
2.6698932042718294e-05,0.016666666666666607
2.670893164273429e-05,0.0
2.6718931242750292e-05,0.0
2.672893084276629e-05,0.0
2.673893044278229e-05,0.0
2.674893004279829e-05,0.0
2.6758929642814288e-05,0.0
2.676892924283029e-05,0.0
2.677892884284629e-05,0.0
2.6788928442862286e-05,0.0
2.6798928042878287e-05,0.016666666666666607
2.6808927642894284e-05,0.0
2.6818927242910285e-05,0.016666666666666607
2.6828926842926285e-05,0.0
2.6838926442942282e-05,0.0
2.6848926042958283e-05,0.0
2.6858925642974284e-05,0.0
2.686892524299028e-05,0.0
2.687892484300628e-05,0.0
2.6888924443022282e-05,0.0
2.689892404303828e-05,0.016666666666666607
2.690892364305428e-05,0.0
2.6918923243070277e-05,0.0
2.6928922843086278e-05,0.0
2.6938922443102278e-05,0.016666666666666607
2.6948922043118275e-05,0.0
2.6958921643134276e-05,0.0
2.6968921243150277e-05,0.0
2.6978920843166274e-05,0.0
2.6988920443182274e-05,0.016666666666666607
2.6998920043198275e-05,0.016666666666666607
2.7008919643214272e-05,0.0
2.7018919243230273e-05,0.0
2.702891884324627e-05,0.0
2.703891844326227e-05,0.0
2.704891804327827e-05,0.0
2.705891764329427e-05,0.0
2.706891724331027e-05,-0.016666666666666607
2.707891684332627e-05,0.0
2.7088916443342267e-05,0.0
2.7098916043358268e-05,0.0
2.7108915643374268e-05,0.0
2.7118915243390265e-05,0.0
2.7128914843406266e-05,0.016666666666666607
2.7138914443422263e-05,0.016666666666666607
2.7148914043438264e-05,0.0
2.7158913643454264e-05,0.0
2.716891324347026e-05,0.0
2.7178912843486262e-05,0.016666666666666607
2.7188912443502263e-05,0.0
2.719891204351826e-05,0.0
2.720891164353426e-05,0.0
2.721891124355026e-05,0.0
2.722891084356626e-05,0.0
2.723891044358226e-05,0.016666666666666607
2.7248910043598256e-05,0.0
2.7258909643614257e-05,0.0
2.7268909243630257e-05,0.016666666666666607
2.7278908843646255e-05,0.0
2.7288908443662255e-05,0.0
2.7298908043678256e-05,0.0
2.7308907643694253e-05,0.0
2.7318907243710254e-05,0.0
2.732890684372625e-05,0.0
2.733890644374225e-05,0.0
2.7348906043758252e-05,0.0
2.735890564377425e-05,0.0
2.736890524379025e-05,0.0
2.737890484380625e-05,0.0
2.7388904443822248e-05,0.0
2.7398904043838248e-05,0.0
2.740890364385425e-05,0.0
2.7418903243870246e-05,0.0
2.7428902843886247e-05,0.0
2.7438902443902244e-05,0.016666666666666607
2.7448902043918244e-05,0.0
2.7458901643934245e-05,0.0
2.7468901243950242e-05,0.0
2.7478900843966243e-05,0.0
2.7488900443982243e-05,0.016666666666666607
2.749890004399824e-05,0.0
2.750889964401424e-05,0.0
2.7518899244030242e-05,0.0
2.752889884404624e-05,0.0
2.753889844406224e-05,0.0
2.7548898044078237e-05,0.0
2.7558897644094238e-05,0.0
2.7568897244110238e-05,0.0
2.7578896844126235e-05,0.016666666666666607
2.7588896444142236e-05,0.0
2.7598896044158237e-05,0.0
2.7608895644174234e-05,0.0
2.7618895244190234e-05,0.0
2.7628894844206235e-05,0.0
2.7638894444222232e-05,0.0
2.7648894044238233e-05,0.0
2.765889364425423e-05,0.0
2.766889324427023e-05,0.0
2.767889284428623e-05,0.0
2.768889244430223e-05,0.0
2.769889204431823e-05,0.0
2.770889164433423e-05,0.0
2.7718891244350227e-05,0.0
2.7728890844366227e-05,0.0
2.7738890444382225e-05,0.0
2.7748890044398225e-05,0.0
2.7758889644414226e-05,0.0
2.7768889244430223e-05,-0.016666666666666607
2.7778888844446224e-05,0.016666666666666607
2.7788888444462224e-05,0.0
2.779888804447822e-05,0.0
2.7808887644494222e-05,0.0
2.7818887244510223e-05,0.0
2.782888684452622e-05,0.0
2.783888644454222e-05,0.0
2.7848886044558218e-05,0.0
2.7858885644574218e-05,0.0
2.786888524459022e-05,0.0
2.7878884844606216e-05,0.0
2.7888884444622217e-05,0.0
2.7898884044638217e-05,0.0
2.7908883644654214e-05,0.0
2.7918883244670215e-05,0.016666666666666607
2.7928882844686216e-05,0.0
2.7938882444702213e-05,0.0
2.7948882044718213e-05,0.0
2.795888164473421e-05,0.0
2.796888124475021e-05,0.0
2.7978880844766212e-05,0.016666666666666607
2.798888044478221e-05,0.0
2.799888004479821e-05,0.016666666666666607
2.800887964481421e-05,0.0
2.8018879244830208e-05,0.0
2.8028878844846208e-05,0.0
2.803887844486221e-05,0.016666666666666607
2.8048878044878206e-05,0.0
2.8058877644894207e-05,0.0
2.8068877244910204e-05,0.0
2.8078876844926204e-05,0.0
2.8088876444942205e-05,0.0
2.8098876044958202e-05,0.0
2.8108875644974203e-05,0.0
2.8118875244990203e-05,0.0
2.81288748450062e-05,0.0
2.81388744450222e-05,0.0
2.81488740450382e-05,0.0
2.81588736450542e-05,0.0
2.81688732450702e-05,0.016666666666666607
2.8178872845086197e-05,0.0
2.8188872445102197e-05,0.0
2.8198872045118198e-05,0.0
2.8208871645134195e-05,0.0
2.8218871245150196e-05,0.0
2.8228870845166196e-05,0.0
2.8238870445182194e-05,0.0
2.8248870045198194e-05,0.016666666666666607
2.825886964521419e-05,0.0
2.8268869245230192e-05,0.0
2.8278868845246193e-05,0.0
2.828886844526219e-05,0.016666666666666607
2.829886804527819e-05,0.0
2.830886764529419e-05,0.0
2.8318867245310188e-05,0.0
2.832886684532619e-05,0.0
2.833886644534219e-05,0.0
2.8348866045358187e-05,0.0
2.8358865645374187e-05,0.0
2.8368865245390184e-05,0.0
2.8378864845406185e-05,0.0
2.8388864445422186e-05,0.0
2.8398864045438183e-05,0.0
2.8408863645454183e-05,0.0
2.8418863245470184e-05,0.0
2.842886284548618e-05,0.0
2.8438862445502182e-05,0.016666666666666607
2.8448862045518182e-05,0.0
2.845886164553418e-05,0.0
2.846886124555018e-05,0.0
2.8478860845566178e-05,0.0
2.8488860445582178e-05,0.0
2.849886004559818e-05,0.016666666666666607
2.8508859645614176e-05,0.0
2.8518859245630177e-05,0.0
2.8528858845646177e-05,0.0
2.8538858445662174e-05,0.016666666666666607
2.8548858045678175e-05,0.0
2.8558857645694172e-05,0.0
2.8568857245710173e-05,-0.016666666666666607
2.8578856845726173e-05,0.0
2.858885644574217e-05,0.0
2.859885604575817e-05,0.0
2.8608855645774172e-05,0.0
2.861885524579017e-05,0.0
2.862885484580617e-05,0.0
2.863885444582217e-05,0.0
2.8648854045838167e-05,0.0
2.8658853645854168e-05,0.0
2.8668853245870165e-05,0.0
2.8678852845886166e-05,0.0
2.8688852445902166e-05,0.0
2.8698852045918164e-05,0.0
2.8708851645934164e-05,0.0
2.8718851245950165e-05,0.0
2.8728850845966162e-05,0.0
2.8738850445982163e-05,0.0
2.8748850045998163e-05,0.0
2.875884964601416e-05,0.0
2.876884924603016e-05,0.0
2.8778848846046158e-05,0.0
2.878884844606216e-05,0.0
2.879884804607816e-05,0.0
2.8808847646094157e-05,0.016666666666666607
2.8818847246110157e-05,0.0
2.8828846846126158e-05,0.0
2.8838846446142155e-05,0.0
2.8848846046158156e-05,0.0
2.8858845646174156e-05,0.0
2.8868845246190153e-05,0.0
2.8878844846206154e-05,0.0
2.888884444622215e-05,0.0
2.8898844046238152e-05,0.0
2.8908843646254152e-05,0.0
2.891884324627015e-05,0.0
2.892884284628615e-05,0.0
2.893884244630215e-05,0.0
2.8948842046318148e-05,0.0
2.895884164633415e-05,0.0
2.896884124635015e-05,0.0
2.8978840846366147e-05,0.0
2.8988840446382147e-05,0.0
2.8998840046398144e-05,0.0
2.9008839646414145e-05,0.0
2.9018839246430146e-05,0.0
2.9028838846446143e-05,0.0
2.9038838446462143e-05,0.0
2.9048838046478144e-05,0.0
2.905883764649414e-05,0.0
2.9068837246510142e-05,0.0
2.907883684652614e-05,0.0
2.908883644654214e-05,0.0
2.909883604655814e-05,0.0
2.9108835646574137e-05,0.0
2.9118835246590138e-05,0.0
2.912883484660614e-05,0.0
2.9138834446622136e-05,0.016666666666666607
2.9148834046638136e-05,0.0
2.9158833646654137e-05,0.0
2.9168833246670134e-05,0.0
2.9178832846686135e-05,0.0
2.9188832446702132e-05,0.0
2.9198832046718133e-05,0.0
2.9208831646734133e-05,0.0
2.921883124675013e-05,0.0
2.922883084676613e-05,0.0
2.923883044678213e-05,0.0
2.924883004679813e-05,0.0
2.925882964681413e-05,0.016666666666666607
2.926882924683013e-05,0.0
2.9278828846846127e-05,0.0
2.9288828446862128e-05,0.0
2.9298828046878125e-05,0.0
2.9308827646894126e-05,0.0
2.9318827246910126e-05,0.0
2.9328826846926123e-05,0.016666666666666607
2.9338826446942124e-05,0.016666666666666607
2.9348826046958125e-05,0.0
2.9358825646974122e-05,0.016666666666666607
2.9368825246990122e-05,0.0
2.9378824847006123e-05,0.0
2.938882444702212e-05,0.0
2.939882404703812e-05,0.0
2.9408823647054118e-05,0.0
2.941882324707012e-05,0.0
2.942882284708612e-05,0.0
2.9438822447102116e-05,0.0
2.9448822047118117e-05,0.0
2.9458821647134118e-05,0.016666666666666607
2.9468821247150115e-05,0.0
2.9478820847166116e-05,0.0
2.9488820447182113e-05,0.0
2.9498820047198113e-05,0.0
2.9508819647214114e-05,0.0
2.951881924723011e-05,0.0
2.9528818847246112e-05,0.0
2.9538818447262112e-05,0.016666666666666607
2.954881804727811e-05,0.0
2.955881764729411e-05,0.0
2.956881724731011e-05,0.0
2.9578816847326108e-05,0.0
2.958881644734211e-05,0.016666666666666607
2.9598816047358106e-05,0.0
2.9608815647374106e-05,0.0
2.9618815247390107e-05,0.0
2.9628814847406104e-05,0.0
2.9638814447422105e-05,0.0
2.9648814047438105e-05,0.0
2.9658813647454103e-05,0.016666666666666607
2.9668813247470103e-05,0.0
2.9678812847486104e-05,0.0
2.96888124475021e-05,0.0
2.96988120475181e-05,0.016666666666666607
2.97088116475341e-05,0.0
2.97188112475501e-05,0.016666666666666607
2.97288108475661e-05,0.0
2.9738810447582097e-05,0.0
2.9748810047598098e-05,0.0
2.97588096476141e-05,0.0
2.9768809247630096e-05,0.0
2.9778808847646096e-05,0.0
2.9788808447662097e-05,0.0
2.9798808047678094e-05,0.0
2.9808807647694095e-05,0.0
2.9818807247710092e-05,0.016666666666666607
2.9828806847726092e-05,0.0
2.9838806447742093e-05,0.0
2.984880604775809e-05,0.0
2.985880564777409e-05,0.0
2.986880524779009e-05,0.0
2.987880484780609e-05,0.0
2.988880444782209e-05,0.0
2.9898804047838086e-05,0.0
2.9908803647854087e-05,0.0
2.9918803247870088e-05,0.016666666666666607
2.9928802847886085e-05,0.0
2.9938802447902085e-05,0.0
2.9948802047918086e-05,0.016666666666666607
2.9958801647934083e-05,0.016666666666666607
2.9968801247950084e-05,0.0
2.9978800847966085e-05,0.0
2.9988800447982082e-05,0.0
2.9998800047998082e-05,0.0
3.000879964801408e-05,0.0
3.001879924803008e-05,0.0
3.002879884804608e-05,0.0
3.0038798448062078e-05,0.0
3.004879804807808e-05,0.0
3.005879764809408e-05,0.0
3.0068797248110076e-05,0.0
3.0078796848126077e-05,0.0
3.0088796448142078e-05,0.0
3.0098796048158075e-05,0.0
3.0108795648174075e-05,0.0
3.0118795248190073e-05,0.0
3.0128794848206073e-05,0.0
3.0138794448222074e-05,0.0
3.014879404823807e-05,0.016666666666666607
3.015879364825407e-05,0.0
3.0168793248270072e-05,0.016666666666666607
3.017879284828607e-05,0.016666666666666607
3.018879244830207e-05,0.0
3.019879204831807e-05,0.0
3.0208791648334068e-05,0.016666666666666607
3.021879124835007e-05,0.0
3.0228790848366066e-05,0.0
3.0238790448382066e-05,0.0
3.0248790048398067e-05,0.0
3.0258789648414064e-05,0.0
3.0268789248430065e-05,0.0
3.0278788848446065e-05,0.0
3.0288788448462062e-05,0.0
3.0298788048478063e-05,0.016666666666666607
3.030878764849406e-05,0.0
3.031878724851006e-05,0.0
3.032878684852606e-05,0.0
3.033878644854206e-05,0.016666666666666607
3.034878604855806e-05,0.0
3.035878564857406e-05,0.0
3.0368785248590057e-05,0.0
3.0378784848606058e-05,0.0
3.0388784448622058e-05,0.0
3.0398784048638055e-05,0.0
3.0408783648654056e-05,0.0
3.0418783248670053e-05,0.0
3.0428782848686054e-05,0.0
3.0438782448702054e-05,0.0
3.0448782048718052e-05,0.0
3.0458781648734052e-05,0.0
3.0468781248750053e-05,0.0
3.047878084876605e-05,0.0
3.048878044878205e-05,0.0
3.049878004879805e-05,0.0
3.050877964881405e-05,0.0
3.051877924883005e-05,0.0
3.052877884884605e-05,0.0
3.053877844886205e-05,0.016666666666666607
3.0548778048878044e-05,0.016666666666666607
3.0558777648894045e-05,0.0
3.0568777248910045e-05,0.0
3.0578776848926046e-05,0.0
3.0588776448942047e-05,0.0
3.059877604895804e-05,0.016666666666666607
3.060877564897404e-05,0.0
3.061877524899004e-05,0.016666666666666607
3.062877484900604e-05,0.0
3.063877444902204e-05,0.0
3.064877404903804e-05,0.0
3.065877364905404e-05,0.0
3.066877324907004e-05,0.016666666666666607
3.067877284908604e-05,0.0
3.068877244910204e-05,0.0
3.069877204911804e-05,0.0
3.0708771649134033e-05,0.0
3.0718771249150034e-05,0.016666666666666607
3.0728770849166035e-05,0.0
3.0738770449182035e-05,0.0
3.0748770049198036e-05,0.0
3.0758769649214036e-05,0.0
3.076876924923003e-05,0.0
3.077876884924603e-05,0.0
3.078876844926203e-05,0.0
3.079876804927803e-05,0.0
3.080876764929403e-05,0.0
3.0818767249310026e-05,0.0
3.082876684932603e-05,0.016666666666666607
3.083876644934203e-05,0.0
3.084876604935803e-05,0.0
3.085876564937403e-05,0.016666666666666607
3.086876524939003e-05,0.0
3.087876484940602e-05,0.0
3.0888764449422024e-05,0.016666666666666607
3.0898764049438024e-05,0.016666666666666607
3.0908763649454025e-05,0.016666666666666607
3.0918763249470026e-05,0.0
3.092876284948602e-05,0.0
3.093876244950202e-05,0.016666666666666607
3.094876204951802e-05,0.0
3.095876164953402e-05,0.0
3.096876124955002e-05,0.016666666666666607
3.0978760849566016e-05,0.0
3.0988760449582016e-05,0.0
3.099876004959802e-05,0.0
3.100875964961402e-05,0.0
3.101875924963002e-05,0.0
3.102875884964602e-05,0.0
3.103875844966201e-05,0.0
3.104875804967801e-05,0.016666666666666607
3.1058757649694014e-05,0.0
3.1068757249710014e-05,0.0
3.1078756849726015e-05,0.0
3.108875644974201e-05,0.0
3.109875604975801e-05,0.016666666666666607
3.110875564977401e-05,0.0
3.111875524979001e-05,0.0
3.112875484980601e-05,0.0
3.113875444982201e-05,0.0
3.1148754049838006e-05,0.0
3.1158753649854006e-05,0.0
3.116875324987001e-05,0.0
3.117875284988601e-05,0.016666666666666607
3.118875244990201e-05,0.0
3.1198752049918e-05,0.016666666666666607
3.1208751649934e-05,0.0
3.121875124995e-05,0.0
3.1228750849966004e-05,0.0
3.1238750449982004e-05,0.0
3.1248750049998005e-05,0.0
3.1258749650014e-05,0.0
3.126874925003e-05,0.0
3.1278748850046e-05,0.0
3.1288748450062e-05,0.0
3.1298748050078e-05,0.0
3.1308747650093995e-05,0.016666666666666607
3.1318747250109995e-05,0.0
3.1328746850125996e-05,0.0
3.1338746450142e-05,0.016666666666666607
3.1348746050158e-05,0.016666666666666607
3.1358745650174e-05,0.0
3.136874525018999e-05,0.016666666666666607
3.137874485020599e-05,0.0
3.138874445022199e-05,0.0
3.1398744050237993e-05,0.0
3.1408743650253994e-05,0.0
3.141874325026999e-05,0.0
3.142874285028599e-05,0.0
3.143874245030199e-05,0.0
3.144874205031799e-05,0.0
3.145874165033399e-05,0.0
3.146874125034999e-05,0.016666666666666607
3.1478740850365985e-05,0.0
3.1488740450381985e-05,0.0
3.1498740050397986e-05,0.0
3.1508739650413987e-05,0.0
3.151873925042999e-05,0.0
3.152873885044598e-05,0.0
3.153873845046198e-05,0.0
3.154873805047798e-05,0.0
3.155873765049398e-05,0.0
3.156873725050998e-05,0.0
3.1578736850525984e-05,0.0
3.158873645054198e-05,0.016666666666666607
3.159873605055798e-05,0.016666666666666607
3.160873565057398e-05,0.016666666666666607
3.161873525058998e-05,0.016666666666666607
3.162873485060598e-05,0.0
3.1638734450621974e-05,0.0
3.1648734050637975e-05,0.0
3.1658733650653975e-05,0.0
3.1668733250669976e-05,0.0
3.1678732850685976e-05,0.0
3.168873245070198e-05,0.0
3.169873205071797e-05,0.0
3.170873165073397e-05,0.0
3.171873125074997e-05,0.0
3.172873085076597e-05,0.0
3.173873045078197e-05,0.0
3.174873005079797e-05,0.0
3.175872965081397e-05,0.016666666666666607
3.176872925082997e-05,0.016666666666666607
3.177872885084597e-05,0.016666666666666607
3.178872845086197e-05,0.016666666666666607
3.179872805087797e-05,0.0
3.1808727650893964e-05,0.0
3.1818727250909964e-05,0.016666666666666607
3.1828726850925965e-05,0.0
3.1838726450941966e-05,0.016666666666666607
3.1848726050957966e-05,0.0
3.185872565097396e-05,0.016666666666666607
3.186872525098996e-05,0.0
3.187872485100596e-05,0.0
3.188872445102196e-05,0.0
3.189872405103796e-05,0.0
3.1908723651053956e-05,0.0
3.191872325106996e-05,0.0
3.192872285108596e-05,0.0
3.193872245110196e-05,0.0
3.194872205111796e-05,0.0
3.195872165113396e-05,0.0
3.196872125114995e-05,0.0
3.1978720851165954e-05,0.016666666666666607
3.1988720451181954e-05,0.0
3.1998720051197955e-05,0.0
3.2008719651213956e-05,0.0
3.201871925122995e-05,0.0
3.202871885124595e-05,0.0
3.203871845126195e-05,0.016666666666666607
3.204871805127795e-05,0.0
3.205871765129395e-05,0.0
3.206871725130995e-05,0.0
3.2078716851325946e-05,0.0
3.208871645134195e-05,0.016666666666666607
3.209871605135795e-05,0.0
3.210871565137395e-05,0.0
3.211871525138995e-05,0.0
3.212871485140594e-05,0.0
3.213871445142194e-05,0.0
3.2148714051437944e-05,0.0
3.2158713651453944e-05,0.0
3.2168713251469945e-05,0.0
3.2178712851485945e-05,0.0
3.218871245150194e-05,0.0
3.219871205151794e-05,0.0
3.220871165153394e-05,0.0
3.221871125154994e-05,0.016666666666666607
3.222871085156594e-05,0.0
3.2238710451581935e-05,0.0
3.2248710051597936e-05,0.0
3.225870965161394e-05,0.0
3.226870925162994e-05,0.0
3.227870885164594e-05,0.0
3.228870845166194e-05,0.0
3.229870805167793e-05,0.016666666666666607
3.230870765169393e-05,0.0
3.2318707251709933e-05,0.0
3.2328706851725934e-05,0.0
3.2338706451741935e-05,0.0
3.234870605175793e-05,0.0
3.235870565177393e-05,0.0
3.236870525178993e-05,0.016666666666666607
3.237870485180593e-05,0.0
3.238870445182193e-05,0.016666666666666607
3.239870405183793e-05,0.0
3.2408703651853925e-05,0.0
3.2418703251869926e-05,0.0
3.2428702851885926e-05,0.0
3.243870245190193e-05,-0.016666666666666607
3.244870205191793e-05,0.0
3.245870165193392e-05,0.0
3.246870125194992e-05,0.0
3.247870085196592e-05,0.016666666666666607
3.248870045198192e-05,0.0
3.2498700051997924e-05,0.0
3.2508699652013925e-05,0.0
3.251869925202992e-05,0.016666666666666607
3.252869885204592e-05,0.016666666666666607
3.253869845206192e-05,0.0
3.254869805207792e-05,0.016666666666666607
3.255869765209392e-05,0.0
3.2568697252109915e-05,0.0
3.2578696852125915e-05,0.016666666666666607
3.2588696452141916e-05,0.0
3.2598696052157916e-05,0.016666666666666607
3.260869565217392e-05,0.0
3.261869525218992e-05,0.0
3.262869485220591e-05,0.0
3.263869445222191e-05,0.0
3.264869405223791e-05,0.0
3.265869365225391e-05,0.0
3.2668693252269914e-05,0.0
3.267869285228591e-05,0.0
3.268869245230191e-05,0.0
3.269869205231791e-05,0.0
3.270869165233391e-05,0.0
3.271869125234991e-05,0.016666666666666607
3.2728690852365904e-05,0.0
3.2738690452381904e-05,0.0
3.2748690052397905e-05,0.0
3.2758689652413906e-05,0.0
3.2768689252429906e-05,0.0
3.277868885244591e-05,0.016666666666666607
3.27886884524619e-05,0.0
3.27986880524779e-05,0.0
3.28086876524939e-05,0.0
3.28186872525099e-05,0.0
3.28286868525259e-05,0.016666666666666607
3.28386864525419e-05,0.0
3.28486860525579e-05,0.0
3.28586856525739e-05,0.0
3.28686852525899e-05,0.0
3.28786848526059e-05,0.0
3.28886844526219e-05,0.0
3.2898684052637894e-05,0.016666666666666607
3.2908683652653894e-05,0.0
3.2918683252669895e-05,0.0
3.2928682852685895e-05,0.0
3.2938682452701896e-05,0.0
3.294868205271789e-05,0.0
3.295868165273389e-05,0.0
3.296868125274989e-05,0.0
3.297868085276589e-05,0.0
3.298868045278189e-05,0.0
3.299868005279789e-05,0.0
3.300867965281389e-05,0.0
3.301867925282989e-05,0.016666666666666607
3.302867885284589e-05,0.0
3.303867845286189e-05,0.0
3.304867805287789e-05,0.0
3.305867765289388e-05,0.0
3.3068677252909884e-05,0.0
3.3078676852925884e-05,0.0
3.3088676452941885e-05,0.016666666666666607
3.3098676052957885e-05,0.0
3.3108675652973886e-05,0.0
3.311867525298988e-05,0.0
3.312867485300588e-05,0.0
3.313867445302188e-05,0.0
3.314867405303788e-05,0.0
3.315867365305388e-05,0.016666666666666607
3.3168673253069876e-05,0.0
3.3178672853085877e-05,0.0
3.318867245310188e-05,0.0
3.319867205311788e-05,0.0
3.320867165313388e-05,0.0
3.321867125314988e-05,0.016666666666666607
3.322867085316587e-05,0.0
3.3238670453181873e-05,0.0
3.3248670053197874e-05,0.016666666666666607
3.3258669653213875e-05,0.0
3.3268669253229875e-05,0.0
3.327866885324587e-05,0.0
3.328866845326187e-05,0.0
3.329866805327787e-05,0.016666666666666607
3.330866765329387e-05,0.0
3.331866725330987e-05,0.0
3.332866685332587e-05,0.0
3.3338666453341866e-05,0.0
3.3348666053357866e-05,0.0
3.335866565337387e-05,0.0
3.336866525338987e-05,0.0
3.337866485340587e-05,0.0
3.338866445342186e-05,0.016666666666666607
3.339866405343786e-05,0.0
3.340866365345386e-05,0.0
3.3418663253469864e-05,0.0
3.3428662853485864e-05,0.0
3.3438662453501865e-05,0.0
3.344866205351786e-05,0.0
3.345866165353386e-05,0.016666666666666607
3.346866125354986e-05,0.0
3.347866085356586e-05,0.0
3.348866045358186e-05,0.0
3.3498660053597855e-05,0.0
3.3508659653613856e-05,0.0
3.3518659253629856e-05,0.0
3.352865885364586e-05,0.0
3.353865845366186e-05,0.0
3.354865805367786e-05,0.0
3.355865765369385e-05,0.0
3.356865725370985e-05,0.0
3.357865685372585e-05,0.016666666666666607
3.3588656453741854e-05,0.0
3.3598656053757854e-05,0.0
3.360865565377385e-05,0.0
3.361865525378985e-05,0.0
3.362865485380585e-05,0.0
3.363865445382185e-05,0.0
3.364865405383785e-05,0.0
3.3658653653853844e-05,0.0
3.3668653253869845e-05,0.0
3.3678652853885846e-05,0.0
3.3688652453901846e-05,0.0
3.369865205391785e-05,0.0
3.370865165393385e-05,0.0
3.371865125394984e-05,0.0
3.372865085396584e-05,0.016666666666666607
3.373865045398184e-05,0.0
3.374865005399784e-05,0.0
3.3758649654013844e-05,0.0
3.376864925402984e-05,0.0
3.377864885404584e-05,0.0
3.378864845406184e-05,-0.016666666666666607
3.379864805407784e-05,0.0
3.380864765409384e-05,0.0
3.381864725410984e-05,0.016666666666666607
3.3828646854125834e-05,0.0
3.3838646454141835e-05,0.0
3.3848646054157835e-05,0.0
3.3858645654173836e-05,0.0
3.386864525418984e-05,0.0
3.387864485420583e-05,0.0
3.388864445422183e-05,0.0
3.389864405423783e-05,0.0
3.390864365425383e-05,0.0
3.391864325426983e-05,0.0
3.3928642854285833e-05,0.0
3.393864245430183e-05,0.0
3.394864205431783e-05,0.0
3.395864165433383e-05,0.0
3.396864125434983e-05,0.0
3.397864085436583e-05,0.0
3.3988640454381824e-05,0.0
3.3998640054397824e-05,0.0
3.4008639654413825e-05,0.0
3.4018639254429825e-05,0.016666666666666607
3.4028638854445826e-05,0.0
3.4038638454461827e-05,0.0
3.404863805447782e-05,0.0
3.405863765449382e-05,0.0
3.406863725450982e-05,0.0
3.407863685452582e-05,0.0
3.408863645454182e-05,0.0
3.4098636054557817e-05,0.0
3.410863565457382e-05,-0.016666666666666607
3.411863525458982e-05,0.0
3.412863485460582e-05,0.0
3.413863445462182e-05,0.0
3.414863405463782e-05,0.0
3.4158633654653813e-05,0.0
3.4168633254669814e-05,0.0
3.4178632854685815e-05,0.016666666666666607
3.4188632454701815e-05,0.0
3.4198632054717816e-05,0.0
3.420863165473381e-05,0.0
3.421863125474981e-05,0.0
3.422863085476581e-05,0.0
3.423863045478181e-05,0.0
3.424863005479781e-05,0.0
3.425862965481381e-05,0.0
3.4268629254829806e-05,0.0
3.427862885484581e-05,0.0
3.428862845486181e-05,0.0
3.429862805487781e-05,0.0
3.430862765489381e-05,0.0
3.43186272549098e-05,0.0
3.43286268549258e-05,0.0
3.4338626454941804e-05,0.0
3.4348626054957804e-05,0.0
3.4358625654973805e-05,0.0
3.4368625254989806e-05,0.016666666666666607
3.43786248550058e-05,0.0
3.43886244550218e-05,0.0
3.43986240550378e-05,0.0
3.44086236550538e-05,0.0
3.44186232550698e-05,0.016666666666666607
3.4428622855085796e-05,0.016666666666666607
3.4438622455101796e-05,-0.016666666666666607
3.44486220551178e-05,0.0
3.44586216551338e-05,-0.016666666666666607
3.44686212551498e-05,-0.016666666666666607
3.447862085516579e-05,0.016666666666666607
3.448862045518179e-05,0.0
3.449862005519779e-05,0.033333333333333215
3.4508619655213794e-05,0.016666666666666607
3.4518619255229794e-05,0.0
3.4528618855245795e-05,0.0
3.453861845526179e-05,0.0
3.454861805527779e-05,0.0
3.455861765529379e-05,0.016666666666666607
3.456861725530979e-05,0.016666666666666607
3.457861685532579e-05,0.016666666666666607
3.4588616455341785e-05,0.0
3.4598616055357786e-05,0.0
3.4608615655373786e-05,-0.016666666666666607
3.461861525538979e-05,-0.016666666666666607
3.462861485540579e-05,0.0
3.463861445542179e-05,0.016666666666666607
3.464861405543778e-05,0.0
3.465861365545378e-05,0.016666666666666607
3.466861325546978e-05,0.0
3.4678612855485784e-05,0.0
3.4688612455501784e-05,0.0
3.469861205551778e-05,0.0
3.470861165553378e-05,0.016666666666666607
3.471861125554978e-05,0.0
3.472861085556578e-05,0.0
3.473861045558178e-05,0.0
3.474861005559778e-05,0.0
3.4758609655613775e-05,0.0
3.4768609255629775e-05,0.0
3.4778608855645776e-05,0.0
3.478860845566178e-05,0.0
3.479860805567778e-05,0.016666666666666607
3.480860765569377e-05,0.0
3.481860725570977e-05,0.0
3.482860685572577e-05,0.016666666666666607
3.483860645574177e-05,0.0
3.4848606055757773e-05,-0.016666666666666607
3.4858605655773774e-05,0.0
3.486860525578977e-05,0.0
3.487860485580577e-05,0.0
3.488860445582177e-05,0.0
3.489860405583777e-05,0.0
3.490860365585377e-05,0.0
3.4918603255869764e-05,0.0
3.4928602855885765e-05,0.0
3.4938602455901765e-05,0.0
3.4948602055917766e-05,0.0
3.4958601655933767e-05,0.0
3.496860125594977e-05,0.0
3.497860085596576e-05,0.0
3.498860045598176e-05,0.0
3.499860005599776e-05,0.0
3.500859965601376e-05,0.0
3.501859925602976e-05,0.0
3.502859885604576e-05,0.0
3.503859845606176e-05,0.0
3.504859805607776e-05,0.0
3.505859765609376e-05,0.016666666666666607
3.506859725610976e-05,0.0
3.507859685612576e-05,0.0
3.5088596456141754e-05,0.0
3.5098596056157755e-05,0.0
3.5108595656173755e-05,0.0
3.5118595256189756e-05,0.0
3.5128594856205756e-05,0.0
3.513859445622175e-05,0.0
3.514859405623775e-05,-0.016666666666666607
3.515859365625375e-05,0.016666666666666607
3.516859325626975e-05,0.0
3.517859285628575e-05,0.016666666666666607
3.518859245630175e-05,0.0
3.519859205631775e-05,0.016666666666666607
3.520859165633375e-05,0.016666666666666607
3.521859125634975e-05,0.0
3.522859085636575e-05,0.0
3.523859045638175e-05,0.016666666666666607
3.524859005639774e-05,0.0
3.5258589656413744e-05,0.0
3.5268589256429744e-05,0.0
3.5278588856445745e-05,0.0
3.5288588456461746e-05,0.0
3.529858805647774e-05,0.0
3.530858765649374e-05,0.0
3.531858725650974e-05,0.0
3.532858685652574e-05,0.0
3.533858645654174e-05,0.0
3.534858605655774e-05,0.0
3.5358585656573736e-05,0.0
3.536858525658974e-05,0.0
3.537858485660574e-05,0.0
3.538858445662174e-05,0.0
3.539858405663774e-05,0.0
3.540858365665373e-05,0.0
3.541858325666973e-05,0.0
3.5428582856685734e-05,0.0
3.5438582456701734e-05,0.0
3.5448582056717735e-05,0.0
3.5458581656733736e-05,0.0
3.546858125674973e-05,0.0
3.547858085676573e-05,0.016666666666666607
3.548858045678173e-05,0.0
3.549858005679773e-05,0.0
3.550857965681373e-05,0.0
3.5518579256829726e-05,0.0
3.5528578856845726e-05,0.0
3.553857845686173e-05,0.0
3.554857805687773e-05,0.0
3.555857765689373e-05,0.0
3.556857725690973e-05,0.0
3.557857685692572e-05,0.0
3.558857645694172e-05,0.016666666666666607
3.5598576056957724e-05,0.0
3.5608575656973724e-05,0.0
3.5618575256989725e-05,0.016666666666666607
3.562857485700572e-05,0.0
3.563857445702172e-05,0.0
3.564857405703772e-05,0.0
3.565857365705372e-05,0.0
3.566857325706972e-05,0.0
3.567857285708572e-05,0.0
3.5688572457101715e-05,0.0
3.5698572057117716e-05,0.0
3.570857165713372e-05,-0.016666666666666607
3.571857125714972e-05,0.0
3.572857085716572e-05,0.0
3.573857045718171e-05,0.0
3.574857005719771e-05,0.0
3.575856965721371e-05,0.0
3.5768569257229713e-05,0.0
3.5778568857245714e-05,0.0
3.5788568457261715e-05,0.0
3.579856805727771e-05,0.0
3.580856765729371e-05,0.0
3.581856725730971e-05,0.0
3.582856685732571e-05,0.0
3.583856645734171e-05,0.0
3.5848566057357705e-05,0.0
3.5858565657373705e-05,0.0
3.5868565257389706e-05,0.0
3.5878564857405706e-05,0.0
3.588856445742171e-05,0.0
3.589856405743771e-05,0.0
3.59085636574537e-05,0.0
3.59185632574697e-05,0.0
3.59285628574857e-05,0.0
3.59385624575017e-05,0.0
3.5948562057517704e-05,0.0
3.59585616575337e-05,0.0
3.59685612575497e-05,0.0
3.59785608575657e-05,0.0
3.59885604575817e-05,0.0
3.59985600575977e-05,0.0
3.60085596576137e-05,0.0
3.6018559257629695e-05,0.0
3.6028558857645695e-05,0.0
3.6038558457661696e-05,0.0
3.6048558057677696e-05,0.0
3.60585576576937e-05,0.0
3.606855725770969e-05,0.0
3.607855685772569e-05,-0.016666666666666607
3.608855645774169e-05,0.0
3.609855605775769e-05,0.0
3.610855565777369e-05,0.0
3.6118555257789694e-05,0.0
3.612855485780569e-05,0.0
3.613855445782169e-05,0.0
3.614855405783769e-05,0.0
3.615855365785369e-05,0.0
3.616855325786969e-05,0.0
3.6178552857885684e-05,0.0
3.6188552457901684e-05,0.0
3.6198552057917685e-05,0.0
3.6208551657933686e-05,0.0
3.6218551257949686e-05,0.0
3.622855085796568e-05,0.0
3.623855045798168e-05,0.0
3.624855005799768e-05,0.0
3.625854965801368e-05,0.0
3.626854925802968e-05,0.0
3.627854885804568e-05,0.0
3.628854845806168e-05,0.0
3.629854805807768e-05,0.0
3.630854765809368e-05,0.0
3.631854725810968e-05,0.0
3.632854685812568e-05,0.0
3.633854645814167e-05,0.0
3.6348546058157674e-05,0.0
3.6358545658173674e-05,0.0
3.6368545258189675e-05,0.0
3.6378544858205675e-05,0.0
3.6388544458221676e-05,0.0
3.639854405823767e-05,0.016666666666666607
3.640854365825367e-05,0.0
3.641854325826967e-05,0.016666666666666607
3.642854285828567e-05,0.0
3.643854245830167e-05,0.0
3.6448542058317666e-05,0.0
3.645854165833367e-05,0.0
3.646854125834967e-05,0.0
3.647854085836567e-05,0.0
3.648854045838167e-05,0.0
3.649854005839767e-05,0.016666666666666607
3.650853965841366e-05,0.0
3.6518539258429664e-05,0.0
3.6528538858445664e-05,-0.016666666666666607
3.6538538458461665e-05,0.0
3.6548538058477665e-05,0.0
3.655853765849366e-05,0.0
3.656853725850966e-05,0.0
3.657853685852566e-05,0.0
3.658853645854166e-05,0.0
3.659853605855766e-05,0.0
3.660853565857366e-05,0.0
3.6618535258589656e-05,0.0
3.6628534858605657e-05,0.0
3.663853445862166e-05,0.0
3.664853405863766e-05,0.0
3.665853365865366e-05,0.016666666666666607
3.666853325866965e-05,0.0
3.667853285868565e-05,0.0
3.6688532458701653e-05,0.0
3.6698532058717654e-05,0.0
3.6708531658733655e-05,0.016666666666666607
3.6718531258749655e-05,0.0
3.672853085876565e-05,0.0
3.673853045878165e-05,0.0
3.674853005879765e-05,-0.016666666666666607
3.675852965881365e-05,-0.016666666666666607
3.676852925882965e-05,0.0
3.6778528858845645e-05,0.016666666666666607
3.6788528458861646e-05,0.0
3.6798528058877646e-05,-0.016666666666666607
3.680852765889365e-05,0.0
3.681852725890965e-05,0.0
3.682852685892565e-05,0.0
3.683852645894164e-05,-0.016666666666666607
3.684852605895764e-05,0.0
3.685852565897364e-05,0.016666666666666607
3.6868525258989644e-05,0.016666666666666607
3.6878524859005644e-05,0.0
3.688852445902164e-05,0.0
3.689852405903764e-05,0.0
3.690852365905364e-05,0.016666666666666607
3.691852325906964e-05,0.016666666666666607
3.692852285908564e-05,0.0
3.693852245910164e-05,0.0
3.6948522059117635e-05,0.0
3.6958521659133636e-05,0.0
3.6968521259149636e-05,0.0
3.697852085916564e-05,0.0
3.698852045918164e-05,0.0
3.699852005919763e-05,0.0
3.700851965921363e-05,0.0
3.701851925922963e-05,0.0
3.702851885924563e-05,0.0
3.7038518459261634e-05,-0.016666666666666607
3.704851805927763e-05,0.0
3.705851765929363e-05,0.0
3.706851725930963e-05,0.0
3.707851685932563e-05,0.0
3.708851645934163e-05,0.0
3.709851605935763e-05,0.0
3.7108515659373624e-05,0.0
3.7118515259389625e-05,0.0
3.7128514859405626e-05,0.0
3.7138514459421626e-05,0.0
3.714851405943763e-05,0.016666666666666607
3.715851365945362e-05,0.016666666666666607
3.716851325946962e-05,0.0
3.717851285948562e-05,0.016666666666666607
3.718851245950162e-05,0.0
3.719851205951762e-05,0.0
3.7208511659533624e-05,0.0
3.721851125954962e-05,0.0
3.722851085956562e-05,0.0
3.723851045958162e-05,0.0
3.724851005959762e-05,0.0
3.725850965961362e-05,0.0
3.7268509259629614e-05,-0.016666666666666607
3.7278508859645614e-05,0.0
3.7288508459661615e-05,0.0
3.7298508059677615e-05,0.0
3.7308507659693616e-05,0.0
3.731850725970962e-05,0.0
3.732850685972561e-05,0.016666666666666607
3.733850645974161e-05,0.0
3.734850605975761e-05,0.0
3.735850565977361e-05,0.016666666666666607
3.736850525978961e-05,0.0
3.737850485980561e-05,0.0
3.738850445982161e-05,0.0
3.739850405983761e-05,0.0
3.740850365985361e-05,0.0
3.741850325986961e-05,0.016666666666666607
3.742850285988561e-05,0.0
3.7438502459901604e-05,0.0
3.7448502059917604e-05,0.0
3.7458501659933605e-05,0.0
3.7468501259949605e-05,0.0
3.7478500859965606e-05,0.0
3.74885004599816e-05,0.0
3.74985000599976e-05,0.0
3.75084996600136e-05,0.0
3.75184992600296e-05,0.0
3.75284988600456e-05,0.0
3.75384984600616e-05,0.0
3.7548498060077597e-05,0.0
3.75584976600936e-05,0.0
3.75684972601096e-05,0.0
3.75784968601256e-05,0.016666666666666607
3.75884964601416e-05,0.0
3.759849606015759e-05,0.016666666666666607
3.7608495660173593e-05,0.0
3.7618495260189594e-05,0.0
3.7628494860205595e-05,0.0
3.7638494460221595e-05,0.0
3.7648494060237596e-05,0.0
3.765849366025359e-05,0.0
3.766849326026959e-05,0.0
3.767849286028559e-05,0.0
3.768849246030159e-05,0.0
3.769849206031759e-05,0.0
3.7708491660333586e-05,0.0
3.7718491260349586e-05,0.0
3.772849086036559e-05,0.0
3.773849046038159e-05,0.0
3.774849006039759e-05,0.0
3.775848966041359e-05,0.016666666666666607
3.776848926042958e-05,0.0
3.777848886044558e-05,0.0
3.7788488460461584e-05,0.0
3.7798488060477584e-05,0.0
3.7808487660493585e-05,0.0
3.781848726050958e-05,0.0
3.782848686052558e-05,0.016666666666666607
3.783848646054158e-05,0.0
3.784848606055758e-05,0.0
3.785848566057358e-05,0.0
3.786848526058958e-05,0.0
3.7878484860605576e-05,0.0
3.7888484460621576e-05,0.0
3.789848406063758e-05,0.0
3.790848366065358e-05,0.0
3.791848326066958e-05,0.016666666666666607
3.792848286068557e-05,0.0
3.793848246070157e-05,0.0
3.794848206071757e-05,0.0
3.7958481660733574e-05,0.0
3.7968481260749574e-05,0.0
3.797848086076557e-05,0.0
3.798848046078157e-05,0.0
3.799848006079757e-05,0.0
3.800847966081357e-05,0.0
3.801847926082957e-05,0.016666666666666607
3.802847886084557e-05,0.0
3.8038478460861565e-05,0.0
3.8048478060877566e-05,0.0
3.8058477660893566e-05,0.0
3.806847726090957e-05,0.0
3.807847686092557e-05,0.0
3.808847646094156e-05,0.0
3.809847606095756e-05,0.016666666666666607
3.810847566097356e-05,0.0
3.811847526098956e-05,0.0
3.8128474861005564e-05,0.0
3.8138474461021564e-05,0.016666666666666607
3.814847406103756e-05,0.0
3.815847366105356e-05,0.0
3.816847326106956e-05,0.0
3.817847286108556e-05,0.0
3.818847246110156e-05,0.0
3.8198472061117554e-05,0.0
3.8208471661133555e-05,0.0
3.8218471261149555e-05,0.0
3.8228470861165556e-05,0.0
3.823847046118156e-05,0.0
3.824847006119756e-05,0.0
3.825846966121355e-05,0.0
3.826846926122955e-05,0.0
3.827846886124555e-05,0.0
3.828846846126155e-05,0.0
3.8298468061277553e-05,0.0
3.830846766129355e-05,0.0
3.831846726130955e-05,0.0
3.832846686132555e-05,0.016666666666666607
3.833846646134155e-05,0.016666666666666607
3.834846606135755e-05,0.0
3.835846566137355e-05,0.0
3.8368465261389544e-05,0.0
3.8378464861405545e-05,0.0
3.8388464461421545e-05,0.0
3.8398464061437546e-05,0.0
3.8408463661453547e-05,0.0
3.841846326146954e-05,0.0
3.842846286148554e-05,0.0
3.843846246150154e-05,0.0
3.844846206151754e-05,0.0
3.845846166153354e-05,0.0
3.846846126154954e-05,0.0
3.847846086156554e-05,0.0
3.848846046158154e-05,0.0
3.849846006159754e-05,0.016666666666666607
3.850845966161354e-05,0.0
3.851845926162954e-05,0.0
3.852845886164553e-05,0.0
3.8538458461661534e-05,0.0
3.8548458061677535e-05,0.0
3.8558457661693535e-05,0.0
3.8568457261709536e-05,0.0
3.8578456861725536e-05,0.0
3.858845646174153e-05,0.0
3.859845606175753e-05,0.0
3.860845566177353e-05,0.0
3.861845526178953e-05,0.016666666666666607
3.862845486180553e-05,0.0
3.8638454461821526e-05,0.0
3.864845406183753e-05,0.0
3.865845366185353e-05,0.0
3.866845326186953e-05,0.0
3.867845286188553e-05,0.0
3.868845246190153e-05,0.0
3.869845206191752e-05,0.016666666666666607
3.8708451661933524e-05,0.0
3.8718451261949524e-05,0.0
3.8728450861965525e-05,0.0
3.8738450461981526e-05,0.0
3.874845006199752e-05,0.0
3.875844966201352e-05,0.0
3.876844926202952e-05,0.0
3.877844886204552e-05,0.0
3.878844846206152e-05,0.0
3.8798448062077516e-05,0.0
3.8808447662093516e-05,0.0
3.881844726210952e-05,0.0
3.882844686212552e-05,0.0
3.883844646214152e-05,0.0
3.884844606215752e-05,0.0
3.885844566217351e-05,0.0
3.886844526218951e-05,0.0
3.8878444862205514e-05,0.0
3.8888444462221514e-05,0.0
3.8898444062237515e-05,0.0
3.890844366225351e-05,0.0
3.891844326226951e-05,0.0
3.892844286228551e-05,0.0
3.893844246230151e-05,0.0
3.894844206231751e-05,0.0
3.895844166233351e-05,0.0
3.8968441262349506e-05,0.0
3.8978440862365506e-05,0.0
3.898844046238151e-05,0.0
3.899844006239751e-05,0.0
3.900843966241351e-05,0.0
3.90184392624295e-05,0.0
3.90284388624455e-05,0.0
3.90384384624615e-05,0.0
3.9048438062477504e-05,0.0
3.9058437662493504e-05,0.0
3.9068437262509505e-05,0.0
3.90784368625255e-05,0.0
3.90884364625415e-05,0.0
3.90984360625575e-05,0.0
3.91084356625735e-05,0.0
3.91184352625895e-05,0.0
3.9128434862605495e-05,0.0
3.9138434462621495e-05,0.0
3.9148434062637496e-05,0.0
3.91584336626535e-05,0.0
3.91684332626695e-05,0.016666666666666607
3.91784328626855e-05,0.016666666666666607
3.918843246270149e-05,0.0
3.919843206271749e-05,0.0
3.920843166273349e-05,0.0
3.9218431262749493e-05,0.0
3.9228430862765494e-05,0.0
3.923843046278149e-05,0.0
3.924843006279749e-05,0.0
3.925842966281349e-05,0.0
3.926842926282949e-05,0.0
3.927842886284549e-05,0.0
3.928842846286149e-05,0.0
3.9298428062877485e-05,0.016666666666666607
3.9308427662893485e-05,0.0
3.9318427262909486e-05,0.0
3.9328426862925486e-05,0.0
3.933842646294149e-05,0.0
3.934842606295748e-05,0.0
3.935842566297348e-05,0.0
3.936842526298948e-05,0.0
3.937842486300548e-05,0.0
3.938842446302148e-05,0.0
3.9398424063037484e-05,0.0
3.940842366305348e-05,0.0
3.941842326306948e-05,0.0
3.942842286308548e-05,0.0
3.943842246310148e-05,0.0
3.944842206311748e-05,0.0
3.9458421663133474e-05,0.0
3.9468421263149475e-05,0.0
3.9478420863165475e-05,0.0
3.9488420463181476e-05,0.0
3.9498420063197476e-05,0.0
3.950841966321348e-05,0.0
3.951841926322947e-05,0.0
3.952841886324547e-05,0.0
3.953841846326147e-05,0.0
3.954841806327747e-05,0.0
3.955841766329347e-05,0.0
3.956841726330947e-05,0.0
3.957841686332547e-05,0.0
3.958841646334147e-05,0.0
3.959841606335747e-05,0.0
3.960841566337347e-05,0.0
3.961841526338947e-05,0.0
3.9628414863405464e-05,0.0
3.9638414463421464e-05,0.0
3.9648414063437465e-05,0.0
3.9658413663453466e-05,0.0
3.9668413263469466e-05,0.0
3.967841286348546e-05,0.0
3.968841246350146e-05,0.0
3.969841206351746e-05,0.0
3.970841166353346e-05,0.0
3.971841126354946e-05,0.0
3.9728410863565456e-05,0.0
3.973841046358146e-05,0.0
3.974841006359746e-05,0.0
3.975840966361346e-05,0.0
3.976840926362946e-05,0.0
3.977840886364546e-05,0.0
3.978840846366145e-05,0.0
3.9798408063677454e-05,0.0
3.9808407663693454e-05,0.0
3.9818407263709455e-05,0.0
3.9828406863725455e-05,0.0
3.983840646374145e-05,0.0
3.984840606375745e-05,0.0
3.985840566377345e-05,-0.016666666666666607
3.986840526378945e-05,0.0
3.987840486380545e-05,0.0
3.988840446382145e-05,0.0
3.9898404063837446e-05,0.0
3.990840366385345e-05,0.0
3.991840326386945e-05,0.0
3.992840286388545e-05,0.0
3.993840246390145e-05,0.0
3.994840206391744e-05,0.0
3.995840166393344e-05,0.0
3.9968401263949444e-05,0.0
3.9978400863965444e-05,0.0
3.9988400463981445e-05,0.0
3.9998400063997445e-05,0.0
4.000839966401344e-05,0.0
4.001839926402944e-05,0.0
4.002839886404544e-05,0.0
4.003839846406144e-05,0.016666666666666607
4.004839806407744e-05,0.0
4.0058397664093435e-05,0.0
4.0068397264109436e-05,0.0
4.0078396864125437e-05,0.0
4.008839646414144e-05,0.0
4.009839606415744e-05,0.0
4.010839566417344e-05,0.0
4.011839526418943e-05,0.0
4.012839486420543e-05,0.0
4.0138394464221433e-05,0.0
4.0148394064237434e-05,-0.016666666666666607
4.0158393664253435e-05,-0.016666666666666607
4.016839326426943e-05,0.0
4.017839286428543e-05,0.0
4.018839246430143e-05,0.0
4.019839206431743e-05,0.0
4.020839166433343e-05,0.0
4.021839126434943e-05,0.0
4.0228390864365425e-05,0.0
4.0238390464381426e-05,0.0
4.0248390064397426e-05,0.0
4.025838966441343e-05,0.0
4.026838926442943e-05,0.0
4.027838886444542e-05,0.0
4.028838846446142e-05,0.0
4.029838806447742e-05,0.0
4.030838766449342e-05,0.0
4.0318387264509424e-05,0.0
4.0328386864525424e-05,0.016666666666666607
4.033838646454142e-05,0.0
4.034838606455742e-05,0.0
4.035838566457342e-05,-0.016666666666666607
4.036838526458942e-05,-0.016666666666666607
4.037838486460542e-05,-0.016666666666666607
4.0388384464621415e-05,0.0
4.0398384064637415e-05,0.016666666666666607
4.0408383664653416e-05,0.016666666666666607
4.0418383264669416e-05,0.0
4.042838286468542e-05,0.0
4.043838246470142e-05,0.0
4.044838206471741e-05,0.0
4.045838166473341e-05,0.0
4.046838126474941e-05,0.0
4.047838086476541e-05,0.016666666666666607
4.0488380464781414e-05,0.0
4.049838006479741e-05,-0.016666666666666607
4.050837966481341e-05,0.0
4.051837926482941e-05,0.0
4.052837886484541e-05,0.0
4.053837846486141e-05,0.033333333333333215
4.0548378064877404e-05,0.016666666666666607
4.0558377664893404e-05,0.0
4.0568377264909405e-05,-0.016666666666666607
4.0578376864925406e-05,0.0
4.0588376464941406e-05,0.0
4.059837606495741e-05,0.0
4.06083756649734e-05,0.016666666666666607
4.06183752649894e-05,0.016666666666666607
4.06283748650054e-05,0.0
4.06383744650214e-05,-0.016666666666666607
4.06483740650374e-05,0.0
4.06583736650534e-05,0.016666666666666607
4.06683732650694e-05,0.0
4.06783728650854e-05,0.0
4.06883724651014e-05,0.0
4.06983720651174e-05,-0.016666666666666607
4.07083716651334e-05,0.0
4.0718371265149394e-05,0.0
4.0728370865165394e-05,0.0
4.0738370465181395e-05,0.0
4.0748370065197395e-05,0.0
4.0758369665213396e-05,0.0
4.076836926522939e-05,0.0
4.077836886524539e-05,0.0
4.078836846526139e-05,0.0
4.079836806527739e-05,0.0
4.080836766529339e-05,0.016666666666666607
4.081836726530939e-05,0.0
4.082836686532539e-05,0.0
4.083836646534139e-05,0.016666666666666607
4.084836606535739e-05,0.0
4.085836566537339e-05,0.0
4.086836526538939e-05,0.0
4.087836486540538e-05,-0.016666666666666607
4.0888364465421384e-05,-0.016666666666666607
4.0898364065437384e-05,0.0
4.0908363665453385e-05,0.016666666666666607
4.0918363265469385e-05,0.016666666666666607
4.0928362865485386e-05,0.0
4.093836246550138e-05,0.0
4.094836206551738e-05,0.0
4.095836166553338e-05,0.0
4.096836126554938e-05,-0.016666666666666607
4.097836086556538e-05,0.0
4.0988360465581376e-05,0.0
4.0998360065597377e-05,0.0
4.100835966561338e-05,0.0
4.101835926562938e-05,0.016666666666666607
4.102835886564538e-05,0.0
4.103835846566138e-05,0.0
4.104835806567737e-05,0.0
4.105835766569337e-05,0.016666666666666607
4.1068357265709374e-05,0.0
4.1078356865725375e-05,0.0
4.1088356465741375e-05,0.0
4.109835606575737e-05,0.016666666666666607
4.110835566577337e-05,0.0
4.111835526578937e-05,0.0
4.112835486580537e-05,0.0
4.113835446582137e-05,0.0
4.114835406583737e-05,0.0
4.1158353665853366e-05,0.0
4.1168353265869366e-05,0.0
4.117835286588537e-05,-0.016666666666666607
4.118835246590137e-05,0.0
4.119835206591737e-05,0.0
4.120835166593336e-05,0.0
4.121835126594936e-05,0.0
4.122835086596536e-05,0.0
4.1238350465981364e-05,-0.016666666666666607
4.1248350065997364e-05,0.0
4.1258349666013365e-05,0.0
4.126834926602936e-05,0.0
4.127834886604536e-05,0.0
4.128834846606136e-05,0.0
4.129834806607736e-05,0.0
4.130834766609336e-05,0.0
4.1318347266109355e-05,0.0
4.1328346866125356e-05,0.0
4.1338346466141356e-05,0.0
4.134834606615736e-05,0.0
4.135834566617336e-05,0.0
4.136834526618936e-05,0.0
4.137834486620535e-05,0.0
4.138834446622135e-05,0.0
4.139834406623735e-05,0.0
4.1408343666253354e-05,0.0
4.1418343266269354e-05,0.0
4.142834286628535e-05,0.0
4.143834246630135e-05,0.0
4.144834206631735e-05,0.0
4.145834166633335e-05,0.0
4.146834126634935e-05,0.0
4.1478340866365344e-05,0.0
4.1488340466381345e-05,0.0
4.1498340066397346e-05,0.0
4.1508339666413346e-05,0.0
4.151833926642935e-05,0.0
4.152833886644535e-05,0.0
4.153833846646134e-05,0.0
4.154833806647734e-05,0.0
4.155833766649334e-05,0.0
4.156833726650934e-05,0.016666666666666607
4.1578336866525344e-05,0.0
4.158833646654134e-05,0.0
4.159833606655734e-05,0.0
4.160833566657334e-05,0.0
4.161833526658934e-05,0.0
4.162833486660534e-05,0.0
4.163833446662134e-05,0.0
4.1648334066637334e-05,0.0
4.1658333666653335e-05,0.0
4.1668333266669335e-05,0.0
4.1678332866685336e-05,-0.016666666666666607
4.168833246670134e-05,0.0
4.169833206671733e-05,0.0
4.170833166673333e-05,0.0
4.171833126674933e-05,0.0
4.172833086676533e-05,0.0
4.173833046678133e-05,0.0
4.1748330066797333e-05,0.0
4.175832966681333e-05,0.0
4.176832926682933e-05,0.0
4.177832886684533e-05,0.0
4.178832846686133e-05,0.0
4.179832806687733e-05,0.0
4.1808327666893323e-05,0.0
4.1818327266909324e-05,0.016666666666666607
4.1828326866925325e-05,0.016666666666666607
4.1838326466941325e-05,0.0
4.1848326066957326e-05,0.0
4.1858325666973326e-05,0.0
4.186832526698932e-05,0.0
4.187832486700532e-05,0.0
4.188832446702132e-05,0.0
4.189832406703732e-05,0.0
4.190832366705332e-05,0.0
4.1918323267069317e-05,0.0
4.192832286708532e-05,0.0
4.193832246710132e-05,0.0
4.194832206711732e-05,0.0
4.195832166713332e-05,0.0
4.196832126714932e-05,0.0
4.197832086716531e-05,0.0
4.1988320467181314e-05,0.0
4.1998320067197315e-05,0.0
4.2008319667213315e-05,0.0
4.2018319267229316e-05,0.0
4.202831886724531e-05,0.0
4.203831846726131e-05,0.0
4.204831806727731e-05,0.0
4.205831766729331e-05,0.0
4.206831726730931e-05,0.0
4.207831686732531e-05,0.0
4.2088316467341306e-05,0.0
4.209831606735731e-05,0.0
4.210831566737331e-05,0.0
4.211831526738931e-05,0.0
4.212831486740531e-05,0.0
4.21383144674213e-05,0.0
4.21483140674373e-05,0.0
4.2158313667453304e-05,0.0
4.2168313267469304e-05,0.0
4.2178312867485305e-05,0.0
4.2188312467501306e-05,0.0
4.21983120675173e-05,0.0
4.22083116675333e-05,0.0
4.22183112675493e-05,0.0
4.22283108675653e-05,0.0
4.22383104675813e-05,0.0
4.2248310067597296e-05,0.0
4.2258309667613296e-05,0.0
4.22683092676293e-05,0.0
4.22783088676453e-05,0.0
4.22883084676613e-05,0.0
4.229830806767729e-05,0.0
4.230830766769329e-05,0.0
4.231830726770929e-05,0.0
4.2328306867725294e-05,0.016666666666666607
4.2338306467741294e-05,0.0
4.2348306067757295e-05,0.0
4.235830566777329e-05,0.0
4.236830526778929e-05,0.0
4.237830486780529e-05,0.0
4.238830446782129e-05,0.0
4.239830406783729e-05,0.0
4.2408303667853285e-05,0.0
4.2418303267869286e-05,0.0
4.2428302867885286e-05,-0.016666666666666607
4.243830246790129e-05,0.0
4.244830206791729e-05,0.0
4.245830166793329e-05,0.0
4.246830126794928e-05,0.0
4.247830086796528e-05,0.0
4.248830046798128e-05,0.0
4.2498300067997284e-05,0.0
4.2508299668013284e-05,0.0
4.251829926802928e-05,0.0
4.252829886804528e-05,0.0
4.253829846806128e-05,0.0
4.254829806807728e-05,0.0
4.255829766809328e-05,0.0
4.256829726810928e-05,0.0
4.2578296868125275e-05,0.0
4.2588296468141275e-05,0.0
4.2598296068157276e-05,0.0
4.2608295668173277e-05,0.0
4.261829526818928e-05,0.0
4.262829486820527e-05,0.0
4.263829446822127e-05,0.0
4.264829406823727e-05,0.0
4.265829366825327e-05,0.0
4.2668293268269273e-05,0.0
4.2678292868285274e-05,0.0
4.268829246830127e-05,0.0
4.269829206831727e-05,0.0
4.270829166833327e-05,0.0
4.271829126834927e-05,0.0
4.272829086836527e-05,0.0
4.2738290468381264e-05,0.0
4.2748290068397265e-05,0.0
4.2758289668413265e-05,0.0
4.2768289268429266e-05,0.0
4.2778288868445266e-05,0.0
4.278828846846127e-05,0.0
4.279828806847726e-05,0.0
4.280828766849326e-05,0.0
4.281828726850926e-05,0.0
4.282828686852526e-05,0.0
4.283828646854126e-05,0.0
4.284828606855726e-05,0.0
4.285828566857326e-05,0.0
4.286828526858926e-05,0.0
4.287828486860526e-05,0.0
4.288828446862126e-05,0.0
4.289828406863726e-05,0.0
4.2908283668653254e-05,0.0
4.2918283268669255e-05,0.0
4.2928282868685255e-05,0.0
4.2938282468701256e-05,0.0
4.2948282068717256e-05,0.0
4.295828166873325e-05,0.0
4.296828126874925e-05,0.0
4.297828086876525e-05,0.016666666666666607
4.298828046878125e-05,0.0
4.299828006879725e-05,0.0
4.300827966881325e-05,0.0
4.301827926882925e-05,0.0
4.302827886884525e-05,0.016666666666666607
4.303827846886125e-05,0.0
4.304827806887725e-05,0.0
4.305827766889325e-05,0.016666666666666607
4.306827726890924e-05,0.0
4.3078276868925244e-05,0.0
4.3088276468941244e-05,0.0
4.3098276068957245e-05,0.0
4.3108275668973246e-05,0.0
4.3118275268989246e-05,0.0
4.312827486900524e-05,0.0
4.313827446902124e-05,0.0
4.314827406903724e-05,0.0
4.315827366905324e-05,0.0
4.316827326906924e-05,0.0
4.3178272869085236e-05,0.0
4.318827246910124e-05,0.0
4.319827206911724e-05,0.0
4.320827166913324e-05,0.0
4.321827126914924e-05,0.016666666666666607
4.322827086916523e-05,0.0
4.323827046918123e-05,0.0
4.3248270069197234e-05,0.0
4.3258269669213234e-05,0.0
4.3268269269229235e-05,0.0
4.3278268869245235e-05,0.0
4.328826846926123e-05,0.0
4.329826806927723e-05,0.0
4.330826766929323e-05,0.0
4.331826726930923e-05,0.0
4.332826686932523e-05,0.0
4.3338266469341226e-05,0.0
4.3348266069357226e-05,0.0
4.335826566937323e-05,0.0
4.336826526938923e-05,0.016666666666666607
4.337826486940523e-05,0.0
4.338826446942123e-05,0.0
4.339826406943722e-05,0.0
4.340826366945322e-05,0.0
4.3418263269469224e-05,0.0
4.3428262869485224e-05,0.016666666666666607
4.3438262469501225e-05,-0.016666666666666607
4.344826206951722e-05,0.0
4.345826166953322e-05,0.0
4.346826126954922e-05,0.0
4.347826086956522e-05,0.0
4.348826046958122e-05,0.0
4.349826006959722e-05,0.0
4.3508259669613215e-05,0.0
4.3518259269629216e-05,0.0
4.3528258869645217e-05,0.0
4.353825846966122e-05,0.0
4.354825806967722e-05,0.016666666666666607
4.355825766969321e-05,0.0
4.356825726970921e-05,0.0
4.357825686972521e-05,0.0
4.3588256469741213e-05,0.0
4.3598256069757214e-05,-0.016666666666666607
4.3608255669773215e-05,0.0
4.361825526978921e-05,0.0
4.362825486980521e-05,0.0
4.363825446982121e-05,0.0
4.364825406983721e-05,0.0
4.365825366985321e-05,0.0
4.3668253269869205e-05,0.0
4.3678252869885205e-05,0.0
4.3688252469901206e-05,0.0
4.3698252069917206e-05,0.0
4.370825166993321e-05,0.0
4.371825126994921e-05,0.0
4.37282508699652e-05,0.0
4.37382504699812e-05,0.0
4.37482500699972e-05,0.0
4.37582496700132e-05,0.0
4.3768249270029204e-05,0.0
4.37782488700452e-05,0.0
4.37882484700612e-05,0.0
4.37982480700772e-05,0.0
4.38082476700932e-05,0.0
4.38182472701092e-05,0.0
4.38282468701252e-05,0.0
4.3838246470141195e-05,0.0
4.3848246070157195e-05,0.0
4.3858245670173196e-05,0.0
4.3868245270189196e-05,0.0
4.38782448702052e-05,0.0
4.388824447022119e-05,0.0
4.389824407023719e-05,0.0
4.390824367025319e-05,0.0
4.391824327026919e-05,0.0
4.392824287028519e-05,0.0
4.3938242470301194e-05,0.0
4.394824207031719e-05,0.0
4.395824167033319e-05,0.0
4.396824127034919e-05,0.0
4.397824087036519e-05,0.0
4.398824047038119e-05,0.0
4.3998240070397184e-05,0.0
4.4008239670413184e-05,0.0
4.4018239270429185e-05,0.0
4.4028238870445186e-05,0.0
4.4038238470461186e-05,0.0
4.404823807047718e-05,0.0
4.405823767049318e-05,0.0
4.406823727050918e-05,0.0
4.407823687052518e-05,0.0
4.408823647054118e-05,0.0
4.409823607055718e-05,0.0
4.410823567057318e-05,0.0
4.411823527058918e-05,0.0
4.412823487060518e-05,0.0
4.413823447062118e-05,0.0
4.414823407063718e-05,0.0
4.415823367065317e-05,0.0
4.4168233270669174e-05,0.0
4.4178232870685174e-05,0.0
4.4188232470701175e-05,0.0
4.4198232070717175e-05,0.0
4.4208231670733176e-05,0.0
4.421823127074917e-05,0.0
4.422823087076517e-05,0.0
4.423823047078117e-05,0.0
4.424823007079717e-05,-0.016666666666666607
4.425822967081317e-05,0.016666666666666607
4.4268229270829166e-05,0.0
4.427822887084517e-05,0.0
4.428822847086117e-05,0.0
4.429822807087717e-05,0.0
4.430822767089317e-05,0.0
4.431822727090917e-05,0.0
4.432822687092516e-05,0.0
4.4338226470941164e-05,0.0
4.4348226070957164e-05,0.016666666666666607
4.4358225670973165e-05,0.016666666666666607
4.4368225270989165e-05,-0.016666666666666607
4.437822487100516e-05,0.0
4.438822447102116e-05,0.0
4.439822407103716e-05,0.0
4.440822367105316e-05,-0.016666666666666607
4.441822327106916e-05,0.0
4.442822287108516e-05,-0.016666666666666607
4.4438222471101156e-05,0.0
4.4448222071117157e-05,0.0
4.445822167113316e-05,0.0
4.446822127114916e-05,0.0
4.447822087116516e-05,0.0
4.448822047118115e-05,0.0
4.449822007119715e-05,0.0
4.450821967121315e-05,0.0
4.4518219271229154e-05,0.0
4.4528218871245155e-05,0.0
4.4538218471261155e-05,0.0
4.454821807127715e-05,0.0
4.455821767129315e-05,0.0
4.456821727130915e-05,0.0
4.457821687132515e-05,0.0
4.458821647134115e-05,0.0
4.4598216071357145e-05,0.0
4.4608215671373146e-05,0.0
4.4618215271389146e-05,0.0
4.462821487140515e-05,-0.016666666666666607
4.463821447142115e-05,0.0
4.464821407143715e-05,0.0
4.465821367145314e-05,0.0
4.466821327146914e-05,0.0
4.467821287148514e-05,0.0
4.4688212471501144e-05,0.0
4.4698212071517144e-05,0.0
4.470821167153314e-05,0.0
4.471821127154914e-05,0.0
4.472821087156514e-05,0.0
4.473821047158114e-05,0.0
4.474821007159714e-05,0.0
4.475820967161314e-05,0.0
4.4768209271629135e-05,0.0
4.4778208871645136e-05,0.0
4.4788208471661136e-05,0.0
4.479820807167714e-05,0.0
4.480820767169314e-05,0.0
4.481820727170913e-05,0.0
4.482820687172513e-05,0.0
4.483820647174113e-05,0.0
4.484820607175713e-05,0.0
4.4858205671773134e-05,0.0
4.4868205271789134e-05,0.0
4.487820487180513e-05,0.0
4.488820447182113e-05,0.016666666666666607
4.489820407183713e-05,0.0
4.490820367185313e-05,0.0
4.491820327186913e-05,0.0
4.4928202871885124e-05,0.0
4.4938202471901125e-05,0.016666666666666607
4.4948202071917126e-05,0.0
4.4958201671933126e-05,0.0
4.496820127194913e-05,0.0
4.497820087196512e-05,0.016666666666666607
4.498820047198112e-05,0.0
4.499820007199712e-05,0.0
4.500819967201312e-05,0.0
4.501819927202912e-05,0.0
4.5028198872045124e-05,0.0
4.503819847206112e-05,0.0
4.504819807207712e-05,0.0
4.505819767209312e-05,0.0
4.506819727210912e-05,0.0
4.507819687212512e-05,0.0
4.5088196472141114e-05,0.0
4.5098196072157114e-05,0.0
4.5108195672173115e-05,0.016666666666666607
4.5118195272189115e-05,0.0
4.5128194872205116e-05,-0.016666666666666607
4.513819447222112e-05,-0.016666666666666607
4.514819407223711e-05,0.0
4.515819367225311e-05,0.0
4.516819327226911e-05,0.0
4.517819287228511e-05,0.0
4.518819247230111e-05,0.0
4.519819207231711e-05,0.0
4.520819167233311e-05,0.0
4.521819127234911e-05,0.0
4.522819087236511e-05,0.0
4.523819047238111e-05,0.0
4.524819007239711e-05,0.0
4.5258189672413103e-05,0.0
4.5268189272429104e-05,0.0
4.5278188872445105e-05,0.0
4.5288188472461105e-05,0.0
4.5298188072477106e-05,0.0
4.53081876724931e-05,0.0
4.53181872725091e-05,0.0
4.53281868725251e-05,0.0
4.53381864725411e-05,0.0
4.53481860725571e-05,0.0
4.53581856725731e-05,0.0
4.5368185272589097e-05,0.0
4.53781848726051e-05,0.0
4.53881844726211e-05,0.0
4.53981840726371e-05,0.0
4.54081836726531e-05,0.0
4.541818327266909e-05,0.016666666666666607
4.542818287268509e-05,0.0
4.5438182472701094e-05,0.0
4.5448182072717095e-05,0.0
4.5458181672733095e-05,-0.016666666666666607
4.5468181272749096e-05,0.0
4.547818087276509e-05,0.016666666666666607
4.548818047278109e-05,0.0
4.549818007279709e-05,0.016666666666666607
4.550817967281309e-05,0.0
4.551817927282909e-05,0.016666666666666607
4.5528178872845086e-05,0.0
4.5538178472861086e-05,0.0
4.554817807287709e-05,0.0
4.555817767289309e-05,0.0
4.556817727290909e-05,0.0
4.557817687292509e-05,0.0
4.558817647294108e-05,0.0
4.559817607295708e-05,0.0
4.5608175672973084e-05,0.0
4.5618175272989084e-05,0.0
4.5628174873005085e-05,0.0
4.563817447302108e-05,0.0
4.564817407303708e-05,0.0
4.565817367305308e-05,0.016666666666666607
4.566817327306908e-05,0.016666666666666607
4.567817287308508e-05,0.0
4.568817247310108e-05,0.0
4.5698172073117076e-05,0.0
4.5708171673133076e-05,0.0
4.571817127314908e-05,0.0
4.572817087316508e-05,0.0
4.573817047318108e-05,0.016666666666666607
4.574817007319707e-05,0.0
4.575816967321307e-05,0.0
4.576816927322907e-05,-0.016666666666666607
4.5778168873245074e-05,0.0
4.5788168473261074e-05,0.0
4.579816807327707e-05,0.0
4.580816767329307e-05,0.0
4.581816727330907e-05,0.0
4.582816687332507e-05,0.0
4.583816647334107e-05,0.0
4.584816607335707e-05,0.0
4.5858165673373065e-05,0.0
4.5868165273389066e-05,0.0
4.5878164873405066e-05,0.0
4.588816447342107e-05,0.0
4.589816407343707e-05,0.0
4.590816367345306e-05,0.0
4.591816327346906e-05,0.0
4.592816287348506e-05,0.0
4.593816247350106e-05,0.0
4.5948162073517064e-05,0.0
4.5958161673533064e-05,0.0
4.596816127354906e-05,0.0
4.597816087356506e-05,0.0
4.598816047358106e-05,0.0
4.599816007359706e-05,0.0
4.600815967361306e-05,0.0
4.6018159273629054e-05,0.0
4.6028158873645055e-05,-0.016666666666666607
4.6038158473661055e-05,0.0
4.6048158073677056e-05,0.0
4.6058157673693057e-05,0.0
4.606815727370906e-05,-0.016666666666666607
4.607815687372505e-05,0.0
4.608815647374105e-05,0.0
4.609815607375705e-05,0.0
4.610815567377305e-05,0.0
4.6118155273789053e-05,0.016666666666666607
4.612815487380505e-05,0.0
4.613815447382105e-05,0.016666666666666607
4.614815407383705e-05,0.016666666666666607
4.615815367385305e-05,0.0
4.616815327386905e-05,0.0
4.617815287388505e-05,0.0
4.6188152473901044e-05,0.0
4.6198152073917045e-05,0.0
4.6208151673933045e-05,0.0
4.6218151273949046e-05,0.0
4.6228150873965046e-05,0.0
4.623815047398104e-05,0.0
4.624815007399704e-05,-0.016666666666666607
4.625814967401304e-05,0.0
4.626814927402904e-05,-0.016666666666666607
4.627814887404504e-05,0.0
4.628814847406104e-05,0.0
4.629814807407704e-05,0.0
4.630814767409304e-05,0.0
4.631814727410904e-05,0.0
4.632814687412504e-05,0.0
4.633814647414104e-05,0.0
4.634814607415703e-05,0.0
4.6358145674173034e-05,0.0
4.6368145274189035e-05,0.016666666666666607
4.6378144874205035e-05,0.016666666666666607
4.6388144474221036e-05,0.0
4.6398144074237036e-05,0.0
4.640814367425303e-05,0.016666666666666607
4.641814327426903e-05,0.0
4.642814287428503e-05,0.0
4.643814247430103e-05,0.0
4.644814207431703e-05,0.0
4.6458141674333026e-05,0.0
4.646814127434903e-05,0.0
4.647814087436503e-05,0.0
4.648814047438103e-05,0.0
4.649814007439703e-05,0.0
4.650813967441303e-05,0.0
4.651813927442902e-05,0.0
4.6528138874445024e-05,-0.016666666666666607
4.6538138474461024e-05,0.0
4.6548138074477025e-05,0.0
4.6558137674493026e-05,0.0
4.656813727450902e-05,0.0
4.657813687452502e-05,0.0
4.658813647454102e-05,0.0
4.659813607455702e-05,0.0
4.660813567457302e-05,0.0
4.661813527458902e-05,0.0
4.6628134874605016e-05,0.0
4.663813447462102e-05,0.0
4.664813407463702e-05,0.0
4.665813367465302e-05,0.0
4.666813327466902e-05,0.0
4.667813287468501e-05,0.0
4.668813247470101e-05,0.0
4.6698132074717014e-05,0.0
4.6708131674733014e-05,0.0
4.6718131274749015e-05,0.0
4.672813087476501e-05,0.0
4.673813047478101e-05,0.0
4.674813007479701e-05,0.0
4.675812967481301e-05,0.0
4.676812927482901e-05,0.0
4.677812887484501e-05,0.0
4.6788128474861006e-05,-0.016666666666666607
4.6798128074877006e-05,-0.016666666666666607
4.680812767489301e-05,0.0
4.681812727490901e-05,0.0
4.682812687492501e-05,0.0
4.6838126474941e-05,0.0
4.6848126074957e-05,0.0
4.6858125674973e-05,0.0
4.6868125274989004e-05,0.0
4.6878124875005004e-05,0.0
4.6888124475021005e-05,0.0
4.6898124075037e-05,0.0
4.6908123675053e-05,0.0
4.6918123275069e-05,0.0
4.6928122875085e-05,0.0
4.6938122475101e-05,0.0
4.6948122075116995e-05,0.0
4.6958121675132995e-05,0.0
4.6968121275148996e-05,0.0
4.6978120875164997e-05,0.0
4.6988120475181e-05,0.0
4.6998120075197e-05,0.0
4.700811967521299e-05,0.0
4.701811927522899e-05,0.0
4.702811887524499e-05,0.0
4.7038118475260993e-05,0.016666666666666607
4.7048118075276994e-05,0.0
4.705811767529299e-05,0.0
4.706811727530899e-05,0.0
4.707811687532499e-05,0.016666666666666607
4.708811647534099e-05,0.0
4.709811607535699e-05,0.0
4.710811567537299e-05,0.0
4.7118115275388985e-05,0.0
4.7128114875404985e-05,0.0
4.7138114475420986e-05,0.0
4.7148114075436986e-05,0.016666666666666607
4.715811367545299e-05,0.0
4.716811327546898e-05,0.0
4.717811287548498e-05,0.0
4.718811247550098e-05,0.0
4.719811207551698e-05,0.0
4.720811167553298e-05,0.0
4.7218111275548984e-05,0.0
4.722811087556498e-05,-0.016666666666666607
4.723811047558098e-05,0.0
4.724811007559698e-05,0.0
4.725810967561298e-05,0.0
4.726810927562898e-05,0.0
4.7278108875644974e-05,0.0
4.7288108475660975e-05,0.0
4.7298108075676975e-05,0.0
4.7308107675692976e-05,0.0
4.7318107275708976e-05,0.0
4.732810687572498e-05,0.0
4.733810647574097e-05,0.0
4.734810607575697e-05,0.0
4.735810567577297e-05,0.0
4.736810527578897e-05,0.0
4.737810487580497e-05,0.0
4.738810447582097e-05,0.0
4.739810407583697e-05,0.0
4.740810367585297e-05,0.0
4.741810327586897e-05,0.0
4.742810287588497e-05,0.0
4.743810247590097e-05,0.0
4.7448102075916964e-05,0.0
4.7458101675932964e-05,0.0
4.7468101275948965e-05,0.0
4.7478100875964966e-05,0.0
4.7488100475980966e-05,0.0
4.749810007599696e-05,0.016666666666666607
4.750809967601296e-05,0.0
4.751809927602896e-05,0.0
4.752809887604496e-05,0.0
4.753809847606096e-05,0.0
4.7548098076076956e-05,0.0
4.755809767609296e-05,0.0
4.756809727610896e-05,0.0
4.757809687612496e-05,0.0
4.758809647614096e-05,0.0
4.759809607615696e-05,0.0
4.760809567617295e-05,0.0
4.7618095276188954e-05,0.0
4.7628094876204954e-05,0.0
4.7638094476220955e-05,0.0
4.7648094076236955e-05,0.0
4.765809367625295e-05,0.0
4.766809327626895e-05,0.0
4.767809287628495e-05,0.0
4.768809247630095e-05,0.0
4.769809207631695e-05,0.0
4.770809167633295e-05,0.0
4.7718091276348946e-05,0.0
4.772809087636495e-05,0.0
4.773809047638095e-05,0.0
4.774809007639695e-05,0.0
4.775808967641295e-05,-0.016666666666666607
4.776808927642894e-05,0.0
4.777808887644494e-05,0.0
4.7788088476460944e-05,0.0
4.7798088076476944e-05,0.0
4.7808087676492945e-05,0.0
4.7818087276508945e-05,0.0
4.782808687652494e-05,0.0
4.783808647654094e-05,0.0
4.784808607655694e-05,0.0
4.785808567657294e-05,0.0
4.786808527658894e-05,0.0
4.7878084876604935e-05,0.0
4.7888084476620936e-05,0.0
4.7898084076636937e-05,0.0
4.790808367665294e-05,0.0
4.791808327666894e-05,0.0
4.792808287668494e-05,0.0
4.793808247670093e-05,0.0
4.794808207671693e-05,0.0
4.795808167673293e-05,0.0
4.7968081276748934e-05,0.0
4.7978080876764935e-05,0.0
4.798808047678093e-05,0.0
4.799808007679693e-05,0.0
4.800807967681293e-05,0.0
4.801807927682893e-05,0.0
4.802807887684493e-05,0.0
4.803807847686093e-05,0.0
4.8048078076876925e-05,0.0
4.8058077676892926e-05,0.0
4.8068077276908926e-05,0.0
4.807807687692493e-05,0.0
4.808807647694093e-05,0.0
4.809807607695692e-05,0.0
4.810807567697292e-05,-0.016666666666666607
4.811807527698892e-05,0.0
4.812807487700492e-05,0.0
4.8138074477020924e-05,0.0
4.8148074077036924e-05,0.0
4.815807367705292e-05,0.0
4.816807327706892e-05,0.0
4.817807287708492e-05,0.0
4.818807247710092e-05,0.0
4.819807207711692e-05,0.0
4.8208071677132914e-05,0.0
4.8218071277148915e-05,0.0
4.8228070877164916e-05,0.0
4.8238070477180916e-05,0.0
4.824807007719692e-05,0.0
4.825806967721292e-05,0.0
4.826806927722891e-05,0.0
4.827806887724491e-05,0.0
4.828806847726091e-05,0.016666666666666607
4.829806807727691e-05,0.0
4.8308067677292914e-05,0.0
4.831806727730891e-05,0.0
4.832806687732491e-05,0.0
4.833806647734091e-05,0.0
4.834806607735691e-05,0.0
4.835806567737291e-05,0.0
4.8368065277388904e-05,0.016666666666666607
4.8378064877404904e-05,0.0
4.8388064477420905e-05,0.0
4.8398064077436906e-05,0.0
4.8408063677452906e-05,0.0
4.841806327746891e-05,0.0
4.84280628774849e-05,0.0
4.84380624775009e-05,0.0
4.84480620775169e-05,0.0
4.84580616775329e-05,0.0
4.84680612775489e-05,0.0
4.84780608775649e-05,0.0
4.84880604775809e-05,0.0
4.84980600775969e-05,0.0
4.85080596776129e-05,0.0
4.85180592776289e-05,0.0
4.85280588776449e-05,0.0
4.8538058477660894e-05,0.0
4.8548058077676894e-05,0.0
4.8558057677692895e-05,0.0
4.8568057277708895e-05,0.0
4.8578056877724896e-05,0.0
4.858805647774089e-05,0.0
4.859805607775689e-05,-0.016666666666666607
4.860805567777289e-05,0.0
4.861805527778889e-05,0.0
4.862805487780489e-05,0.0
4.863805447782089e-05,0.0
4.864805407783689e-05,0.0
4.865805367785289e-05,0.0
4.866805327786889e-05,0.0
4.867805287788489e-05,0.0
4.868805247790089e-05,0.0
4.869805207791688e-05,0.0
4.8708051677932883e-05,0.0
4.8718051277948884e-05,0.0
4.8728050877964885e-05,0.0
4.8738050477980885e-05,0.0
4.8748050077996886e-05,0.0
4.875804967801288e-05,0.016666666666666607
4.876804927802888e-05,0.0
4.877804887804488e-05,0.0
4.878804847806088e-05,-0.016666666666666607
4.879804807807688e-05,-0.016666666666666607
4.8808047678092876e-05,-0.016666666666666607
4.8818047278108877e-05,0.0
4.882804687812488e-05,0.0
4.883804647814088e-05,0.016666666666666607
4.884804607815688e-05,0.0
4.885804567817288e-05,0.0
4.886804527818887e-05,-0.016666666666666607
4.887804487820487e-05,0.0
4.8888044478220874e-05,0.0
4.8898044078236875e-05,0.0
4.8908043678252875e-05,0.016666666666666607
4.891804327826887e-05,0.016666666666666607
4.892804287828487e-05,0.0
4.893804247830087e-05,0.0
4.894804207831687e-05,-0.016666666666666607
4.895804167833287e-05,0.0
4.896804127834887e-05,0.0
4.8978040878364866e-05,0.0
4.8988040478380866e-05,0.0
4.899804007839687e-05,0.0
4.900803967841287e-05,0.0
4.901803927842887e-05,0.0
4.902803887844486e-05,0.0
4.903803847846086e-05,0.016666666666666607
4.904803807847686e-05,0.0
4.9058037678492864e-05,0.016666666666666607
4.9068037278508864e-05,0.0
4.9078036878524865e-05,0.0
4.908803647854086e-05,0.0
4.909803607855686e-05,0.0
4.910803567857286e-05,0.0
4.911803527858886e-05,0.0
4.912803487860486e-05,0.0
4.9138034478620855e-05,0.016666666666666607
4.9148034078636856e-05,0.0
4.9158033678652856e-05,0.0
4.916803327866886e-05,0.0
4.917803287868486e-05,0.0
4.918803247870086e-05,-0.016666666666666607
4.919803207871685e-05,0.0
4.920803167873285e-05,0.0
4.921803127874885e-05,0.0
4.9228030878764854e-05,0.0
4.9238030478780854e-05,0.0
4.924803007879685e-05,0.0
4.925802967881285e-05,0.0
4.926802927882885e-05,0.016666666666666607
4.927802887884485e-05,0.0
4.928802847886085e-05,0.0
4.9298028078876844e-05,0.0
4.9308027678892845e-05,0.0
4.9318027278908846e-05,0.0
4.9328026878924846e-05,0.0
4.933802647894085e-05,0.0
4.934802607895685e-05,0.0
4.935802567897284e-05,0.0
4.936802527898884e-05,-0.016666666666666607
4.937802487900484e-05,0.0
4.938802447902084e-05,0.0
4.9398024079036844e-05,0.0
4.940802367905284e-05,0.0
4.941802327906884e-05,0.0
4.942802287908484e-05,0.0
4.943802247910084e-05,0.0
4.944802207911684e-05,0.0
4.945802167913284e-05,0.0
4.9468021279148834e-05,0.0
4.9478020879164835e-05,0.0
4.9488020479180835e-05,0.0
4.9498020079196836e-05,0.0
4.9508019679212837e-05,0.0
4.951801927922883e-05,0.0
4.952801887924483e-05,0.016666666666666607
4.953801847926083e-05,0.0
4.954801807927683e-05,0.0
4.955801767929283e-05,0.0
4.9568017279308833e-05,-0.016666666666666607
4.957801687932483e-05,0.0
4.958801647934083e-05,0.0
4.959801607935683e-05,0.016666666666666607
4.960801567937283e-05,0.0
4.961801527938883e-05,0.0
4.9628014879404823e-05,0.016666666666666607
4.9638014479420824e-05,0.0
4.9648014079436825e-05,0.0
4.9658013679452825e-05,0.0
4.9668013279468826e-05,0.0
4.9678012879484826e-05,0.0
4.968801247950082e-05,0.0
4.969801207951682e-05,0.0
4.970801167953282e-05,0.0
4.971801127954882e-05,0.0
4.972801087956482e-05,0.0
4.9738010479580816e-05,0.0
4.974801007959682e-05,0.016666666666666607
4.975800967961282e-05,0.0
4.976800927962882e-05,0.0
4.977800887964482e-05,0.016666666666666607
4.978800847966082e-05,0.0
4.979800807967681e-05,0.0
4.9808007679692814e-05,0.0
4.9818007279708815e-05,0.0
4.9828006879724815e-05,0.0
4.9838006479740816e-05,0.0
4.984800607975681e-05,0.0
4.985800567977281e-05,0.0
4.986800527978881e-05,-0.016666666666666607
4.987800487980481e-05,0.0
4.988800447982081e-05,0.0
4.989800407983681e-05,0.0
4.9908003679852806e-05,0.0
4.991800327986881e-05,0.0
4.992800287988481e-05,0.0
4.993800247990081e-05,0.0
4.994800207991681e-05,0.0
4.99580016799328e-05,-0.016666666666666607
4.99680012799488e-05,0.0
4.9978000879964804e-05,0.0
4.9988000479980804e-05,0.0
4.9998000079996805e-05,0.0
5.0007999680012806e-05,0.0
5.00179992800288e-05,0.0
5.00279988800448e-05,0.0
5.00379984800608e-05,0.0
5.00479980800768e-05,0.0
5.00579976800928e-05,0.0
5.0067997280108796e-05,0.0
5.0077996880124796e-05,0.0
5.00879964801408e-05,0.0
5.00979960801568e-05,0.0
5.01079956801728e-05,0.0
5.011799528018879e-05,0.0
5.012799488020479e-05,0.0
5.013799448022079e-05,0.0
5.0147994080236794e-05,0.0
5.0157993680252794e-05,-0.016666666666666607
5.0167993280268795e-05,-0.016666666666666607
5.017799288028479e-05,0.0
5.018799248030079e-05,0.0
5.019799208031679e-05,0.0
5.020799168033279e-05,0.0
5.021799128034879e-05,0.0
5.0227990880364785e-05,0.0
5.0237990480380785e-05,0.0
5.0247990080396786e-05,0.0
5.025798968041279e-05,0.0
5.026798928042879e-05,0.0
5.027798888044479e-05,0.016666666666666607
5.028798848046078e-05,0.0
5.029798808047678e-05,0.0
5.030798768049278e-05,0.0
5.0317987280508784e-05,0.0
5.0327986880524784e-05,0.0
5.033798648054078e-05,0.0
5.034798608055678e-05,-0.016666666666666607
5.035798568057278e-05,-0.016666666666666607
5.036798528058878e-05,0.0
5.037798488060478e-05,0.0
5.038798448062078e-05,0.0
5.0397984080636775e-05,0.0
5.0407983680652775e-05,0.0
5.0417983280668776e-05,0.016666666666666607
5.0427982880684777e-05,0.016666666666666607
5.043798248070078e-05,0.0
5.044798208071677e-05,0.0
5.045798168073277e-05,0.0
5.046798128074877e-05,-0.016666666666666607
5.047798088076477e-05,0.0
5.048798048078077e-05,0.0
5.0497980080796774e-05,0.0
5.050797968081277e-05,0.0
5.051797928082877e-05,-0.016666666666666607
5.052797888084477e-05,-0.016666666666666607
5.053797848086077e-05,0.0
5.054797808087677e-05,-0.016666666666666607
5.0557977680892764e-05,0.0
5.0567977280908765e-05,0.016666666666666607
5.0577976880924765e-05,0.0
5.0587976480940766e-05,0.0
5.0597976080956766e-05,0.0
5.060797568097277e-05,0.0
5.061797528098876e-05,0.016666666666666607
5.062797488100476e-05,0.0
5.063797448102076e-05,0.0
5.064797408103676e-05,0.0
5.065797368105276e-05,0.0
5.066797328106876e-05,0.0
5.067797288108476e-05,0.0
5.068797248110076e-05,0.0
5.069797208111676e-05,0.0
5.070797168113276e-05,0.0
5.071797128114876e-05,0.0
5.0727970881164754e-05,0.0
5.0737970481180754e-05,0.0
5.0747970081196755e-05,0.0
5.0757969681212756e-05,0.0
5.0767969281228756e-05,0.0
5.077796888124475e-05,0.0
5.078796848126075e-05,0.0
5.079796808127675e-05,0.0
5.080796768129275e-05,0.0
5.081796728130875e-05,0.016666666666666607
5.082796688132475e-05,-0.016666666666666607
5.083796648134075e-05,-0.016666666666666607
5.084796608135675e-05,0.0
5.085796568137275e-05,0.016666666666666607
5.086796528138875e-05,0.0
5.087796488140475e-05,0.0
5.088796448142074e-05,0.0
5.0897964081436744e-05,-0.016666666666666607
5.0907963681452744e-05,0.0
5.0917963281468745e-05,0.0
5.0927962881484746e-05,0.0
5.0937962481500746e-05,0.0
5.094796208151674e-05,0.0
5.095796168153274e-05,0.0
5.096796128154874e-05,0.0
5.097796088156474e-05,0.0
5.098796048158074e-05,0.0
5.0997960081596736e-05,0.0
5.100795968161274e-05,0.0
5.101795928162874e-05,0.0
5.102795888164474e-05,0.0
5.103795848166074e-05,0.0
5.104795808167673e-05,0.0
5.105795768169273e-05,0.0
5.1067957281708734e-05,0.0
5.1077956881724734e-05,0.0
5.1087956481740735e-05,0.0
5.1097956081756735e-05,0.0
5.110795568177273e-05,0.0
5.111795528178873e-05,0.0
5.112795488180473e-05,0.0
5.113795448182073e-05,0.0
5.114795408183673e-05,0.0
5.1157953681852725e-05,0.0
5.1167953281868726e-05,0.0
5.117795288188473e-05,0.0
5.118795248190073e-05,0.0
5.119795208191673e-05,0.0
5.120795168193273e-05,0.0
5.121795128194872e-05,0.0
5.122795088196472e-05,0.0
5.1237950481980723e-05,0.0
5.1247950081996724e-05,0.0
5.1257949682012725e-05,0.0
5.126794928202872e-05,0.0
5.127794888204472e-05,0.0
5.128794848206072e-05,0.0
5.129794808207672e-05,0.0
5.130794768209272e-05,0.0
5.131794728210872e-05,0.0
5.1327946882124715e-05,0.0
5.1337946482140716e-05,0.0
5.1347946082156717e-05,0.0
5.135794568217272e-05,0.0
5.136794528218872e-05,0.0
5.137794488220471e-05,0.0
5.138794448222071e-05,0.0
5.139794408223671e-05,0.0
5.140794368225271e-05,0.0
5.1417943282268714e-05,0.0
5.1427942882284715e-05,0.0
5.143794248230071e-05,0.0
5.144794208231671e-05,0.0
5.145794168233271e-05,0.0
5.146794128234871e-05,0.0
5.147794088236471e-05,0.0
5.1487940482380705e-05,0.0
5.1497940082396705e-05,0.0
5.1507939682412706e-05,0.0
5.1517939282428706e-05,0.0
5.152793888244471e-05,0.0
5.153793848246071e-05,0.0
5.15479380824767e-05,0.0
5.15579376824927e-05,0.0
5.15679372825087e-05,0.016666666666666607
5.15779368825247e-05,0.0
5.1587936482540704e-05,0.0
5.15979360825567e-05,0.0
5.16079356825727e-05,0.0
5.16179352825887e-05,0.0
5.16279348826047e-05,0.0
5.16379344826207e-05,0.0
5.16479340826367e-05,0.0
5.1657933682652694e-05,-0.016666666666666607
5.1667933282668695e-05,0.0
5.1677932882684696e-05,0.0
5.1687932482700696e-05,0.0
5.16979320827167e-05,0.0
5.170793168273269e-05,0.0
5.171793128274869e-05,0.0
5.172793088276469e-05,0.0
5.173793048278069e-05,0.0
5.174793008279669e-05,0.0
5.1757929682812694e-05,0.0
5.176792928282869e-05,0.0
5.177792888284469e-05,0.0
5.178792848286069e-05,0.0
5.179792808287669e-05,0.0
5.180792768289269e-05,0.0
5.1817927282908684e-05,0.0
5.1827926882924684e-05,0.0
5.1837926482940685e-05,0.016666666666666607
5.1847926082956686e-05,0.0
5.1857925682972686e-05,0.0
5.186792528298868e-05,0.0
5.187792488300468e-05,0.0
5.188792448302068e-05,0.0
5.189792408303668e-05,0.0
5.190792368305268e-05,0.0
5.191792328306868e-05,-0.016666666666666607
5.192792288308468e-05,0.0
5.193792248310068e-05,0.0
5.194792208311668e-05,0.0
5.195792168313268e-05,-0.016666666666666607
5.196792128314868e-05,-0.016666666666666607
5.197792088316467e-05,0.0
5.1987920483180674e-05,0.0
5.1997920083196674e-05,0.0
5.2007919683212675e-05,0.0
5.2017919283228675e-05,0.016666666666666607
5.2027918883244676e-05,0.0
5.203791848326067e-05,0.0
5.204791808327667e-05,0.016666666666666607
5.205791768329267e-05,0.0
5.206791728330867e-05,0.0
5.207791688332467e-05,0.0
5.2087916483340666e-05,0.0
5.209791608335667e-05,0.016666666666666607
5.210791568337267e-05,-0.016666666666666607
5.211791528338867e-05,0.016666666666666607
5.212791488340467e-05,0.0
5.213791448342067e-05,0.0
5.214791408343666e-05,0.0
5.2157913683452663e-05,0.0
5.2167913283468664e-05,0.0
5.2177912883484665e-05,0.0
5.2187912483500665e-05,0.0
5.219791208351666e-05,0.0
5.220791168353266e-05,0.0
5.221791128354866e-05,0.0
5.222791088356466e-05,-0.016666666666666607
5.223791048358066e-05,0.0
5.224791008359666e-05,0.0
5.2257909683612656e-05,0.0
5.2267909283628657e-05,0.0
5.227790888364466e-05,0.0
5.228790848366066e-05,0.0
5.229790808367666e-05,0.0
5.230790768369265e-05,0.0
5.231790728370865e-05,0.0
5.232790688372465e-05,0.0
5.2337906483740654e-05,0.0
5.2347906083756655e-05,0.0
5.2357905683772655e-05,0.0
5.236790528378865e-05,0.0
5.237790488380465e-05,0.0
5.238790448382065e-05,0.0
5.239790408383665e-05,0.0
5.240790368385265e-05,0.0
5.2417903283868645e-05,0.0
5.2427902883884646e-05,-0.016666666666666607
5.2437902483900646e-05,0.0
5.244790208391665e-05,0.0
5.245790168393265e-05,0.0
5.246790128394865e-05,-0.016666666666666607
5.247790088396464e-05,0.0
5.248790048398064e-05,0.0
5.249790008399664e-05,0.0
5.2507899684012644e-05,0.0
5.2517899284028644e-05,0.0
5.252789888404464e-05,0.0
5.253789848406064e-05,0.016666666666666607
5.254789808407664e-05,0.0
5.255789768409264e-05,0.0
5.256789728410864e-05,0.0
5.257789688412464e-05,0.0
5.2587896484140635e-05,0.0
5.2597896084156636e-05,0.0
5.2607895684172636e-05,0.0
5.261789528418864e-05,0.016666666666666607
5.262789488420464e-05,0.0
5.263789448422063e-05,0.0
5.264789408423663e-05,0.0
5.265789368425263e-05,0.0
5.266789328426863e-05,0.0
5.2677892884284634e-05,0.0
5.2687892484300634e-05,0.0
5.269789208431663e-05,0.0
5.270789168433263e-05,0.0
5.271789128434863e-05,0.0
5.272789088436463e-05,0.0
5.273789048438063e-05,0.0
5.2747890084396624e-05,0.0
5.2757889684412625e-05,0.0
5.2767889284428626e-05,-0.016666666666666607
5.2777888884444626e-05,0.0
5.278788848446063e-05,0.0
5.279788808447662e-05,0.0
5.280788768449262e-05,0.0
5.281788728450862e-05,0.0
5.282788688452462e-05,0.0
5.283788648454062e-05,0.0
5.2847886084556624e-05,0.0
5.285788568457262e-05,0.0
5.286788528458862e-05,0.0
5.287788488460462e-05,0.0
5.288788448462062e-05,0.0
5.289788408463662e-05,0.0
5.2907883684652614e-05,0.0
5.2917883284668614e-05,0.0
5.2927882884684615e-05,0.0
5.2937882484700615e-05,0.0
5.2947882084716616e-05,0.0
5.2957881684732617e-05,0.0
5.296788128474861e-05,0.0
5.297788088476461e-05,0.0
5.298788048478061e-05,0.0
5.299788008479661e-05,0.0
5.300787968481261e-05,0.0
5.301787928482861e-05,0.0
5.302787888484461e-05,0.0
5.303787848486061e-05,0.0
5.304787808487661e-05,0.0
5.305787768489261e-05,0.0
5.306787728490861e-05,0.0
5.3077876884924603e-05,0.0
5.3087876484940604e-05,0.0
5.3097876084956605e-05,0.0
5.3107875684972605e-05,0.0
5.3117875284988606e-05,0.0
5.31278748850046e-05,-0.016666666666666607
5.31378744850206e-05,0.0
5.31478740850366e-05,0.0
5.31578736850526e-05,0.0
5.31678732850686e-05,0.0
5.31778728850846e-05,0.0
5.3187872485100596e-05,0.0
5.31978720851166e-05,0.0
5.32078716851326e-05,0.0
5.32178712851486e-05,0.0
5.32278708851646e-05,0.0
5.323787048518059e-05,0.0
5.324787008519659e-05,0.0
5.3257869685212594e-05,0.0
5.3267869285228595e-05,0.0
5.3277868885244595e-05,0.0
5.3287868485260596e-05,-0.016666666666666607
5.329786808527659e-05,0.016666666666666607
5.330786768529259e-05,0.0
5.331786728530859e-05,0.0
5.332786688532459e-05,0.0
5.333786648534059e-05,0.0
5.3347866085356586e-05,0.0
5.3357865685372586e-05,0.0
5.336786528538859e-05,0.0
5.337786488540459e-05,0.0
5.338786448542059e-05,0.0
5.339786408543659e-05,0.0
5.340786368545258e-05,0.0
5.341786328546858e-05,-0.016666666666666607
5.3427862885484584e-05,0.0
5.3437862485500584e-05,0.0
5.3447862085516585e-05,0.0
5.345786168553258e-05,0.0
5.346786128554858e-05,0.0
5.347786088556458e-05,0.0
5.348786048558058e-05,0.0
5.349786008559658e-05,0.0
5.350785968561258e-05,0.0
5.3517859285628576e-05,0.0
5.3527858885644576e-05,0.0
5.353785848566058e-05,0.0
5.354785808567658e-05,0.0
5.355785768569258e-05,-0.016666666666666607
5.356785728570857e-05,0.0
5.357785688572457e-05,0.0
5.358785648574057e-05,0.0
5.3597856085756574e-05,0.0
5.3607855685772574e-05,0.0
5.361785528578857e-05,0.0
5.362785488580457e-05,0.0
5.363785448582057e-05,0.0
5.364785408583657e-05,0.0
5.365785368585257e-05,0.0
5.366785328586857e-05,0.0
5.3677852885884565e-05,0.0
5.3687852485900565e-05,0.0
5.3697852085916566e-05,0.0
5.370785168593257e-05,0.0
5.371785128594857e-05,0.0
5.372785088596456e-05,0.0
5.373785048598056e-05,0.0
5.374785008599656e-05,0.016666666666666607
5.375784968601256e-05,0.0
5.3767849286028564e-05,0.0
5.3777848886044564e-05,0.0
5.378784848606056e-05,0.0
5.379784808607656e-05,0.0
5.380784768609256e-05,0.0
5.381784728610856e-05,0.0
5.382784688612456e-05,0.0
5.3837846486140554e-05,0.0
5.3847846086156555e-05,0.0
5.3857845686172555e-05,0.0
5.3867845286188556e-05,0.0
5.3877844886204557e-05,0.0
5.388784448622056e-05,0.0
5.389784408623655e-05,0.0
5.390784368625255e-05,0.0
5.391784328626855e-05,0.0
5.392784288628455e-05,0.0
5.393784248630055e-05,0.016666666666666607
5.394784208631655e-05,0.0
5.395784168633255e-05,0.0
5.396784128634855e-05,0.0
5.397784088636455e-05,0.0
5.398784048638055e-05,0.0
5.399784008639655e-05,0.0
5.4007839686412544e-05,0.0
5.4017839286428545e-05,0.0
5.4027838886444545e-05,0.0
5.4037838486460546e-05,0.0
5.4047838086476546e-05,0.0
5.405783768649254e-05,0.0
5.406783728650854e-05,0.0
5.407783688652454e-05,0.0
5.408783648654054e-05,0.0
5.409783608655654e-05,0.0
5.410783568657254e-05,0.0
5.411783528658854e-05,0.016666666666666607
5.412783488660454e-05,0.0
5.413783448662054e-05,0.0
5.414783408663654e-05,0.0
5.415783368665254e-05,0.0
5.416783328666853e-05,0.0
5.4177832886684534e-05,0.0
5.4187832486700534e-05,0.0
5.4197832086716535e-05,0.0
5.4207831686732536e-05,0.0
5.4217831286748536e-05,0.0
5.422783088676453e-05,0.0
5.423783048678053e-05,0.0
5.424783008679653e-05,0.0
5.425782968681253e-05,0.0
5.426782928682853e-05,0.0
5.4277828886844526e-05,0.0
5.428782848686053e-05,0.0
5.429782808687653e-05,0.0
5.430782768689253e-05,0.0
5.431782728690853e-05,0.0
5.432782688692453e-05,0.0
5.433782648694052e-05,0.0
5.4347826086956524e-05,0.0
5.4357825686972524e-05,0.0
5.4367825286988525e-05,0.0
5.4377824887004526e-05,0.016666666666666607
5.438782448702052e-05,0.0
5.439782408703652e-05,0.0
5.440782368705252e-05,0.0
5.441782328706852e-05,0.0
5.442782288708452e-05,0.0
5.443782248710052e-05,0.0
5.4447822087116516e-05,0.0
5.445782168713252e-05,0.0
5.446782128714852e-05,0.0
5.447782088716452e-05,0.0
5.448782048718052e-05,0.0
5.449782008719651e-05,0.0
5.450781968721251e-05,0.0
5.4517819287228514e-05,0.0
5.4527818887244514e-05,0.0
5.4537818487260515e-05,0.0
5.454781808727651e-05,0.0
5.455781768729251e-05,0.0
5.456781728730851e-05,0.0
5.457781688732451e-05,0.0
5.458781648734051e-05,0.0
5.459781608735651e-05,0.0
5.4607815687372505e-05,0.0
5.4617815287388506e-05,0.0
5.462781488740451e-05,0.0
5.463781448742051e-05,0.016666666666666607
5.464781408743651e-05,0.0
5.46578136874525e-05,0.0
5.46678132874685e-05,0.0
5.46778128874845e-05,0.0
5.4687812487500503e-05,0.0
5.4697812087516504e-05,0.0
5.4707811687532505e-05,0.0
5.47178112875485e-05,0.0
5.47278108875645e-05,0.0
5.47378104875805e-05,0.0
5.47478100875965e-05,0.0
5.47578096876125e-05,0.016666666666666607
5.4767809287628495e-05,0.0
5.4777808887644495e-05,0.0
5.4787808487660496e-05,0.016666666666666607
5.4797808087676497e-05,0.016666666666666607
5.48078076876925e-05,0.0
5.48178072877085e-05,0.0
5.482780688772449e-05,0.0
5.483780648774049e-05,0.0
5.484780608775649e-05,0.0
5.485780568777249e-05,0.0
5.4867805287788494e-05,0.0
5.487780488780449e-05,0.0
5.488780448782049e-05,0.0
5.489780408783649e-05,0.0
5.490780368785249e-05,0.0
5.491780328786849e-05,0.0
5.492780288788449e-05,0.0
5.4937802487900485e-05,0.0
5.4947802087916485e-05,0.0
5.4957801687932486e-05,0.016666666666666607
5.4967801287948486e-05,0.0
5.497780088796449e-05,0.0
5.498780048798048e-05,0.0
5.499780008799648e-05,0.0
5.500779968801248e-05,0.0
5.501779928802848e-05,0.0
5.502779888804448e-05,0.0
5.5037798488060484e-05,0.0
5.504779808807648e-05,0.0
5.505779768809248e-05,0.0
5.506779728810848e-05,0.0
5.507779688812448e-05,0.0
5.508779648814048e-05,0.0
5.5097796088156474e-05,0.0
5.5107795688172474e-05,0.0
5.5117795288188475e-05,0.0
5.5127794888204476e-05,-0.016666666666666607
5.5137794488220476e-05,0.0
5.514779408823648e-05,0.016666666666666607
5.515779368825247e-05,0.0
5.516779328826847e-05,0.0
5.517779288828447e-05,0.0
5.518779248830047e-05,0.0
5.519779208831647e-05,0.0
5.520779168833247e-05,0.0
5.521779128834847e-05,0.0
5.522779088836447e-05,0.0
5.523779048838047e-05,0.0
5.524779008839647e-05,0.0
5.525778968841247e-05,0.0
5.5267789288428464e-05,0.0
5.5277788888444464e-05,0.0
5.5287788488460465e-05,0.0
5.5297788088476466e-05,0.0
5.5307787688492466e-05,0.0
5.531778728850846e-05,0.0
5.532778688852446e-05,-0.016666666666666607
5.533778648854046e-05,0.0
5.534778608855646e-05,0.0
5.535778568857246e-05,0.0
5.5367785288588456e-05,0.0
5.537778488860446e-05,0.0
5.538778448862046e-05,0.0
5.539778408863646e-05,0.016666666666666607
5.540778368865246e-05,0.0
5.541778328866846e-05,0.0
5.542778288868445e-05,0.0
5.5437782488700454e-05,0.0
5.5447782088716454e-05,-0.016666666666666607
5.5457781688732455e-05,0.0
5.5467781288748455e-05,0.0
5.547778088876445e-05,0.0
5.548778048878045e-05,-0.016666666666666607
5.549778008879645e-05,0.0
5.550777968881245e-05,0.0
5.551777928882845e-05,0.016666666666666607
5.552777888884445e-05,0.0
5.5537778488860446e-05,0.016666666666666607
5.554777808887645e-05,0.0
5.555777768889245e-05,0.0
5.556777728890845e-05,0.0
5.557777688892445e-05,0.0
5.558777648894044e-05,0.016666666666666607
5.559777608895644e-05,0.0
5.5607775688972443e-05,0.0
5.5617775288988444e-05,0.0
5.5627774889004445e-05,0.0
5.5637774489020445e-05,0.0
5.564777408903644e-05,0.016666666666666607
5.565777368905244e-05,0.016666666666666607
5.566777328906844e-05,0.0
5.567777288908444e-05,0.0
5.568777248910044e-05,0.0
5.5697772089116435e-05,0.0
5.5707771689132436e-05,0.0
5.5717771289148437e-05,0.016666666666666607
5.572777088916444e-05,0.0
5.573777048918044e-05,0.0
5.574777008919644e-05,-0.016666666666666607
5.575776968921243e-05,0.0
5.576776928922843e-05,0.0
5.577776888924443e-05,0.016666666666666607
5.5787768489260434e-05,0.016666666666666607
5.5797768089276435e-05,0.016666666666666607
5.580776768929243e-05,0.0
5.581776728930843e-05,-0.016666666666666607
5.582776688932443e-05,0.0
5.583776648934043e-05,0.0
5.584776608935643e-05,0.0
5.585776568937243e-05,0.016666666666666607
5.5867765289388425e-05,0.0
5.5877764889404426e-05,0.0
5.5887764489420426e-05,0.0
5.589776408943643e-05,0.0
5.590776368945243e-05,0.0
5.591776328946842e-05,0.0
5.592776288948442e-05,0.0
5.593776248950042e-05,0.0
5.594776208951642e-05,0.0
5.5957761689532424e-05,-0.016666666666666607
5.5967761289548424e-05,0.0
5.597776088956442e-05,-0.016666666666666607
5.598776048958042e-05,0.0
5.599776008959642e-05,0.0
5.600775968961242e-05,0.0
5.601775928962842e-05,0.0
5.6027758889644414e-05,0.0
5.6037758489660415e-05,0.0
5.6047758089676416e-05,0.0
5.6057757689692416e-05,0.016666666666666607
5.606775728970842e-05,0.0
5.607775688972442e-05,0.0
5.608775648974041e-05,0.0
5.609775608975641e-05,0.0
5.610775568977241e-05,0.0
5.611775528978841e-05,0.0
5.6127754889804414e-05,0.0
5.613775448982041e-05,0.0
5.614775408983641e-05,0.0
5.615775368985241e-05,0.0
5.616775328986841e-05,0.0
5.617775288988441e-05,0.0
5.618775248990041e-05,0.0
5.6197752089916404e-05,0.0
5.6207751689932405e-05,0.0
5.6217751289948406e-05,0.0
5.6227750889964406e-05,0.0
5.623775048998041e-05,0.0
5.62477500899964e-05,0.0
5.62577496900124e-05,0.0
5.62677492900284e-05,0.0
5.62777488900444e-05,0.0
5.62877484900604e-05,0.0
5.62977480900764e-05,0.016666666666666607
5.63077476900924e-05,0.0
5.63177472901084e-05,0.0
5.63277468901244e-05,0.0
5.63377464901404e-05,0.0
5.63477460901564e-05,0.0
5.6357745690172394e-05,0.0
5.6367745290188394e-05,0.0
5.6377744890204395e-05,0.0
5.6387744490220395e-05,0.0
5.6397744090236396e-05,0.016666666666666607
5.640774369025239e-05,0.0
5.641774329026839e-05,0.0
5.642774289028439e-05,0.0
5.643774249030039e-05,-0.016666666666666607
5.644774209031639e-05,-0.016666666666666607
5.645774169033239e-05,-0.016666666666666607
5.646774129034839e-05,0.0
5.647774089036439e-05,0.0
5.648774049038039e-05,0.0
5.649774009039639e-05,0.0
5.650773969041239e-05,0.0
5.651773929042838e-05,0.0
5.6527738890444383e-05,0.0
5.6537738490460384e-05,0.0
5.6547738090476385e-05,0.0
5.6557737690492385e-05,0.0
5.6567737290508386e-05,0.016666666666666607
5.657773689052438e-05,0.016666666666666607
5.658773649054038e-05,0.0
5.659773609055638e-05,0.016666666666666607
5.660773569057238e-05,0.0
5.661773529058838e-05,0.0
5.6627734890604376e-05,0.0
5.6637734490620376e-05,0.0
5.664773409063638e-05,-0.016666666666666607
5.665773369065238e-05,0.0
5.666773329066838e-05,-0.016666666666666607
5.667773289068438e-05,-0.016666666666666607
5.668773249070037e-05,0.0
5.669773209071637e-05,0.0
5.6707731690732374e-05,-0.016666666666666607
5.6717731290748375e-05,0.0
5.6727730890764375e-05,0.0
5.673773049078037e-05,0.0
5.674773009079637e-05,0.0
5.675772969081237e-05,0.016666666666666607
5.676772929082837e-05,0.016666666666666607
5.677772889084437e-05,0.0
5.678772849086037e-05,0.0
5.6797728090876366e-05,0.0
5.6807727690892366e-05,0.0
5.681772729090837e-05,0.016666666666666607
5.682772689092437e-05,0.0
5.683772649094037e-05,0.0
5.684772609095636e-05,0.0
5.685772569097236e-05,0.0
5.686772529098836e-05,0.016666666666666607
5.6877724891004364e-05,0.0
5.6887724491020364e-05,0.0
5.6897724091036365e-05,0.0
5.690772369105236e-05,0.0
5.691772329106836e-05,0.0
5.692772289108436e-05,0.0
5.693772249110036e-05,0.0
5.694772209111636e-05,0.0
5.6957721691132355e-05,0.0
5.6967721291148356e-05,0.0
5.6977720891164356e-05,0.0
5.698772049118036e-05,0.0
5.699772009119636e-05,0.0
5.700771969121236e-05,0.0
5.701771929122835e-05,0.0
5.702771889124435e-05,0.0
5.703771849126035e-05,0.0
5.7047718091276354e-05,0.0
5.7057717691292354e-05,0.016666666666666607
5.706771729130835e-05,0.016666666666666607
5.707771689132435e-05,0.0
5.708771649134035e-05,0.0
5.709771609135635e-05,0.0
5.710771569137235e-05,0.0
5.7117715291388344e-05,0.0
5.7127714891404345e-05,0.0
5.7137714491420345e-05,0.0
5.7147714091436346e-05,0.0
5.715771369145235e-05,0.0
5.716771329146835e-05,0.0
5.717771289148434e-05,0.0
5.718771249150034e-05,0.0
5.719771209151634e-05,0.0
5.720771169153234e-05,0.0
5.7217711291548344e-05,0.0
5.722771089156434e-05,0.0
5.723771049158034e-05,0.0
5.724771009159634e-05,0.0
5.725770969161234e-05,0.0
5.726770929162834e-05,0.0
5.727770889164434e-05,0.0
5.7287708491660334e-05,0.0
5.7297708091676335e-05,0.0
5.7307707691692335e-05,0.0
5.7317707291708336e-05,0.016666666666666607
5.7327706891724337e-05,0.0
5.733770649174033e-05,0.0
5.734770609175633e-05,0.0
5.735770569177233e-05,0.0
5.736770529178833e-05,0.0
5.737770489180433e-05,0.0
5.738770449182033e-05,0.0
5.739770409183633e-05,0.0
5.740770369185233e-05,0.0
5.741770329186833e-05,0.0
5.742770289188433e-05,0.0
5.743770249190033e-05,0.0
5.7447702091916323e-05,0.0
5.7457701691932324e-05,0.0
5.7467701291948325e-05,0.0
5.7477700891964325e-05,0.0
5.7487700491980326e-05,0.0
5.7497700091996326e-05,0.0
5.750769969201232e-05,0.0
5.751769929202832e-05,0.0
5.752769889204432e-05,0.0
5.753769849206032e-05,0.0
5.754769809207632e-05,0.0
5.7557697692092316e-05,0.016666666666666607
5.756769729210832e-05,0.0
5.757769689212432e-05,0.016666666666666607
5.758769649214032e-05,0.0
5.759769609215632e-05,0.0
5.760769569217232e-05,0.0
5.761769529218831e-05,0.0
5.7627694892204314e-05,0.0
5.7637694492220314e-05,0.0
5.7647694092236315e-05,0.0
5.7657693692252316e-05,0.0
5.766769329226831e-05,0.0
5.767769289228431e-05,0.016666666666666607
5.768769249230031e-05,0.0
5.769769209231631e-05,0.0
5.770769169233231e-05,0.0
5.771769129234831e-05,0.0
5.7727690892364306e-05,0.0
5.773769049238031e-05,0.0
5.774769009239631e-05,0.0
5.775768969241231e-05,0.0
5.776768929242831e-05,0.0
5.77776888924443e-05,0.016666666666666607
5.77876884924603e-05,0.0
5.7797688092476304e-05,0.0
5.7807687692492304e-05,0.0
5.7817687292508305e-05,0.0
5.7827686892524306e-05,0.016666666666666607
5.78376864925403e-05,0.0
5.78476860925563e-05,0.0
5.78576856925723e-05,0.0
5.78676852925883e-05,0.0
5.78776848926043e-05,0.0
5.7887684492620296e-05,0.0
5.7897684092636296e-05,0.0
5.79076836926523e-05,0.0
5.79176832926683e-05,0.0
5.79276828926843e-05,0.0
5.79376824927003e-05,0.0
5.794768209271629e-05,0.0
5.795768169273229e-05,0.0
5.7967681292748294e-05,0.016666666666666607
5.7977680892764294e-05,0.0
5.7987680492780295e-05,0.0
5.799768009279629e-05,0.0
5.800767969281229e-05,0.0
5.801767929282829e-05,0.0
5.802767889284429e-05,0.0
5.803767849286029e-05,-0.016666666666666607
5.8047678092876285e-05,0.0
5.8057677692892285e-05,0.0
5.8067677292908286e-05,-0.016666666666666607
5.807767689292429e-05,0.0
5.808767649294029e-05,0.0
5.809767609295629e-05,0.0
5.810767569297228e-05,0.0
5.811767529298828e-05,0.0
5.812767489300428e-05,0.0
5.8137674493020283e-05,0.0
5.8147674093036284e-05,0.0
5.815767369305228e-05,0.0
5.816767329306828e-05,0.0
5.817767289308428e-05,0.0
5.818767249310028e-05,0.0
5.819767209311628e-05,0.0
5.820767169313228e-05,0.0
5.8217671293148275e-05,0.0
5.8227670893164275e-05,0.0
5.8237670493180276e-05,0.0
5.8247670093196277e-05,0.0
5.825766969321228e-05,0.0
5.826766929322827e-05,0.0
5.827766889324427e-05,0.016666666666666607
5.828766849326027e-05,0.0
5.829766809327627e-05,0.0
5.830766769329227e-05,-0.016666666666666607
5.8317667293308274e-05,0.016666666666666607
5.832766689332427e-05,0.0
5.833766649334027e-05,0.016666666666666607
5.834766609335627e-05,0.0
5.835766569337227e-05,0.0
5.836766529338827e-05,0.0
5.8377664893404264e-05,0.0
5.8387664493420265e-05,0.0
5.8397664093436265e-05,0.0
5.8407663693452266e-05,0.0
5.8417663293468266e-05,0.0
5.842766289348427e-05,0.0
5.843766249350026e-05,0.0
5.844766209351626e-05,0.0
5.845766169353226e-05,0.0
5.846766129354826e-05,0.0
5.847766089356426e-05,0.0
5.848766049358026e-05,0.0
5.849766009359626e-05,0.016666666666666607
5.850765969361226e-05,0.0
5.851765929362826e-05,0.0
5.852765889364426e-05,0.0
5.853765849366026e-05,0.0
5.8547658093676254e-05,0.0
5.8557657693692254e-05,0.0
5.8567657293708255e-05,0.0
5.8577656893724256e-05,0.0
5.8587656493740256e-05,-0.016666666666666607
5.859765609375625e-05,0.0
5.860765569377225e-05,0.0
5.861765529378825e-05,0.0
5.862765489380425e-05,0.016666666666666607
5.863765449382025e-05,0.0
5.864765409383625e-05,0.0
5.865765369385225e-05,0.0
5.866765329386825e-05,0.0
5.867765289388425e-05,0.016666666666666607
5.868765249390025e-05,0.0
5.869765209391625e-05,0.0
5.870765169393224e-05,0.0
5.8717651293948244e-05,0.0
5.8727650893964244e-05,0.0
5.8737650493980245e-05,0.016666666666666607
5.8747650093996246e-05,0.0
5.8757649694012246e-05,0.0
5.876764929402824e-05,0.0
5.877764889404424e-05,0.0
5.878764849406024e-05,0.0
5.879764809407624e-05,0.0
5.880764769409224e-05,0.0
5.8817647294108236e-05,0.0
5.882764689412424e-05,0.0
5.883764649414024e-05,0.0
5.884764609415624e-05,0.0
5.885764569417224e-05,0.0
5.886764529418823e-05,0.0
5.887764489420423e-05,0.0
5.8887644494220234e-05,0.0
5.8897644094236234e-05,0.0
5.8907643694252235e-05,0.0
5.8917643294268235e-05,0.016666666666666607
5.892764289428423e-05,0.0
5.893764249430023e-05,0.0
5.894764209431623e-05,0.0
5.895764169433223e-05,0.0
5.896764129434823e-05,0.0
5.8977640894364225e-05,0.0
5.8987640494380226e-05,0.0
5.899764009439623e-05,0.0
5.900763969441223e-05,0.0
5.901763929442823e-05,0.0
5.902763889444423e-05,0.0
5.903763849446022e-05,0.0
5.904763809447622e-05,0.0
5.9057637694492223e-05,0.016666666666666607
5.9067637294508224e-05,0.0
5.9077636894524225e-05,0.0
5.908763649454022e-05,0.0
5.909763609455622e-05,0.0
5.910763569457222e-05,0.0
5.911763529458822e-05,0.0
5.912763489460422e-05,0.0
5.913763449462022e-05,0.0
5.9147634094636215e-05,0.0
5.9157633694652216e-05,0.0
5.9167633294668216e-05,0.0
5.917763289468422e-05,0.0
5.918763249470022e-05,0.0
5.919763209471621e-05,0.016666666666666607
5.920763169473221e-05,0.0
5.921763129474821e-05,0.016666666666666607
5.922763089476421e-05,0.0
5.9237630494780214e-05,0.0
5.9247630094796215e-05,0.0
5.925762969481221e-05,0.0
5.926762929482821e-05,0.0
5.927762889484421e-05,0.0
5.928762849486021e-05,0.0
5.929762809487621e-05,0.0
5.9307627694892205e-05,0.0
5.9317627294908205e-05,0.0
5.9327626894924206e-05,0.0
5.9337626494940206e-05,0.016666666666666607
5.934762609495621e-05,0.0
5.935762569497221e-05,0.0
5.93676252949882e-05,0.0
5.93776248950042e-05,0.0
5.93876244950202e-05,0.0
5.93976240950362e-05,0.0
5.9407623695052204e-05,0.0
5.94176232950682e-05,0.0
5.94276228950842e-05,0.0
5.94376224951002e-05,0.0
5.94476220951162e-05,0.0
5.94576216951322e-05,0.0
5.94676212951482e-05,0.0
5.9477620895164194e-05,0.0
5.9487620495180195e-05,0.0
5.9497620095196196e-05,0.0
5.9507619695212196e-05,0.0
5.95176192952282e-05,0.0
5.952761889524419e-05,0.0
5.953761849526019e-05,0.0
5.954761809527619e-05,0.0
5.955761769529219e-05,0.0
5.956761729530819e-05,0.0
5.9577616895324194e-05,0.0
5.958761649534019e-05,0.0
5.959761609535619e-05,0.0
5.960761569537219e-05,0.0
5.961761529538819e-05,0.0
5.962761489540419e-05,0.0
5.9637614495420184e-05,0.0
5.9647614095436184e-05,0.0
5.9657613695452185e-05,0.016666666666666607
5.9667613295468185e-05,0.0
5.9677612895484186e-05,0.0
5.968761249550019e-05,0.0
5.969761209551618e-05,0.0
5.970761169553218e-05,0.0
5.971761129554818e-05,0.016666666666666607
5.972761089556418e-05,0.0
5.973761049558018e-05,0.016666666666666607
5.974761009559618e-05,0.0
5.975760969561218e-05,0.0
5.976760929562818e-05,0.0
5.977760889564418e-05,0.016666666666666607
5.978760849566018e-05,0.0
5.979760809567617e-05,0.0
5.9807607695692174e-05,0.0
5.9817607295708174e-05,0.016666666666666607
5.9827606895724175e-05,0.0
5.9837606495740175e-05,0.0
5.9847606095756176e-05,0.016666666666666607
5.985760569577217e-05,0.016666666666666607
5.986760529578817e-05,0.016666666666666607
5.987760489580417e-05,0.0
5.988760449582017e-05,0.0
5.989760409583617e-05,0.0
5.9907603695852166e-05,0.0
5.9917603295868167e-05,0.0
5.992760289588417e-05,0.0
5.993760249590017e-05,0.0
5.994760209591617e-05,0.0
5.995760169593217e-05,0.0
5.996760129594816e-05,0.0
5.9977600895964163e-05,0.0
5.9987600495980164e-05,0.0
5.9997600095996165e-05,0.0
6.0007599696012165e-05,0.0
6.001759929602816e-05,0.016666666666666607
6.002759889604416e-05,0.0
6.003759849606016e-05,0.0
6.004759809607616e-05,0.0
6.005759769609216e-05,0.016666666666666607
6.006759729610816e-05,0.0
6.0077596896124156e-05,0.0
6.0087596496140156e-05,0.0
6.009759609615616e-05,0.0
6.010759569617216e-05,-0.016666666666666607
6.011759529618816e-05,0.0
6.012759489620415e-05,0.0
6.013759449622015e-05,0.0
6.014759409623615e-05,0.0
6.0157593696252154e-05,0.0
6.0167593296268154e-05,0.0
6.0177592896284155e-05,0.0
6.018759249630015e-05,0.0
6.019759209631615e-05,0.016666666666666607
6.020759169633215e-05,0.0
6.021759129634815e-05,0.0
6.022759089636415e-05,0.0
6.0237590496380145e-05,0.0
6.0247590096396146e-05,0.0
6.0257589696412146e-05,0.016666666666666607
6.026758929642815e-05,0.0
6.027758889644415e-05,0.0
6.028758849646015e-05,0.0
6.029758809647614e-05,0.0
6.030758769649214e-05,0.0
6.031758729650814e-05,0.0
6.0327586896524144e-05,0.0
6.0337586496540144e-05,0.0
6.034758609655614e-05,0.0
6.035758569657214e-05,-0.016666666666666607
6.036758529658814e-05,0.0
6.037758489660414e-05,0.0
6.038758449662014e-05,0.0
6.039758409663614e-05,0.0
6.0407583696652135e-05,0.0
6.0417583296668136e-05,0.0
6.0427582896684136e-05,0.0
6.043758249670014e-05,0.0
6.044758209671614e-05,0.0
6.045758169673213e-05,0.0
6.046758129674813e-05,0.0
6.047758089676413e-05,0.0
6.048758049678013e-05,0.0
6.0497580096796134e-05,0.0
6.0507579696812134e-05,0.016666666666666607
6.051757929682813e-05,0.016666666666666607
6.052757889684413e-05,0.0
6.053757849686013e-05,0.0
6.054757809687613e-05,0.0
6.055757769689213e-05,0.0
6.0567577296908124e-05,0.0
6.0577576896924125e-05,0.0
6.0587576496940125e-05,0.0
6.0597576096956126e-05,0.0
6.060757569697213e-05,0.0
6.061757529698812e-05,0.0
6.062757489700412e-05,-0.016666666666666607
6.063757449702012e-05,0.0
6.064757409703612e-05,0.0
6.065757369705212e-05,0.0
6.0667573297068123e-05,0.0
6.067757289708412e-05,0.0
6.068757249710012e-05,0.0
6.069757209711612e-05,0.016666666666666607
6.070757169713212e-05,0.0
6.071757129714812e-05,0.0
6.0727570897164114e-05,0.0
6.0737570497180114e-05,0.0
6.0747570097196115e-05,0.016666666666666607
6.0757569697212115e-05,0.0
6.0767569297228116e-05,0.0
6.0777568897244117e-05,0.016666666666666607
6.078756849726011e-05,-0.016666666666666607
6.079756809727611e-05,0.0
6.080756769729211e-05,0.0
6.081756729730811e-05,0.0
6.082756689732411e-05,0.0
6.0837566497340107e-05,0.0
6.084756609735611e-05,0.0
6.085756569737211e-05,0.0
6.086756529738811e-05,0.0
6.087756489740411e-05,0.0
6.088756449742011e-05,0.0
6.0897564097436103e-05,0.016666666666666607
6.0907563697452104e-05,0.0
6.0917563297468105e-05,0.0
6.0927562897484105e-05,0.0
6.0937562497500106e-05,0.0
6.09475620975161e-05,0.0
6.09575616975321e-05,0.0
6.09675612975481e-05,0.0
6.09775608975641e-05,0.0
6.09875604975801e-05,0.0
6.09975600975961e-05,0.0
6.1007559697612096e-05,0.0
6.10175592976281e-05,0.0
6.10275588976441e-05,0.0
6.10375584976601e-05,0.016666666666666607
6.104755809767609e-05,0.0
6.10575576976921e-05,0.0
6.10675572977081e-05,0.0
6.10775568977241e-05,0.0
6.10875564977401e-05,0.0
6.109755609775609e-05,0.0
6.11075556977721e-05,0.0
6.111755529778809e-05,0.0
6.11275548978041e-05,0.0
6.113755449782009e-05,0.0
6.114755409783608e-05,0.0
6.115755369785209e-05,0.0
6.116755329786809e-05,0.0
6.117755289788409e-05,0.016666666666666607
6.118755249790009e-05,0.0
6.119755209791608e-05,0.0
6.120755169793209e-05,0.0
6.121755129794808e-05,0.0
6.122755089796409e-05,0.0
6.123755049798008e-05,0.0
6.124755009799608e-05,0.0
6.125754969801208e-05,0.0
6.126754929802808e-05,0.0
6.127754889804409e-05,0.0
6.128754849806008e-05,0.0
6.129754809807609e-05,0.0
6.130754769809208e-05,-0.016666666666666607
6.131754729810807e-05,0.0
6.132754689812408e-05,0.0
6.133754649814008e-05,0.0
6.134754609815608e-05,0.0
6.135754569817208e-05,0.0
6.136754529818807e-05,0.0
6.137754489820408e-05,0.0
6.138754449822007e-05,0.0
6.139754409823608e-05,0.0
6.140754369825207e-05,0.016666666666666607
6.141754329826807e-05,-0.016666666666666607
6.142754289828407e-05,0.0
6.143754249830007e-05,0.0
6.144754209831608e-05,0.0
6.145754169833207e-05,0.0
6.146754129834806e-05,0.0
6.147754089836407e-05,0.0
6.148754049838006e-05,0.0
6.149754009839607e-05,0.016666666666666607
6.150753969841207e-05,0.0
6.151753929842807e-05,0.0
6.152753889844407e-05,0.0
6.153753849846006e-05,0.0
6.154753809847607e-05,0.0
6.155753769849206e-05,0.0
6.156753729850807e-05,0.0
6.157753689852406e-05,0.0
6.158753649854006e-05,0.0
6.159753609855606e-05,0.0
6.160753569857206e-05,0.0
6.161753529858807e-05,0.0
6.162753489860406e-05,0.0
6.163753449862005e-05,0.0
6.164753409863606e-05,0.0
6.165753369865205e-05,0.0
6.166753329866806e-05,0.0
6.167753289868406e-05,0.0
6.168753249870005e-05,0.0
6.169753209871606e-05,0.0
6.170753169873205e-05,0.0
6.171753129874806e-05,0.0
6.172753089876405e-05,0.0
6.173753049878006e-05,0.0
6.174753009879605e-05,0.0
6.175752969881205e-05,0.0
6.176752929882805e-05,0.016666666666666607
6.177752889884405e-05,0.0
6.178752849886006e-05,0.0
6.179752809887605e-05,0.0
6.180752769889204e-05,0.0
6.181752729890805e-05,0.0
6.182752689892404e-05,0.0
6.183752649894005e-05,0.0
6.184752609895605e-05,0.0
6.185752569897204e-05,0.0
6.186752529898805e-05,0.0
6.187752489900404e-05,0.0
6.188752449902005e-05,0.0
6.189752409903604e-05,0.0
6.190752369905204e-05,0.0
6.191752329906804e-05,0.016666666666666607
6.192752289908404e-05,0.0
6.193752249910004e-05,0.016666666666666607
6.194752209911604e-05,0.0
6.195752169913203e-05,0.0
6.196752129914804e-05,0.0
6.197752089916403e-05,0.0
6.198752049918004e-05,0.0
6.199752009919603e-05,0.0
6.200751969921204e-05,0.0
6.201751929922804e-05,0.0
6.202751889924403e-05,0.0
6.203751849926004e-05,0.0
6.204751809927603e-05,0.0
6.205751769929204e-05,0.0
6.206751729930803e-05,0.0
6.207751689932403e-05,0.0
6.208751649934003e-05,0.0
6.209751609935603e-05,0.0
6.210751569937203e-05,-0.016666666666666607
6.211751529938803e-05,0.0
6.212751489940402e-05,0.0
6.213751449942003e-05,0.0
6.214751409943602e-05,0.0
6.215751369945203e-05,0.0
6.216751329946802e-05,0.0
6.217751289948402e-05,0.0
6.218751249950002e-05,0.0
6.219751209951602e-05,0.0
6.220751169953203e-05,0.0
6.221751129954802e-05,0.0
6.222751089956403e-05,0.0
6.223751049958002e-05,0.0
6.224751009959601e-05,0.0
6.225750969961202e-05,0.0
6.226750929962802e-05,0.0
6.227750889964402e-05,0.0
6.228750849966002e-05,0.0
6.229750809967601e-05,0.016666666666666607
6.230750769969202e-05,0.0
6.231750729970801e-05,0.0
6.232750689972402e-05,0.016666666666666607
6.233750649974001e-05,0.0
6.234750609975601e-05,0.0
6.235750569977201e-05,0.0
6.236750529978801e-05,0.016666666666666607
6.237750489980402e-05,0.0
6.238750449982001e-05,0.0
6.2397504099836e-05,0.0
6.240750369985201e-05,0.0
6.2417503299868e-05,0.0
6.242750289988401e-05,0.0
6.24375024999e-05,0.0
6.244750209991601e-05,0.0
6.245750169993201e-05,0.0
6.2467501299948e-05,0.0
6.247750089996401e-05,0.0
6.248750049998e-05,-0.016666666666666607
6.249750009999601e-05,0.0
6.2507499700012e-05,0.0
6.2517499300028e-05,0.0
6.2527498900044e-05,0.0
6.253749850006e-05,0.016666666666666607
6.2547498100076e-05,0.0
6.2557497700092e-05,0.0
6.2567497300108e-05,0.0
6.2577496900124e-05,0.0
6.258749650014e-05,0.016666666666666607
6.2597496100156e-05,0.0
6.2607495700172e-05,0.0
6.261749530018799e-05,0.0
6.2627494900204e-05,0.0
6.263749450021999e-05,0.0
6.2647494100236e-05,-0.016666666666666607
6.265749370025199e-05,0.0
6.2667493300268e-05,0.0
6.2677492900284e-05,0.0
6.268749250029999e-05,0.0
6.2697492100316e-05,0.0
6.270749170033199e-05,0.0
6.2717491300348e-05,0.0
6.272749090036399e-05,0.0
6.273749050037998e-05,0.016666666666666607
6.274749010039599e-05,0.0
6.275748970041198e-05,0.0
6.276748930042799e-05,0.0
6.277748890044399e-05,-0.016666666666666607
6.278748850045998e-05,0.0
6.279748810047599e-05,0.0
6.280748770049198e-05,0.0
6.281748730050799e-05,0.0
6.282748690052398e-05,0.0
6.283748650053998e-05,0.0
6.284748610055598e-05,0.0
6.285748570057198e-05,0.0
6.286748530058798e-05,0.0
6.287748490060398e-05,0.0
6.288748450061997e-05,0.0
6.289748410063598e-05,0.0
6.290748370065197e-05,0.0
6.291748330066798e-05,0.0
6.292748290068397e-05,0.0
6.293748250069998e-05,0.0
6.294748210071598e-05,0.0
6.295748170073197e-05,0.016666666666666607
6.296748130074798e-05,0.0
6.297748090076397e-05,0.0
6.298748050077998e-05,0.0
6.299748010079597e-05,0.0
6.300747970081197e-05,0.0
6.301747930082797e-05,0.0
6.302747890084397e-05,0.0
6.303747850085997e-05,0.0
6.304747810087597e-05,0.0
6.305747770089196e-05,0.0
6.306747730090797e-05,0.0
6.307747690092396e-05,0.0
6.308747650093997e-05,0.0
6.309747610095596e-05,0.0
6.310747570097196e-05,0.0
6.311747530098797e-05,0.0
6.312747490100396e-05,0.0
6.313747450101997e-05,-0.016666666666666607
6.314747410103596e-05,-0.016666666666666607
6.315747370105197e-05,0.0
6.316747330106796e-05,0.0
6.317747290108396e-05,0.016666666666666607
6.318747250109996e-05,0.0
6.319747210111596e-05,0.0
6.320747170113196e-05,0.0
6.321747130114796e-05,0.0
6.322747090116395e-05,0.016666666666666607
6.323747050117996e-05,0.016666666666666607
6.324747010119595e-05,0.0
6.325746970121196e-05,0.0
6.326746930122795e-05,0.0
6.327746890124395e-05,0.0
6.328746850125996e-05,-0.016666666666666607
6.329746810127595e-05,0.0
6.330746770129196e-05,0.0
6.331746730130795e-05,0.0
6.332746690132394e-05,0.0
6.333746650133995e-05,0.0
6.334746610135595e-05,0.0
6.335746570137195e-05,0.0
6.336746530138795e-05,0.0
6.337746490140395e-05,0.0
6.338746450141995e-05,0.016666666666666607
6.339746410143594e-05,0.0
6.340746370145195e-05,0.0
6.341746330146794e-05,0.0
6.342746290148395e-05,0.016666666666666607
6.343746250149994e-05,0.0
6.344746210151594e-05,0.0
6.345746170153195e-05,0.0
6.346746130154794e-05,0.0
6.347746090156395e-05,0.0
6.348746050157994e-05,0.0
6.349746010159593e-05,0.0
6.350745970161194e-05,0.0
6.351745930162794e-05,0.0
6.352745890164394e-05,0.0
6.353745850165994e-05,0.0
6.354745810167593e-05,0.0
6.355745770169194e-05,0.0
6.356745730170793e-05,0.0
6.357745690172394e-05,0.0
6.358745650173993e-05,0.0
6.359745610175594e-05,0.0
6.360745570177193e-05,0.0
6.361745530178793e-05,0.0
6.362745490180394e-05,0.0
6.363745450181993e-05,0.0
6.364745410183594e-05,0.0
6.365745370185193e-05,0.0
6.366745330186792e-05,0.0
6.367745290188393e-05,0.0
6.368745250189993e-05,0.0
6.369745210191593e-05,0.016666666666666607
6.370745170193193e-05,0.0
6.371745130194792e-05,0.0
6.372745090196393e-05,0.0
6.373745050197992e-05,0.0
6.374745010199593e-05,0.0
6.375744970201192e-05,0.0
6.376744930202792e-05,0.0
6.377744890204392e-05,0.0
6.378744850205992e-05,0.0
6.379744810207592e-05,0.0
6.380744770209192e-05,0.0
6.381744730210791e-05,0.0
6.382744690212392e-05,0.0
6.383744650213991e-05,0.0
6.384744610215592e-05,0.0
6.385744570217191e-05,0.0
6.386744530218792e-05,0.0
6.387744490220392e-05,0.0
6.388744450221991e-05,0.0
6.389744410223592e-05,0.0
6.390744370225191e-05,0.0
6.391744330226792e-05,0.0
6.392744290228391e-05,0.0
6.39374425022999e-05,0.016666666666666607
6.394744210231591e-05,0.0
6.395744170233191e-05,0.016666666666666607
6.396744130234791e-05,0.0
6.397744090236391e-05,0.0
6.39874405023799e-05,0.0
6.399744010239591e-05,0.0
6.40074397024119e-05,0.0
6.401743930242791e-05,0.0
6.40274389024439e-05,0.0
6.40374385024599e-05,0.0
6.40474381024759e-05,0.0
6.40574377024919e-05,0.0
6.406743730250791e-05,0.0
6.40774369025239e-05,0.016666666666666607
6.408743650253991e-05,0.0
6.40974361025559e-05,0.016666666666666607
6.41074357025719e-05,0.0
6.41174353025879e-05,0.0
6.41274349026039e-05,0.016666666666666607
6.41374345026199e-05,0.0
6.41474341026359e-05,0.0
6.415743370265189e-05,0.0
6.41674333026679e-05,0.0
6.41774329026839e-05,-0.016666666666666607
6.41874325026999e-05,-0.016666666666666607
6.41974321027159e-05,0.0
6.420743170273189e-05,0.0
6.42174313027479e-05,0.0
6.422743090276389e-05,0.0
6.42374305027799e-05,0.0
6.424743010279589e-05,0.0
6.425742970281188e-05,0.0
6.426742930282789e-05,0.0
6.427742890284389e-05,0.0
6.42874285028599e-05,0.0
6.429742810287589e-05,0.0
6.43074277028919e-05,0.0
6.431742730290789e-05,0.0
6.432742690292388e-05,0.0
6.433742650293989e-05,0.0
6.434742610295588e-05,0.0
6.435742570297189e-05,0.0
6.436742530298788e-05,0.0
6.437742490300388e-05,0.0
6.438742450301989e-05,0.0
6.439742410303588e-05,0.0
6.440742370305189e-05,0.0
6.441742330306788e-05,0.0
6.442742290308387e-05,0.0
6.443742250309988e-05,0.0
6.444742210311588e-05,0.0
6.445742170313188e-05,0.0
6.446742130314788e-05,-0.016666666666666607
6.447742090316387e-05,0.0
6.448742050317988e-05,0.0
6.449742010319587e-05,0.0
6.450741970321188e-05,0.0
6.451741930322787e-05,0.0
6.452741890324387e-05,0.0
6.453741850325987e-05,0.0
6.454741810327587e-05,0.0
6.455741770329188e-05,0.0
6.456741730330787e-05,0.0
6.457741690332388e-05,0.016666666666666607
6.458741650333987e-05,0.0
6.459741610335586e-05,0.0
6.460741570337187e-05,0.0
6.461741530338787e-05,0.0
6.462741490340387e-05,0.0
6.463741450341987e-05,0.0
6.464741410343586e-05,0.0
6.465741370345187e-05,0.0
6.466741330346786e-05,0.0
6.467741290348387e-05,0.016666666666666607
6.468741250349986e-05,0.0
6.469741210351586e-05,0.0
6.470741170353186e-05,0.0
6.471741130354786e-05,0.0
6.472741090356387e-05,0.0
6.473741050357986e-05,0.0
6.474741010359585e-05,0.0
6.475740970361186e-05,0.0
6.476740930362785e-05,0.0
6.477740890364386e-05,0.0
6.478740850365986e-05,0.0
6.479740810367586e-05,0.0
6.480740770369186e-05,-0.016666666666666607
6.481740730370785e-05,0.0
6.482740690372386e-05,0.0
6.483740650373985e-05,0.0
6.484740610375586e-05,0.0
6.485740570377185e-05,0.0
6.486740530378785e-05,0.016666666666666607
6.487740490380385e-05,0.0
6.488740450381985e-05,0.0
6.489740410383586e-05,0.0
6.490740370385185e-05,0.0
6.491740330386784e-05,0.0
6.492740290388385e-05,0.0
6.493740250389984e-05,0.0
6.494740210391585e-05,0.0
6.495740170393185e-05,0.0
6.496740130394784e-05,0.0
6.497740090396385e-05,0.016666666666666607
6.498740050397984e-05,0.0
6.499740010399585e-05,0.0
6.500739970401184e-05,0.0
6.501739930402785e-05,0.0
6.502739890404384e-05,0.0
6.503739850405984e-05,0.0
6.504739810407584e-05,-0.016666666666666607
6.505739770409184e-05,0.0
6.506739730410785e-05,-0.016666666666666607
6.507739690412384e-05,0.0
6.508739650413983e-05,0.0
6.509739610415584e-05,0.0
6.510739570417183e-05,0.0
6.511739530418784e-05,0.0
6.512739490420384e-05,0.0
6.513739450421983e-05,0.0
6.514739410423584e-05,0.0
6.515739370425183e-05,0.0
6.516739330426784e-05,0.0
6.517739290428383e-05,0.0
6.518739250429983e-05,0.0
6.519739210431583e-05,0.0
6.520739170433183e-05,0.0
6.521739130434783e-05,0.0
6.522739090436383e-05,0.0
6.523739050437984e-05,0.016666666666666607
6.524739010439583e-05,0.0
6.525738970441182e-05,0.0
6.526738930442783e-05,0.0
6.527738890444382e-05,0.0
6.528738850445983e-05,0.0
6.529738810447583e-05,0.0
6.530738770449182e-05,0.0
6.531738730450783e-05,0.0
6.532738690452382e-05,0.016666666666666607
6.533738650453983e-05,0.0
6.534738610455582e-05,0.0
6.535738570457182e-05,0.0
6.536738530458782e-05,0.0
6.537738490460382e-05,0.0
6.538738450461982e-05,0.0
6.539738410463582e-05,0.0
6.540738370465181e-05,0.0
6.541738330466782e-05,0.0
6.542738290468381e-05,0.0
6.543738250469982e-05,0.0
6.544738210471581e-05,0.0
6.545738170473181e-05,0.0
6.546738130474782e-05,0.0
6.547738090476381e-05,0.0
6.548738050477982e-05,0.0
6.549738010479581e-05,0.0
6.550737970481182e-05,0.0
6.551737930482781e-05,0.0
6.55273789048438e-05,0.0
6.553737850485981e-05,0.0
6.55473781048758e-05,0.016666666666666607
6.555737770489181e-05,0.0
6.556737730490781e-05,0.0
6.55773769049238e-05,0.016666666666666607
6.558737650493981e-05,0.016666666666666607
6.55973761049558e-05,0.0
6.560737570497181e-05,0.0
6.56173753049878e-05,0.0
6.56273749050038e-05,0.0
6.56373745050198e-05,-0.016666666666666607
6.56473741050358e-05,-0.016666666666666607
6.56573737050518e-05,-0.016666666666666607
6.56673733050678e-05,-0.016666666666666607
6.56773729050838e-05,0.0
6.56873725050998e-05,0.0
6.56973721051158e-05,0.016666666666666607
6.57073717051318e-05,0.016666666666666607
6.57173713051478e-05,0.016666666666666607
6.57273709051638e-05,0.033333333333333215
6.57373705051798e-05,0.033333333333333215
6.574737010519579e-05,0.033333333333333215
6.57573697052118e-05,0.016666666666666607
6.576736930522779e-05,0.016666666666666607
6.57773689052438e-05,0.0
6.57873685052598e-05,-0.016666666666666607
6.579736810527579e-05,-0.016666666666666607
6.58073677052918e-05,-0.033333333333333215
6.581736730530779e-05,-0.033333333333333215
6.58273669053238e-05,-0.033333333333333215
6.583736650533979e-05,-0.033333333333333215
6.584736610535578e-05,-0.016666666666666607
6.585736570537179e-05,0.0
6.586736530538778e-05,0.0
6.587736490540379e-05,0.016666666666666607
6.588736450541979e-05,0.016666666666666607
6.589736410543578e-05,0.016666666666666607
6.590736370545179e-05,0.016666666666666607
6.591736330546778e-05,0.016666666666666607
6.592736290548379e-05,0.033333333333333215
6.593736250549978e-05,0.016666666666666607
6.594736210551579e-05,0.0
6.595736170553178e-05,0.0
6.596736130554778e-05,-0.016666666666666607
6.597736090556378e-05,-0.016666666666666607
6.598736050557978e-05,-0.016666666666666607
6.599736010559579e-05,-0.016666666666666607
6.600735970561178e-05,-0.016666666666666607
6.601735930562777e-05,0.0
6.602735890564378e-05,-0.016666666666666607
6.603735850565977e-05,0.0
6.604735810567578e-05,0.016666666666666607
6.605735770569178e-05,0.016666666666666607
6.606735730570777e-05,0.016666666666666607
6.607735690572378e-05,0.033333333333333215
6.608735650573977e-05,0.016666666666666607
6.609735610575578e-05,0.0
6.610735570577177e-05,0.0
6.611735530578777e-05,-0.016666666666666607
6.612735490580377e-05,-0.016666666666666607
6.613735450581977e-05,-0.016666666666666607
6.614735410583577e-05,-0.016666666666666607
6.615735370585177e-05,-0.016666666666666607
6.616735330586778e-05,-0.016666666666666607
6.617735290588377e-05,-0.016666666666666607
6.618735250589976e-05,0.0
6.619735210591577e-05,0.0
6.620735170593176e-05,0.016666666666666607
6.621735130594777e-05,0.016666666666666607
6.622735090596377e-05,0.016666666666666607
6.623735050597976e-05,0.016666666666666607
6.624735010599577e-05,0.0
6.625734970601176e-05,0.016666666666666607
6.626734930602777e-05,0.0
6.627734890604376e-05,-0.016666666666666607
6.628734850605976e-05,-0.016666666666666607
6.629734810607576e-05,-0.016666666666666607
6.630734770609176e-05,-0.016666666666666607
6.631734730610776e-05,-0.016666666666666607
6.632734690612376e-05,-0.016666666666666607
6.633734650613975e-05,0.0
6.634734610615576e-05,0.0
6.635734570617175e-05,0.016666666666666607
6.636734530618776e-05,0.0
6.637734490620375e-05,0.0
6.638734450621975e-05,0.016666666666666607
6.639734410623576e-05,0.016666666666666607
6.640734370625175e-05,0.0
6.641734330626776e-05,0.0
6.642734290628375e-05,0.016666666666666607
6.643734250629976e-05,0.0
6.644734210631575e-05,-0.016666666666666607
6.645734170633175e-05,-0.016666666666666607
6.646734130634775e-05,-0.016666666666666607
6.647734090636375e-05,-0.016666666666666607
6.648734050637975e-05,-0.016666666666666607
6.649734010639575e-05,-0.016666666666666607
6.650733970641174e-05,0.0
6.651733930642775e-05,0.0
6.652733890644374e-05,0.0
6.653733850645975e-05,0.016666666666666607
6.654733810647574e-05,0.016666666666666607
6.655733770649174e-05,0.016666666666666607
6.656733730650775e-05,0.016666666666666607
6.657733690652374e-05,0.016666666666666607
6.658733650653975e-05,0.016666666666666607
6.659733610655574e-05,0.016666666666666607
6.660733570657173e-05,0.016666666666666607
6.661733530658774e-05,0.0
6.662733490660374e-05,0.0
6.663733450661974e-05,-0.016666666666666607
6.664733410663574e-05,0.0
6.665733370665174e-05,-0.016666666666666607
6.666733330666774e-05,-0.016666666666666607
6.667733290668373e-05,-0.016666666666666607
6.668733250669974e-05,-0.016666666666666607
6.669733210671573e-05,-0.016666666666666607
6.670733170673174e-05,0.0
6.671733130674773e-05,0.0
6.672733090676373e-05,0.0
6.673733050677974e-05,0.0
6.674733010679573e-05,0.0
6.675732970681174e-05,0.016666666666666607
6.676732930682773e-05,0.0
6.677732890684372e-05,0.016666666666666607
6.678732850685973e-05,0.016666666666666607
6.679732810687573e-05,0.0
6.680732770689173e-05,0.0
6.681732730690773e-05,0.0
6.682732690692372e-05,0.0
6.683732650693973e-05,0.0
6.684732610695572e-05,0.0
6.685732570697173e-05,0.0
6.686732530698772e-05,0.0
6.687732490700373e-05,0.0
6.688732450701972e-05,0.0
6.689732410703572e-05,-0.016666666666666607
6.690732370705173e-05,0.0
6.691732330706772e-05,0.0
6.692732290708373e-05,0.0
6.693732250709972e-05,0.0
6.694732210711571e-05,0.0
6.695732170713172e-05,0.0
6.696732130714772e-05,0.0
6.697732090716372e-05,0.0
6.698732050717972e-05,0.0
6.699732010719571e-05,0.0
6.700731970721172e-05,0.0
6.701731930722771e-05,0.0
6.702731890724372e-05,0.0
6.703731850725971e-05,0.0
6.70473181072757e-05,0.0
6.705731770729171e-05,0.0
6.706731730730771e-05,0.0
6.707731690732372e-05,0.0
6.708731650733971e-05,0.0
6.709731610735572e-05,0.016666666666666607
6.710731570737171e-05,0.0
6.71173153073877e-05,0.0
6.712731490740371e-05,0.0
6.71373145074197e-05,0.0
6.714731410743571e-05,0.0
6.71573137074517e-05,0.0
6.71673133074677e-05,0.0
6.717731290748371e-05,0.0
6.71873125074997e-05,-0.016666666666666607
6.719731210751571e-05,-0.016666666666666607
6.72073117075317e-05,0.0
6.72173113075477e-05,0.0
6.72273109075637e-05,0.0
6.72373105075797e-05,0.0
6.72473101075957e-05,0.0
6.72573097076117e-05,0.0
6.726730930762769e-05,0.0
6.72773089076437e-05,0.0
6.72873085076597e-05,0.0
6.72973081076757e-05,0.0
6.73073077076917e-05,0.0
6.731730730770769e-05,0.0
6.73273069077237e-05,0.0
6.733730650773969e-05,0.0
6.73473061077557e-05,0.0
6.735730570777169e-05,0.0
6.73673053077877e-05,-0.016666666666666607
6.737730490780369e-05,0.0
6.738730450781969e-05,-0.016666666666666607
6.73973041078357e-05,0.0
6.740730370785169e-05,0.0
6.74173033078677e-05,0.0
6.742730290788369e-05,0.0
6.743730250789968e-05,0.0
6.744730210791569e-05,0.0
6.745730170793168e-05,0.0
6.746730130794769e-05,0.0
6.747730090796368e-05,0.0
6.748730050797968e-05,0.0
6.749730010799569e-05,0.016666666666666607
6.750729970801168e-05,0.0
6.751729930802769e-05,0.0
6.752729890804368e-05,0.016666666666666607
6.753729850805967e-05,0.0
6.754729810807568e-05,0.0
6.755729770809168e-05,0.016666666666666607
6.756729730810768e-05,0.0
6.757729690812368e-05,0.0
6.758729650813968e-05,0.0
6.759729610815568e-05,0.0
6.760729570817167e-05,0.0
6.761729530818768e-05,0.0
6.762729490820367e-05,-0.016666666666666607
6.763729450821968e-05,0.0
6.764729410823567e-05,0.0
6.765729370825167e-05,-0.016666666666666607
6.766729330826768e-05,0.0
6.767729290828367e-05,0.0
6.768729250829968e-05,0.0
6.769729210831567e-05,0.0
6.770729170833166e-05,0.0
6.771729130834767e-05,0.0
6.772729090836367e-05,0.0
6.773729050837967e-05,0.016666666666666607
6.774729010839567e-05,0.0
6.775728970841166e-05,0.0
6.776728930842767e-05,0.016666666666666607
6.777728890844366e-05,0.0
6.778728850845967e-05,0.0
6.779728810847566e-05,0.0
6.780728770849167e-05,0.0
6.781728730850766e-05,0.0
6.782728690852366e-05,-0.016666666666666607
6.783728650853967e-05,0.0
6.784728610855566e-05,0.0
6.785728570857167e-05,-0.016666666666666607
6.786728530858766e-05,0.0
6.787728490860365e-05,0.0
6.788728450861966e-05,0.0
6.789728410863566e-05,0.0
6.790728370865166e-05,0.0
6.791728330866766e-05,0.0
6.792728290868365e-05,0.0
6.793728250869966e-05,0.0
6.794728210871565e-05,0.016666666666666607
6.795728170873166e-05,0.0
6.796728130874765e-05,0.0
6.797728090876365e-05,0.0
6.798728050877965e-05,-0.016666666666666607
6.799728010879565e-05,0.0
6.800727970881166e-05,-0.016666666666666607
6.801727930882765e-05,0.0
6.802727890884364e-05,-0.016666666666666607
6.803727850885965e-05,0.0
6.804727810887564e-05,0.0
6.805727770889165e-05,0.0
6.806727730890765e-05,0.0
6.807727690892365e-05,0.0
6.808727650893965e-05,0.0
6.809727610895564e-05,0.0
6.810727570897165e-05,0.016666666666666607
6.811727530898764e-05,0.0
6.812727490900365e-05,0.0
6.813727450901964e-05,0.016666666666666607
6.814727410903564e-05,0.0
6.815727370905164e-05,0.0
6.816727330906764e-05,0.0
6.817727290908365e-05,0.0
6.818727250909964e-05,0.0
6.819727210911563e-05,0.0
6.820727170913164e-05,0.0
6.821727130914763e-05,0.0
6.822727090916364e-05,0.0
6.823727050917964e-05,0.0
6.824727010919563e-05,0.0
6.825726970921164e-05,0.0
6.826726930922763e-05,0.0
6.827726890924364e-05,0.0
6.828726850925963e-05,0.0
6.829726810927564e-05,0.016666666666666607
6.830726770929163e-05,0.016666666666666607
6.831726730930763e-05,0.0
6.832726690932363e-05,0.0
6.833726650933963e-05,0.0
6.834726610935564e-05,0.0
6.835726570937163e-05,0.0
6.836726530938762e-05,-0.016666666666666607
6.837726490940363e-05,0.0
6.838726450941962e-05,-0.016666666666666607
6.839726410943563e-05,0.0
6.840726370945163e-05,-0.016666666666666607
6.841726330946762e-05,0.0
6.842726290948363e-05,0.0
6.843726250949962e-05,0.0
6.844726210951563e-05,0.0
6.845726170953162e-05,0.0
6.846726130954762e-05,0.0
6.847726090956362e-05,0.0
6.848726050957962e-05,0.0
6.849726010959562e-05,0.0
6.850725970961162e-05,0.0
6.851725930962763e-05,0.0
6.852725890964362e-05,0.0
6.853725850965961e-05,0.0
6.854725810967562e-05,0.0
6.855725770969161e-05,0.0
6.856725730970762e-05,0.0
6.857725690972362e-05,0.0
6.858725650973961e-05,0.0
6.859725610975562e-05,0.0
6.860725570977161e-05,-0.016666666666666607
6.861725530978762e-05,0.0
6.862725490980361e-05,0.0
6.86372545098196e-05,0.0
6.864725410983561e-05,-0.016666666666666607
6.86572537098516e-05,-0.016666666666666607
6.866725330986761e-05,-0.016666666666666607
6.867725290988361e-05,0.0
6.86872525098996e-05,0.0
6.869725210991561e-05,0.0
6.87072517099316e-05,0.0
6.871725130994761e-05,0.016666666666666607
6.87272509099636e-05,0.0
6.873725050997961e-05,0.0
6.87472501099956e-05,0.0
6.87572497100116e-05,0.0
6.87672493100276e-05,0.0
6.87772489100436e-05,0.0
6.878724851005961e-05,0.0
6.87972481100756e-05,0.0
6.88072477100916e-05,0.0
6.88172473101076e-05,0.0
6.88272469101236e-05,0.0
6.88372465101396e-05,0.0
6.88472461101556e-05,0.0
6.885724571017159e-05,0.0
6.88672453101876e-05,0.0
6.887724491020359e-05,0.0
6.88872445102196e-05,0.0
6.88972441102356e-05,0.0
6.890724371025159e-05,0.0
6.89172433102676e-05,0.0
6.892724291028359e-05,0.0
6.89372425102996e-05,0.016666666666666607
6.894724211031559e-05,0.0
6.895724171033158e-05,0.0
6.896724131034759e-05,0.0
6.897724091036359e-05,0.0
6.898724051037959e-05,0.0
6.899724011039559e-05,0.0
6.90072397104116e-05,0.0
6.901723931042759e-05,0.0
6.902723891044358e-05,0.0
6.903723851045959e-05,0.0
6.904723811047558e-05,0.0
6.905723771049159e-05,0.0
6.906723731050758e-05,0.0
6.907723691052358e-05,0.0
6.908723651053958e-05,0.0
6.909723611055558e-05,0.0
6.910723571057159e-05,0.0
6.911723531058758e-05,0.0
6.912723491060357e-05,0.016666666666666607
6.913723451061958e-05,0.0
6.914723411063557e-05,0.0
6.915723371065158e-05,0.0
6.916723331066758e-05,0.0
6.917723291068357e-05,0.0
6.918723251069958e-05,0.0
6.919723211071557e-05,0.0
6.920723171073158e-05,0.0
6.921723131074757e-05,0.0
6.922723091076358e-05,0.0
6.923723051077957e-05,0.0
6.924723011079557e-05,0.0
6.925722971081157e-05,0.0
6.926722931082757e-05,0.0
6.927722891084358e-05,0.0
6.928722851085957e-05,-0.016666666666666607
6.929722811087556e-05,0.0
6.930722771089157e-05,0.0
6.931722731090756e-05,0.0
6.932722691092357e-05,0.0
6.933722651093957e-05,0.0
6.934722611095556e-05,0.0
6.935722571097157e-05,0.0
6.936722531098756e-05,0.0
6.937722491100357e-05,0.0
6.938722451101956e-05,0.0
6.939722411103556e-05,0.0
6.940722371105156e-05,0.0
6.941722331106756e-05,0.0
6.942722291108356e-05,0.0
6.943722251109956e-05,0.0
6.944722211111557e-05,0.0
6.945722171113156e-05,0.0
6.946722131114755e-05,0.0
6.947722091116356e-05,0.0
6.948722051117955e-05,0.0
6.949722011119556e-05,0.0
6.950721971121156e-05,-0.016666666666666607
6.951721931122755e-05,0.0
6.952721891124356e-05,0.0
6.953721851125955e-05,0.0
6.954721811127556e-05,0.0
6.955721771129155e-05,-0.016666666666666607
6.956721731130755e-05,0.0
6.957721691132355e-05,0.0
6.958721651133955e-05,0.0
6.959721611135555e-05,0.0
6.960721571137155e-05,0.0
6.961721531138754e-05,0.0
6.962721491140355e-05,0.0
6.963721451141954e-05,0.0
6.964721411143555e-05,0.0
6.965721371145154e-05,0.0
6.966721331146755e-05,0.0
6.967721291148355e-05,0.0
6.968721251149954e-05,0.0
6.969721211151555e-05,0.0
6.970721171153154e-05,0.0
6.971721131154755e-05,0.0
6.972721091156354e-05,-0.016666666666666607
6.973721051157954e-05,0.0
6.974721011159554e-05,0.0
6.975720971161154e-05,0.016666666666666607
6.976720931162754e-05,0.0
6.977720891164354e-05,0.0
6.978720851165953e-05,0.0
6.979720811167554e-05,0.0
6.980720771169153e-05,0.0
6.981720731170754e-05,0.0
6.982720691172353e-05,0.0
6.983720651173953e-05,0.0
6.984720611175554e-05,0.0
6.985720571177153e-05,0.0
6.986720531178754e-05,0.0
6.987720491180353e-05,0.0
6.988720451181952e-05,0.0
6.989720411183553e-05,0.0
6.990720371185153e-05,0.016666666666666607
6.991720331186753e-05,0.0
6.992720291188353e-05,0.0
6.993720251189953e-05,0.0
6.994720211191553e-05,0.0
6.995720171193152e-05,0.0
6.996720131194753e-05,0.0
6.997720091196352e-05,0.016666666666666607
6.998720051197953e-05,0.0
6.999720011199552e-05,0.016666666666666607
7.000719971201152e-05,0.0
7.001719931202753e-05,0.0
7.002719891204352e-05,0.0
7.003719851205953e-05,0.016666666666666607
7.004719811207552e-05,0.0
7.005719771209151e-05,0.0
7.006719731210752e-05,0.0
7.007719691212352e-05,0.0
7.008719651213952e-05,0.0
7.009719611215552e-05,0.0
7.010719571217151e-05,0.0
7.011719531218752e-05,0.0
7.012719491220351e-05,0.0
7.013719451221952e-05,0.0
7.014719411223551e-05,0.0
7.015719371225152e-05,0.0
7.016719331226751e-05,0.0
7.017719291228351e-05,0.0
7.018719251229952e-05,0.0
7.019719211231551e-05,0.0
7.020719171233152e-05,0.0
7.021719131234751e-05,0.0
7.02271909123635e-05,0.0
7.023719051237951e-05,0.0
7.02471901123955e-05,0.0
7.025718971241151e-05,0.0
7.02671893124275e-05,0.0
7.02771889124435e-05,0.0
7.028718851245951e-05,0.0
7.02971881124755e-05,-0.016666666666666607
7.030718771249151e-05,0.0
7.03171873125075e-05,0.0
7.03271869125235e-05,0.0
7.03371865125395e-05,0.0
7.03471861125555e-05,-0.016666666666666607
7.03571857125715e-05,0.0
7.03671853125875e-05,0.0
7.03771849126035e-05,0.0
7.03871845126195e-05,-0.016666666666666607
7.03971841126355e-05,0.0
7.04071837126515e-05,-0.016666666666666607
7.04171833126675e-05,0.0
7.04271829126835e-05,0.0
7.04371825126995e-05,0.016666666666666607
7.044718211271549e-05,0.0
7.04571817127315e-05,0.0
7.046718131274749e-05,0.0
7.04771809127635e-05,0.0
7.048718051277949e-05,0.0
7.049718011279549e-05,0.0
7.05071797128115e-05,0.0
7.051717931282749e-05,0.0
7.05271789128435e-05,0.0
7.053717851285949e-05,0.0
7.054717811287548e-05,0.0
7.055717771289149e-05,0.0
7.056717731290748e-05,0.0
7.057717691292349e-05,0.0
7.058717651293949e-05,0.0
7.059717611295548e-05,-0.016666666666666607
7.060717571297149e-05,0.0
7.061717531298748e-05,0.0
7.062717491300349e-05,0.0
7.063717451301948e-05,0.016666666666666607
7.064717411303549e-05,0.0
7.065717371305148e-05,0.0
7.066717331306748e-05,-0.016666666666666607
7.067717291308348e-05,-0.016666666666666607
7.068717251309948e-05,-0.016666666666666607
7.069717211311548e-05,0.0
7.070717171313148e-05,0.016666666666666607
7.071717131314747e-05,0.016666666666666607
7.072717091316348e-05,0.0
7.073717051317947e-05,0.0
7.074717011319548e-05,-0.016666666666666607
7.075716971321147e-05,0.0
7.076716931322747e-05,0.016666666666666607
7.077716891324348e-05,0.0
7.078716851325947e-05,0.016666666666666607
7.079716811327548e-05,0.016666666666666607
7.080716771329147e-05,-0.016666666666666607
7.081716731330747e-05,-0.016666666666666607
7.082716691332347e-05,-0.016666666666666607
7.083716651333947e-05,-0.016666666666666607
7.084716611335547e-05,0.0
7.085716571337147e-05,0.016666666666666607
7.086716531338747e-05,0.0
7.087716491340347e-05,-0.016666666666666607
7.088716451341946e-05,-0.016666666666666607
7.089716411343547e-05,0.0
7.090716371345146e-05,0.0
7.091716331346747e-05,0.0
7.092716291348346e-05,0.0
7.093716251349946e-05,0.016666666666666607
7.094716211351547e-05,-0.016666666666666607
7.095716171353146e-05,0.0
7.096716131354747e-05,0.0
7.097716091356346e-05,0.0
7.098716051357945e-05,0.0
7.099716011359546e-05,0.0
7.100715971361146e-05,0.0
7.101715931362746e-05,0.0
7.102715891364346e-05,0.0
7.103715851365945e-05,0.0
7.104715811367546e-05,0.0
7.105715771369145e-05,0.0
7.106715731370746e-05,-0.016666666666666607
7.107715691372345e-05,0.0
7.108715651373946e-05,0.0
7.109715611375545e-05,0.016666666666666607
7.110715571377145e-05,0.0
7.111715531378746e-05,0.0
7.112715491380345e-05,0.0
7.113715451381946e-05,0.0
7.114715411383545e-05,0.0
7.115715371385144e-05,0.016666666666666607
7.116715331386745e-05,0.0
7.117715291388345e-05,0.0
7.118715251389945e-05,0.0
7.119715211391545e-05,0.0
7.120715171393144e-05,0.0
7.121715131394745e-05,0.0
7.122715091396344e-05,0.0
7.123715051397945e-05,0.0
7.124715011399544e-05,0.0
7.125714971401144e-05,0.0
7.126714931402744e-05,0.0
7.127714891404344e-05,0.0
7.128714851405945e-05,0.0
7.129714811407544e-05,0.0
7.130714771409145e-05,0.0
7.131714731410744e-05,0.0
7.132714691412343e-05,0.0
7.133714651413944e-05,0.0
7.134714611415544e-05,0.0
7.135714571417144e-05,-0.016666666666666607
7.136714531418744e-05,0.0
7.137714491420343e-05,0.0
7.138714451421944e-05,0.0
7.139714411423543e-05,0.0
7.140714371425144e-05,0.0
7.141714331426743e-05,0.0
7.142714291428343e-05,0.0
7.143714251429943e-05,0.0
7.144714211431543e-05,0.0
7.145714171433144e-05,0.0
7.146714131434743e-05,0.0
7.147714091436342e-05,0.0
7.148714051437943e-05,0.0
7.149714011439542e-05,-0.016666666666666607
7.150713971441143e-05,0.0
7.151713931442743e-05,0.0
7.152713891444342e-05,0.0
7.153713851445943e-05,0.0
7.154713811447542e-05,0.0
7.155713771449143e-05,0.0
7.156713731450742e-05,0.0
7.157713691452343e-05,0.0
7.158713651453942e-05,0.0
7.159713611455542e-05,0.0
7.160713571457142e-05,0.0
7.161713531458742e-05,0.0
7.162713491460343e-05,0.0
7.163713451461942e-05,0.0
7.164713411463541e-05,0.0
7.165713371465142e-05,0.0
7.166713331466741e-05,0.0
7.167713291468342e-05,0.0
7.168713251469942e-05,0.0
7.169713211471541e-05,-0.016666666666666607
7.170713171473142e-05,0.0
7.171713131474741e-05,0.0
7.172713091476342e-05,0.0
7.173713051477941e-05,0.0
7.17471301147954e-05,0.0
7.175712971481141e-05,0.0
7.176712931482741e-05,0.0
7.177712891484341e-05,-0.016666666666666607
7.178712851485941e-05,0.0
7.179712811487542e-05,0.0
7.180712771489141e-05,0.0
7.18171273149074e-05,0.0
7.182712691492341e-05,0.0
7.18371265149394e-05,0.0
7.184712611495541e-05,0.0
7.18571257149714e-05,0.0
7.18671253149874e-05,0.0
7.18771249150034e-05,0.0
7.18871245150194e-05,0.016666666666666607
7.189712411503541e-05,0.0
7.19071237150514e-05,0.0
7.19171233150674e-05,0.0
7.19271229150834e-05,0.0
7.19371225150994e-05,0.0
7.19471221151154e-05,0.0
7.19571217151314e-05,0.0
7.196712131514739e-05,0.0
7.19771209151634e-05,-0.016666666666666607
7.198712051517939e-05,0.0
7.19971201151954e-05,0.0
7.20071197152114e-05,0.0
7.20171193152274e-05,0.0
7.20271189152434e-05,0.0
7.203711851525939e-05,0.0
7.20471181152754e-05,0.0
7.205711771529139e-05,0.0
7.20671173153074e-05,0.0
7.207711691532339e-05,0.0
7.208711651533939e-05,0.0
7.209711611535539e-05,0.0
7.210711571537139e-05,0.0
7.21171153153874e-05,0.0
7.212711491540339e-05,-0.016666666666666607
7.213711451541938e-05,0.0
7.214711411543539e-05,0.0
7.215711371545138e-05,0.0
7.216711331546739e-05,0.0
7.217711291548338e-05,0.0
7.218711251549938e-05,0.0
7.219711211551539e-05,0.0
7.220711171553138e-05,0.0
7.221711131554739e-05,0.0
7.222711091556338e-05,0.0
7.223711051557939e-05,0.0
7.224711011559538e-05,0.0
7.225710971561138e-05,0.0
7.226710931562738e-05,0.0
7.227710891564338e-05,0.0
7.228710851565938e-05,0.0
7.229710811567538e-05,0.0
7.230710771569137e-05,0.0
7.231710731570738e-05,-0.016666666666666607
7.232710691572337e-05,0.0
7.233710651573938e-05,0.0
7.234710611575537e-05,0.0
7.235710571577137e-05,0.0
7.236710531578738e-05,0.0
7.237710491580337e-05,0.0
7.238710451581938e-05,0.0
7.239710411583537e-05,0.0
7.240710371585136e-05,0.0
7.241710331586737e-05,0.0
7.242710291588337e-05,0.0
7.243710251589937e-05,0.0
7.244710211591537e-05,0.0
7.245710171593136e-05,0.0
7.246710131594737e-05,0.0
7.247710091596336e-05,0.0
7.248710051597937e-05,0.0
7.249710011599536e-05,-0.016666666666666607
7.250709971601137e-05,0.0
7.251709931602736e-05,0.0
7.252709891604336e-05,0.0
7.253709851605936e-05,0.0
7.254709811607536e-05,0.0
7.255709771609137e-05,0.0
7.256709731610736e-05,0.0
7.257709691612335e-05,0.0
7.258709651613936e-05,0.0
7.259709611615535e-05,0.0
7.260709571617136e-05,0.0
7.261709531618736e-05,0.0
7.262709491620335e-05,0.0
7.263709451621936e-05,0.0
7.264709411623535e-05,0.0
7.265709371625136e-05,0.0
7.266709331626735e-05,0.0
7.267709291628335e-05,0.0
7.268709251629935e-05,0.0
7.269709211631535e-05,0.0
7.270709171633135e-05,0.0
7.271709131634735e-05,0.0
7.272709091636336e-05,0.0
7.273709051637935e-05,0.0
7.274709011639534e-05,0.0
7.275708971641135e-05,0.0
7.276708931642734e-05,0.0
7.277708891644335e-05,0.0
7.278708851645935e-05,0.0
7.279708811647534e-05,0.0
7.280708771649135e-05,0.0
7.281708731650734e-05,0.0
7.282708691652335e-05,0.0
7.283708651653934e-05,0.0
7.284708611655534e-05,0.0
7.285708571657134e-05,0.0
7.286708531658734e-05,0.0
7.287708491660334e-05,0.0
7.288708451661934e-05,0.0
7.289708411663533e-05,0.0
7.290708371665134e-05,0.0
7.291708331666733e-05,0.016666666666666607
7.292708291668334e-05,0.0
7.293708251669933e-05,0.0
7.294708211671534e-05,0.0
7.295708171673134e-05,0.0
7.296708131674733e-05,0.0
7.297708091676334e-05,0.0
7.298708051677933e-05,0.0
7.299708011679534e-05,0.0
7.300707971681133e-05,0.0
7.301707931682733e-05,0.0
7.302707891684333e-05,0.0
7.303707851685933e-05,0.0
7.304707811687533e-05,0.0
7.305707771689133e-05,0.0
7.306707731690732e-05,0.0
7.307707691692333e-05,0.0
7.308707651693932e-05,0.0
7.309707611695533e-05,0.0
7.310707571697132e-05,0.0
7.311707531698732e-05,0.0
7.312707491700333e-05,0.0
7.313707451701932e-05,0.0
7.314707411703533e-05,0.0
7.315707371705132e-05,0.0
7.316707331706733e-05,0.0
7.317707291708332e-05,0.0
7.318707251709932e-05,0.0
7.319707211711532e-05,0.0
7.320707171713132e-05,0.0
7.321707131714732e-05,0.0
7.322707091716332e-05,0.0
7.323707051717931e-05,0.0
7.324707011719532e-05,0.0
7.325706971721131e-05,0.016666666666666607
7.326706931722732e-05,0.0
7.327706891724331e-05,-0.016666666666666607
7.328706851725931e-05,0.0
7.329706811727532e-05,0.0
7.330706771729131e-05,0.0
7.331706731730732e-05,0.0
7.332706691732331e-05,0.0
7.33370665173393e-05,0.0
7.334706611735531e-05,0.0
7.33570657173713e-05,0.0
7.336706531738731e-05,0.0
7.337706491740331e-05,0.0
7.33870645174193e-05,0.0
7.339706411743531e-05,0.0
7.34070637174513e-05,0.0
7.341706331746731e-05,0.0
7.34270629174833e-05,0.0
7.343706251749931e-05,0.0
7.34470621175153e-05,0.0
7.34570617175313e-05,0.0
7.34670613175473e-05,0.0
7.34770609175633e-05,0.0
7.34870605175793e-05,0.0
7.34970601175953e-05,0.0
7.35070597176113e-05,0.0
7.35170593176273e-05,0.0
7.35270589176433e-05,0.0
7.35370585176593e-05,0.0
7.35470581176753e-05,0.0
7.355705771769129e-05,0.0
7.35670573177073e-05,0.0
7.357705691772329e-05,0.0
7.35870565177393e-05,0.0
7.359705611775529e-05,0.0
7.360705571777129e-05,0.0
7.36170553177873e-05,0.0
7.362705491780329e-05,0.0
7.36370545178193e-05,0.0
7.364705411783529e-05,0.0
7.36570537178513e-05,0.0
7.366705331786729e-05,0.0
7.367705291788328e-05,0.0
7.368705251789929e-05,0.0
7.369705211791529e-05,0.0
7.370705171793129e-05,0.0
7.371705131794729e-05,0.0
7.372705091796328e-05,0.0
7.373705051797929e-05,0.0
7.374705011799528e-05,0.0
7.375704971801129e-05,0.0
7.376704931802728e-05,0.0
7.377704891804328e-05,0.0
7.378704851805928e-05,0.0
7.379704811807528e-05,0.0
7.380704771809129e-05,0.0
7.381704731810728e-05,0.0
7.382704691812327e-05,0.0
7.383704651813928e-05,0.0
7.384704611815527e-05,0.0
7.385704571817128e-05,0.0
7.386704531818728e-05,0.0
7.387704491820328e-05,0.0
7.388704451821928e-05,0.0
7.389704411823527e-05,0.0
7.390704371825128e-05,0.0
7.391704331826727e-05,0.0
7.392704291828328e-05,0.0
7.393704251829927e-05,0.0
7.394704211831527e-05,0.0
7.395704171833127e-05,0.0
7.396704131834727e-05,0.016666666666666607
7.397704091836328e-05,0.0
7.398704051837927e-05,0.0
7.399704011839526e-05,0.0
7.400703971841127e-05,0.0
7.401703931842726e-05,0.0
7.402703891844327e-05,0.0
7.403703851845927e-05,0.016666666666666607
7.404703811847526e-05,0.0
7.405703771849127e-05,0.0
7.406703731850726e-05,0.0
7.407703691852327e-05,0.0
7.408703651853926e-05,0.0
7.409703611855526e-05,0.0
7.410703571857126e-05,0.0
7.411703531858726e-05,0.0
7.412703491860326e-05,0.0
7.413703451861926e-05,0.0
7.414703411863526e-05,0.0
7.415703371865126e-05,0.0
7.416703331866725e-05,0.0
7.417703291868326e-05,0.016666666666666607
7.418703251869925e-05,0.0
7.419703211871526e-05,0.0
7.420703171873125e-05,0.0
7.421703131874725e-05,0.0
7.422703091876326e-05,0.0
7.423703051877925e-05,0.0
7.424703011879526e-05,0.0
7.425702971881125e-05,0.0
7.426702931882725e-05,0.0
7.427702891884325e-05,0.0
7.428702851885925e-05,0.0
7.429702811887525e-05,0.0
7.430702771889125e-05,0.0
7.431702731890724e-05,0.0
7.432702691892325e-05,0.0
7.433702651893924e-05,0.0
7.434702611895525e-05,0.0
7.435702571897124e-05,0.0
7.436702531898725e-05,0.0
7.437702491900324e-05,0.0
7.438702451901924e-05,0.0
7.439702411903525e-05,0.0
7.440702371905124e-05,-0.016666666666666607
7.441702331906725e-05,0.0
7.442702291908324e-05,0.0
7.443702251909923e-05,-0.016666666666666607
7.444702211911524e-05,0.0
7.445702171913124e-05,0.0
7.446702131914724e-05,0.0
7.447702091916324e-05,0.0
7.448702051917923e-05,0.0
7.449702011919524e-05,0.0
7.450701971921123e-05,0.0
7.451701931922724e-05,0.0
7.452701891924323e-05,0.0
7.453701851925923e-05,0.0
7.454701811927523e-05,0.0
7.455701771929123e-05,0.0
7.456701731930724e-05,-0.016666666666666607
7.457701691932323e-05,0.0
7.458701651933924e-05,0.0
7.459701611935523e-05,0.0
7.460701571937122e-05,0.0
7.461701531938723e-05,0.0
7.462701491940323e-05,0.0
7.463701451941923e-05,0.0
7.464701411943523e-05,0.0
7.465701371945122e-05,0.0
7.466701331946723e-05,0.016666666666666607
7.467701291948322e-05,0.0
7.468701251949923e-05,0.0
7.469701211951522e-05,-0.016666666666666607
7.470701171953122e-05,0.0
7.471701131954722e-05,-0.016666666666666607
7.472701091956322e-05,0.0
7.473701051957923e-05,-0.016666666666666607
7.474701011959522e-05,-0.016666666666666607
7.475700971961121e-05,0.0
7.476700931962722e-05,0.0
7.477700891964321e-05,0.0
7.478700851965922e-05,0.0
7.479700811967522e-05,0.0
7.480700771969122e-05,0.0
7.481700731970722e-05,0.016666666666666607
7.482700691972321e-05,0.0
7.483700651973922e-05,0.016666666666666607
7.484700611975521e-05,0.0
7.485700571977122e-05,0.0
7.486700531978721e-05,0.016666666666666607
7.487700491980321e-05,0.0
7.488700451981921e-05,0.0
7.489700411983521e-05,0.016666666666666607
7.490700371985122e-05,0.0
7.491700331986721e-05,0.0
7.49270029198832e-05,-0.016666666666666607
7.493700251989921e-05,0.0
7.49470021199152e-05,-0.016666666666666607
7.495700171993121e-05,-0.016666666666666607
7.49670013199472e-05,0.0
7.49770009199632e-05,0.0
7.498700051997921e-05,0.0
7.49970001199952e-05,0.0
7.500699972001121e-05,0.0
7.50169993200272e-05,0.0
7.50269989200432e-05,0.0
7.50369985200592e-05,0.016666666666666607
7.50469981200752e-05,0.0
7.50569977200912e-05,0.016666666666666607
7.50669973201072e-05,0.0
7.50769969201232e-05,0.0
7.50869965201392e-05,0.0
7.509699612015519e-05,0.016666666666666607
7.51069957201712e-05,0.0
7.51169953201872e-05,0.0
7.51269949202032e-05,0.0
7.51369945202192e-05,0.0
7.514699412023519e-05,0.0
7.51569937202512e-05,-0.016666666666666607
7.516699332026719e-05,0.0
7.51769929202832e-05,0.0
7.518699252029919e-05,0.0
7.519699212031519e-05,0.0
7.520699172033119e-05,0.0
7.521699132034719e-05,0.0
7.52269909203632e-05,0.0
7.523699052037919e-05,0.0
7.524699012039518e-05,0.0
7.525698972041119e-05,0.0
7.526698932042718e-05,0.0
7.527698892044319e-05,0.0
7.528698852045918e-05,0.0
7.529698812047519e-05,0.0
7.530698772049119e-05,0.016666666666666607
7.531698732050718e-05,0.0
7.532698692052319e-05,0.016666666666666607
7.533698652053918e-05,0.0
7.534698612055519e-05,0.0
7.535698572057118e-05,0.0
7.536698532058718e-05,0.016666666666666607
7.537698492060318e-05,0.0
7.538698452061918e-05,0.0
7.539698412063518e-05,0.0
7.540698372065118e-05,0.0
7.541698332066717e-05,0.016666666666666607
7.542698292068318e-05,0.0
7.543698252069917e-05,0.016666666666666607
7.544698212071518e-05,0.0
7.545698172073117e-05,0.0
7.546698132074717e-05,0.0
7.547698092076318e-05,0.0
7.548698052077917e-05,0.0
7.549698012079518e-05,0.0
7.550697972081117e-05,0.0
7.551697932082718e-05,0.0
7.552697892084317e-05,-0.016666666666666607
7.553697852085917e-05,0.0
7.554697812087517e-05,0.0
7.555697772089117e-05,0.0
7.556697732090717e-05,0.0
7.557697692092317e-05,0.0
7.558697652093916e-05,0.0
7.559697612095517e-05,0.0
7.560697572097116e-05,0.0
7.561697532098717e-05,0.0
7.562697492100316e-05,0.016666666666666607
7.563697452101916e-05,0.0
7.564697412103517e-05,0.0
7.565697372105116e-05,0.016666666666666607
7.566697332106717e-05,0.0
7.567697292108316e-05,0.0
7.568697252109915e-05,-0.016666666666666607
7.569697212111516e-05,0.0
7.570697172113116e-05,0.0
7.571697132114716e-05,0.0
7.572697092116316e-05,0.0
7.573697052117916e-05,0.0
7.574697012119516e-05,0.0
7.575696972121115e-05,0.0
7.576696932122716e-05,0.0
7.577696892124315e-05,0.0
7.578696852125916e-05,0.0
7.579696812127515e-05,0.0
7.580696772129115e-05,0.0
7.581696732130716e-05,0.0
7.582696692132315e-05,0.0
7.583696652133916e-05,0.0
7.584696612135515e-05,0.0
7.585696572137114e-05,0.0
7.586696532138715e-05,0.0
7.587696492140315e-05,0.0
7.588696452141915e-05,0.0
7.589696412143515e-05,0.0
7.590696372145114e-05,0.0
7.591696332146715e-05,0.0
7.592696292148314e-05,0.0
7.593696252149915e-05,0.0
7.594696212151514e-05,0.0
7.595696172153114e-05,0.0
7.596696132154714e-05,0.0
7.597696092156314e-05,0.0
7.598696052157914e-05,-0.016666666666666607
7.599696012159514e-05,0.0
7.600695972161115e-05,0.0
7.601695932162714e-05,0.016666666666666607
7.602695892164313e-05,0.0
7.603695852165914e-05,0.0
7.604695812167513e-05,0.0
7.605695772169114e-05,0.0
7.606695732170714e-05,0.0
7.607695692172313e-05,0.0
7.608695652173914e-05,0.0
7.609695612175513e-05,0.0
7.610695572177114e-05,0.0
7.611695532178713e-05,0.0
7.612695492180313e-05,0.0
7.613695452181913e-05,0.0
7.614695412183513e-05,0.0
7.615695372185113e-05,0.0
7.616695332186713e-05,0.0
7.617695292188312e-05,0.0
7.618695252189913e-05,0.0
7.619695212191512e-05,0.0
7.620695172193113e-05,0.0
7.621695132194712e-05,0.0
7.622695092196313e-05,0.0
7.623695052197913e-05,0.0
7.624695012199512e-05,0.016666666666666607
7.625694972201113e-05,0.0
7.626694932202712e-05,0.0
7.627694892204313e-05,0.0
7.628694852205912e-05,0.0
7.629694812207512e-05,0.0
7.630694772209112e-05,0.0
7.631694732210712e-05,0.0
7.632694692212312e-05,0.0
7.633694652213912e-05,0.0
7.634694612215511e-05,0.0
7.635694572217112e-05,0.0
7.636694532218711e-05,0.0
7.637694492220312e-05,0.016666666666666607
7.638694452221911e-05,0.0
7.639694412223511e-05,0.016666666666666607
7.640694372225112e-05,0.0
7.641694332226711e-05,0.0
7.642694292228312e-05,0.0
7.643694252229911e-05,0.0
7.644694212231512e-05,0.0
7.645694172233111e-05,0.0
7.64669413223471e-05,0.0
7.647694092236311e-05,0.0
7.648694052237911e-05,0.0
7.649694012239511e-05,0.0
7.650693972241111e-05,0.0
7.65169393224271e-05,0.0
7.652693892244311e-05,0.0
7.65369385224591e-05,0.0
7.654693812247511e-05,0.0
7.65569377224911e-05,0.0
7.65669373225071e-05,0.0
7.65769369225231e-05,0.0
7.65869365225391e-05,0.0
7.659693612255511e-05,0.0
7.66069357225711e-05,0.0
7.66169353225871e-05,0.0
7.66269349226031e-05,0.0
7.66369345226191e-05,0.0
7.66469341226351e-05,0.0
7.66569337226511e-05,0.0
7.66669333226671e-05,0.0
7.66769329226831e-05,0.0
7.668693252269909e-05,0.0
7.66969321227151e-05,0.0
7.670693172273109e-05,0.0
7.67169313227471e-05,0.0
7.67269309227631e-05,0.0
7.673693052277909e-05,0.0
7.67469301227951e-05,0.0
7.675692972281109e-05,0.0
7.67669293228271e-05,0.0
7.677692892284309e-05,0.0
7.678692852285908e-05,0.0
7.679692812287509e-05,0.0
7.680692772289109e-05,0.0
7.681692732290709e-05,0.0
7.682692692292309e-05,0.0
7.683692652293908e-05,0.0
7.684692612295509e-05,0.0
7.685692572297108e-05,0.0
7.686692532298709e-05,0.0
7.687692492300308e-05,0.0
7.688692452301908e-05,0.0
7.689692412303508e-05,0.0
7.690692372305108e-05,0.0
7.691692332306709e-05,0.0
7.692692292308308e-05,0.0
7.693692252309909e-05,0.0
7.694692212311508e-05,0.0
7.695692172313107e-05,0.0
7.696692132314708e-05,0.0
7.697692092316308e-05,0.0
7.698692052317908e-05,0.0
7.699692012319508e-05,0.0
7.700691972321107e-05,0.0
7.701691932322708e-05,0.0
7.702691892324307e-05,0.0
7.703691852325908e-05,0.0
7.704691812327507e-05,0.0
7.705691772329107e-05,0.0
7.706691732330707e-05,0.0
7.707691692332307e-05,0.0
7.708691652333908e-05,0.0
7.709691612335507e-05,0.0
7.710691572337106e-05,0.0
7.711691532338707e-05,0.0
7.712691492340306e-05,0.0
7.713691452341907e-05,0.0
7.714691412343507e-05,0.0
7.715691372345107e-05,0.0
7.716691332346707e-05,0.0
7.717691292348306e-05,0.0
7.718691252349907e-05,0.0
7.719691212351506e-05,0.016666666666666607
7.720691172353107e-05,0.0
7.721691132354706e-05,0.0
7.722691092356306e-05,0.0
7.723691052357906e-05,0.0
7.724691012359506e-05,0.0
7.725690972361107e-05,0.0
7.726690932362706e-05,0.0
7.727690892364305e-05,0.0
7.728690852365906e-05,0.0
7.729690812367505e-05,0.0
7.730690772369106e-05,0.0
7.731690732370706e-05,0.0
7.732690692372305e-05,0.0
7.733690652373906e-05,0.0
7.734690612375505e-05,0.0
7.735690572377106e-05,0.0
7.736690532378705e-05,0.0
7.737690492380306e-05,0.0
7.738690452381905e-05,0.0
7.739690412383505e-05,0.0
7.740690372385105e-05,0.0
7.741690332386705e-05,0.0
7.742690292388306e-05,0.0
7.743690252389905e-05,0.0
7.744690212391504e-05,0.0
7.745690172393105e-05,-0.016666666666666607
7.746690132394704e-05,0.0
7.747690092396305e-05,0.0
7.748690052397905e-05,0.016666666666666607
7.749690012399504e-05,0.0
7.750689972401105e-05,0.016666666666666607
7.751689932402704e-05,0.0
7.752689892404305e-05,0.0
7.753689852405904e-05,0.016666666666666607
7.754689812407504e-05,0.0
7.755689772409104e-05,0.0
7.756689732410704e-05,0.016666666666666607
7.757689692412304e-05,0.0
7.758689652413904e-05,0.0
7.759689612415503e-05,0.0
7.760689572417104e-05,0.0
7.761689532418703e-05,0.0
7.762689492420304e-05,0.016666666666666607
7.763689452421903e-05,0.0
7.764689412423504e-05,0.016666666666666607
7.765689372425103e-05,0.0
7.766689332426703e-05,0.0
7.767689292428304e-05,0.0
7.768689252429903e-05,0.0
7.769689212431504e-05,0.016666666666666607
7.770689172433103e-05,0.0
7.771689132434703e-05,0.016666666666666607
7.772689092436303e-05,0.0
7.773689052437903e-05,0.0
7.774689012439503e-05,0.016666666666666607
7.775688972441103e-05,0.0
7.776688932442702e-05,0.0
7.777688892444303e-05,0.0
7.778688852445902e-05,0.0
7.779688812447503e-05,0.0
7.780688772449102e-05,0.0
7.781688732450702e-05,0.0
7.782688692452302e-05,0.0
7.783688652453902e-05,0.0
7.784688612455503e-05,0.0
7.785688572457102e-05,0.0
7.786688532458703e-05,0.0
7.787688492460302e-05,0.0
7.788688452461901e-05,0.016666666666666607
7.789688412463502e-05,0.0
7.790688372465102e-05,0.0
7.791688332466702e-05,0.0
7.792688292468302e-05,0.0
7.793688252469901e-05,0.0
7.794688212471502e-05,0.0
7.795688172473101e-05,0.0
7.796688132474702e-05,0.0
7.797688092476301e-05,0.0
7.798688052477901e-05,0.0
7.799688012479501e-05,0.0
7.800687972481101e-05,0.0
7.801687932482702e-05,0.0
7.802687892484301e-05,0.0
7.8036878524859e-05,0.0
7.804687812487501e-05,0.0
7.8056877724891e-05,0.016666666666666607
7.806687732490701e-05,0.0
7.8076876924923e-05,0.0
7.808687652493901e-05,0.0
7.809687612495501e-05,0.0
7.8106875724971e-05,0.0
7.811687532498701e-05,0.0
7.8126874925003e-05,0.0
7.813687452501901e-05,0.0
7.8146874125035e-05,0.0
7.8156873725051e-05,0.0
7.8166873325067e-05,0.0
7.8176872925083e-05,0.0
7.8186872525099e-05,0.0
7.8196872125115e-05,-0.016666666666666607
7.8206871725131e-05,0.0
7.8216871325147e-05,0.0
7.8226870925163e-05,-0.016666666666666607
7.8236870525179e-05,0.016666666666666607
7.8246870125195e-05,0.0
7.825686972521099e-05,0.0
7.8266869325227e-05,0.0
7.827686892524299e-05,0.0
7.8286868525259e-05,0.0
7.829686812527499e-05,0.0
7.8306867725291e-05,0.0
7.8316867325307e-05,0.016666666666666607
7.832686692532299e-05,0.0
7.8336866525339e-05,0.0
7.834686612535499e-05,0.0
7.8356865725371e-05,0.0
7.836686532538699e-05,0.0
7.837686492540298e-05,0.016666666666666607
7.838686452541899e-05,0.0
7.839686412543498e-05,0.016666666666666607
7.840686372545099e-05,0.0
7.841686332546699e-05,0.016666666666666607
7.842686292548298e-05,0.0
7.843686252549899e-05,0.016666666666666607
7.844686212551498e-05,0.0
7.845686172553099e-05,0.0
7.846686132554698e-05,0.0
7.847686092556298e-05,0.016666666666666607
7.848686052557898e-05,0.0
7.849686012559498e-05,0.0
7.850685972561098e-05,0.0
7.851685932562698e-05,0.0
7.852685892564297e-05,0.0
7.853685852565898e-05,0.0
7.854685812567497e-05,0.0
7.855685772569098e-05,0.0
7.856685732570697e-05,0.0
7.857685692572298e-05,0.0
7.858685652573898e-05,0.0
7.859685612575497e-05,0.0
7.860685572577098e-05,0.0
7.861685532578697e-05,0.0
7.862685492580298e-05,0.0
7.863685452581897e-05,0.0
7.864685412583497e-05,0.0
7.865685372585097e-05,0.0
7.866685332586697e-05,0.0
7.867685292588297e-05,0.0
7.868685252589897e-05,0.0
7.869685212591496e-05,0.016666666666666607
7.870685172593097e-05,0.016666666666666607
7.871685132594696e-05,0.0
7.872685092596297e-05,0.0
7.873685052597896e-05,0.0
7.874685012599496e-05,0.0
7.875684972601097e-05,0.016666666666666607
7.876684932602696e-05,0.0
7.877684892604297e-05,0.0
7.878684852605896e-05,0.0
7.879684812607497e-05,0.0
7.880684772609096e-05,0.0
7.881684732610696e-05,0.016666666666666607
7.882684692612296e-05,0.0
7.883684652613896e-05,0.0
7.884684612615496e-05,0.0
7.885684572617096e-05,0.0
7.886684532618695e-05,0.0
7.887684492620296e-05,0.0
7.888684452621895e-05,0.0
7.889684412623496e-05,0.0
7.890684372625095e-05,0.016666666666666607
7.891684332626695e-05,0.0
7.892684292628296e-05,0.0
7.893684252629895e-05,0.0
7.894684212631496e-05,0.0
7.895684172633095e-05,0.0
7.896684132634694e-05,0.016666666666666607
7.897684092636295e-05,0.0
7.898684052637895e-05,0.0
7.899684012639495e-05,0.0
7.900683972641095e-05,0.0
7.901683932642695e-05,0.016666666666666607
7.902683892644295e-05,0.0
7.903683852645894e-05,0.0
7.904683812647495e-05,0.0
7.905683772649094e-05,0.0
7.906683732650695e-05,-0.016666666666666607
7.907683692652294e-05,0.0
7.908683652653894e-05,0.016666666666666607
7.909683612655495e-05,0.0
7.910683572657094e-05,0.0
7.911683532658695e-05,0.0
7.912683492660294e-05,0.016666666666666607
7.913683452661893e-05,0.016666666666666607
7.914683412663494e-05,0.0
7.915683372665094e-05,0.0
7.916683332666694e-05,0.0
7.917683292668294e-05,0.0
7.918683252669893e-05,0.016666666666666607
7.919683212671494e-05,0.0
7.920683172673093e-05,0.0
7.921683132674694e-05,0.0
7.922683092676293e-05,0.0
7.923683052677894e-05,0.0
7.924683012679493e-05,0.0
7.925682972681093e-05,0.0
7.926682932682694e-05,0.0
7.927682892684293e-05,0.0
7.928682852685894e-05,0.0
7.929682812687493e-05,0.016666666666666607
7.930682772689092e-05,0.0
7.931682732690693e-05,0.0
7.932682692692293e-05,0.0
7.933682652693893e-05,0.0
7.934682612695493e-05,0.0
7.935682572697092e-05,0.0
7.936682532698693e-05,0.0
7.937682492700292e-05,0.0
7.938682452701893e-05,0.0
7.939682412703492e-05,0.0
7.940682372705092e-05,0.0
7.941682332706692e-05,0.0
7.942682292708292e-05,0.0
7.943682252709892e-05,0.0
7.944682212711492e-05,0.0
7.945682172713091e-05,0.016666666666666607
7.946682132714692e-05,0.016666666666666607
7.947682092716291e-05,0.0
7.948682052717892e-05,0.0
7.949682012719491e-05,0.016666666666666607
7.950681972721092e-05,0.0
7.951681932722692e-05,0.0
7.952681892724291e-05,0.0
7.953681852725892e-05,0.0
7.954681812727491e-05,0.0
7.955681772729092e-05,0.0
7.956681732730691e-05,0.016666666666666607
7.95768169273229e-05,0.0
7.958681652733891e-05,0.0
7.959681612735491e-05,0.0
7.960681572737091e-05,0.016666666666666607
7.961681532738691e-05,0.0
7.96268149274029e-05,0.0
7.963681452741891e-05,0.016666666666666607
7.96468141274349e-05,0.0
7.965681372745091e-05,0.0
7.96668133274669e-05,0.0
7.96768129274829e-05,0.0
7.96868125274989e-05,0.0
7.96968121275149e-05,0.0
7.970681172753091e-05,0.0
7.97168113275469e-05,0.0
7.972681092756291e-05,0.0
7.97368105275789e-05,0.0
7.97468101275949e-05,0.0
7.97568097276109e-05,0.0
7.97668093276269e-05,0.0
7.97768089276429e-05,0.016666666666666607
7.97868085276589e-05,0.0
7.979680812767489e-05,0.016666666666666607
7.98068077276909e-05,0.0
7.98168073277069e-05,0.016666666666666607
7.98268069277229e-05,0.0
7.98368065277389e-05,0.0
7.984680612775489e-05,0.0
7.98568057277709e-05,0.0
7.986680532778689e-05,0.0
7.98768049278029e-05,0.0
7.988680452781889e-05,0.0
7.989680412783488e-05,0.0
7.990680372785089e-05,-0.016666666666666607
7.991680332786689e-05,0.016666666666666607
7.99268029278829e-05,0.0
7.993680252789889e-05,0.0
7.99468021279149e-05,0.0
7.995680172793089e-05,0.0
7.996680132794688e-05,0.0
7.997680092796289e-05,0.0
7.998680052797888e-05,0.0
7.999680012799489e-05,0.0
8.000679972801088e-05,0.0
8.001679932802688e-05,0.016666666666666607
8.002679892804289e-05,0.0
8.003679852805888e-05,0.0
8.004679812807489e-05,0.0
8.005679772809088e-05,0.0
8.006679732810687e-05,0.0
8.007679692812288e-05,0.0
8.008679652813888e-05,0.0
8.009679612815488e-05,0.0
8.010679572817088e-05,0.0
8.011679532818687e-05,0.016666666666666607
8.012679492820288e-05,0.0
8.013679452821887e-05,0.0
8.014679412823488e-05,0.0
8.015679372825087e-05,0.0
8.016679332826688e-05,0.0
8.017679292828287e-05,0.0
8.018679252829887e-05,0.0
8.019679212831488e-05,0.0
8.020679172833087e-05,0.0
8.021679132834688e-05,0.0
8.022679092836287e-05,0.0
8.023679052837886e-05,0.0
8.024679012839487e-05,0.0
8.025678972841087e-05,0.0
8.026678932842687e-05,0.0
8.027678892844287e-05,0.016666666666666607
8.028678852845886e-05,0.0
8.029678812847487e-05,0.0
8.030678772849086e-05,0.016666666666666607
8.031678732850687e-05,0.0
8.032678692852286e-05,0.0
8.033678652853886e-05,0.0
8.034678612855486e-05,0.0
8.035678572857086e-05,0.016666666666666607
8.036678532858687e-05,0.0
8.037678492860286e-05,0.016666666666666607
8.038678452861885e-05,0.0
8.039678412863486e-05,0.0
8.040678372865085e-05,0.0
8.041678332866686e-05,0.0
8.042678292868286e-05,0.0
8.043678252869886e-05,0.0
8.044678212871486e-05,0.0
8.045678172873085e-05,0.0
8.046678132874686e-05,0.016666666666666607
8.047678092876285e-05,0.0
8.048678052877886e-05,0.0
8.049678012879485e-05,0.0
8.050677972881085e-05,0.0
8.051677932882685e-05,0.0
8.052677892884285e-05,0.0
8.053677852885886e-05,0.0
8.054677812887485e-05,0.0
8.055677772889084e-05,0.0
8.056677732890685e-05,0.0
8.057677692892284e-05,0.016666666666666607
8.058677652893885e-05,0.0
8.059677612895485e-05,0.0
8.060677572897084e-05,0.0
8.061677532898685e-05,0.0
8.062677492900284e-05,0.0
8.063677452901885e-05,0.0
8.064677412903484e-05,0.0
8.065677372905085e-05,0.0
8.066677332906684e-05,0.0
8.067677292908284e-05,0.0
8.068677252909884e-05,0.016666666666666607
8.069677212911484e-05,0.016666666666666607
8.070677172913085e-05,0.0
8.071677132914684e-05,0.0
8.072677092916283e-05,0.016666666666666607
8.073677052917884e-05,0.0
8.074677012919483e-05,0.0
8.075676972921084e-05,0.0
8.076676932922684e-05,0.016666666666666607
8.077676892924283e-05,-0.016666666666666607
8.078676852925884e-05,0.0
8.079676812927483e-05,0.0
8.080676772929084e-05,0.0
8.081676732930683e-05,0.0
8.082676692932283e-05,0.0
8.083676652933883e-05,0.0
8.084676612935483e-05,0.0
8.085676572937083e-05,0.016666666666666607
8.086676532938683e-05,0.0
8.087676492940284e-05,0.0
8.088676452941883e-05,0.016666666666666607
8.089676412943482e-05,0.0
8.090676372945083e-05,0.0
8.091676332946682e-05,0.0
8.092676292948283e-05,0.0
8.093676252949883e-05,0.0
8.094676212951482e-05,0.0
8.095676172953083e-05,0.0
8.096676132954682e-05,0.0
8.097676092956283e-05,0.0
8.098676052957882e-05,0.0
8.099676012959482e-05,0.0
8.100675972961082e-05,0.0
8.101675932962682e-05,0.0
8.102675892964282e-05,0.0
8.103675852965882e-05,0.016666666666666607
8.104675812967481e-05,0.016666666666666607
8.105675772969082e-05,0.0
8.106675732970681e-05,0.0
8.107675692972282e-05,0.0
8.108675652973881e-05,0.016666666666666607
8.109675612975481e-05,0.016666666666666607
8.110675572977081e-05,0.0
8.111675532978681e-05,0.0
8.112675492980282e-05,0.0
8.113675452981881e-05,0.0
8.114675412983482e-05,0.0
8.115675372985081e-05,0.0
8.11667533298668e-05,0.0
8.117675292988281e-05,0.0
8.11867525298988e-05,0.0
8.119675212991481e-05,0.0
8.120675172993081e-05,0.0
8.12167513299468e-05,0.0
8.122675092996281e-05,0.0
8.12367505299788e-05,0.0
8.124675012999481e-05,0.0
8.12567497300108e-05,0.016666666666666607
8.12667493300268e-05,0.0
8.12767489300428e-05,0.0
8.12867485300588e-05,0.0
8.12967481300748e-05,0.0
8.13067477300908e-05,0.0
8.13167473301068e-05,0.0
8.13267469301228e-05,0.0
8.13367465301388e-05,0.0
8.13467461301548e-05,0.0
8.13567457301708e-05,0.0
8.13667453301868e-05,0.0
8.13767449302028e-05,0.016666666666666607
8.138674453021879e-05,0.0
8.13967441302348e-05,0.0
8.140674373025079e-05,0.016666666666666607
8.14167433302668e-05,0.0
8.14267429302828e-05,0.0
8.143674253029879e-05,0.016666666666666607
8.14467421303148e-05,0.016666666666666607
8.145674173033079e-05,0.0
8.14667413303468e-05,0.0
8.147674093036279e-05,0.0
8.148674053037878e-05,0.0
8.149674013039479e-05,0.0
8.150673973041078e-05,0.0
8.151673933042679e-05,0.0
8.152673893044279e-05,0.0
8.153673853045878e-05,0.016666666666666607
8.154673813047479e-05,0.0
8.155673773049078e-05,0.0
8.156673733050679e-05,0.0
8.157673693052278e-05,0.0
8.158673653053879e-05,0.0
8.159673613055478e-05,0.0
8.160673573057078e-05,0.0
8.161673533058678e-05,0.0
8.162673493060278e-05,0.0
8.163673453061879e-05,0.0
8.164673413063478e-05,0.016666666666666607
8.165673373065077e-05,0.016666666666666607
8.166673333066678e-05,0.0
8.167673293068277e-05,0.0
8.168673253069878e-05,0.0
8.169673213071478e-05,0.0
8.170673173073077e-05,0.0
8.171673133074678e-05,0.0
8.172673093076277e-05,0.0
8.173673053077878e-05,0.0
8.174673013079477e-05,0.0
8.175672973081077e-05,0.016666666666666607
8.176672933082677e-05,0.0
8.177672893084277e-05,0.0
8.178672853085877e-05,0.0
8.179672813087477e-05,0.0
8.180672773089078e-05,0.0
8.181672733090677e-05,0.0
8.182672693092276e-05,0.0
8.183672653093877e-05,0.0
8.184672613095476e-05,0.0
8.185672573097077e-05,0.0
8.186672533098677e-05,0.0
8.187672493100276e-05,0.0
8.188672453101877e-05,0.0
8.189672413103476e-05,0.016666666666666607
8.190672373105077e-05,0.0
8.191672333106676e-05,0.0
8.192672293108276e-05,0.0
8.193672253109876e-05,0.0
8.194672213111476e-05,0.0
8.195672173113076e-05,0.0
8.196672133114676e-05,0.0
8.197672093116275e-05,0.0
8.198672053117876e-05,0.0
8.199672013119475e-05,0.016666666666666607
8.200671973121076e-05,0.0
8.201671933122675e-05,0.0
8.202671893124275e-05,0.0
8.203671853125876e-05,0.0
8.204671813127475e-05,0.0
8.205671773129076e-05,0.016666666666666607
8.206671733130675e-05,0.0
8.207671693132276e-05,0.0
8.208671653133875e-05,0.0
8.209671613135475e-05,0.016666666666666607
8.210671573137075e-05,0.0
8.211671533138675e-05,0.0
8.212671493140275e-05,0.0
8.213671453141875e-05,0.016666666666666607
8.214671413143474e-05,0.0
8.215671373145075e-05,0.0
8.216671333146674e-05,0.0
8.217671293148275e-05,0.0
8.218671253149874e-05,0.0
8.219671213151474e-05,0.0
8.220671173153075e-05,0.0
8.221671133154674e-05,0.0
8.222671093156275e-05,0.0
8.223671053157874e-05,0.0
8.224671013159473e-05,0.0
8.225670973161074e-05,0.016666666666666607
8.226670933162674e-05,0.0
8.227670893164274e-05,0.016666666666666607
8.228670853165874e-05,0.0
8.229670813167474e-05,0.016666666666666607
8.230670773169074e-05,0.0
8.231670733170673e-05,0.016666666666666607
8.232670693172274e-05,0.0
8.233670653173873e-05,0.0
8.234670613175474e-05,0.0
8.235670573177073e-05,0.0
8.236670533178673e-05,0.0
8.237670493180274e-05,0.0
8.238670453181873e-05,0.0
8.239670413183474e-05,0.0
8.240670373185073e-05,0.0
8.241670333186672e-05,0.0
8.242670293188273e-05,0.0
8.243670253189873e-05,0.0
8.244670213191473e-05,0.0
8.245670173193073e-05,0.0
8.246670133194672e-05,0.0
8.247670093196273e-05,0.0
8.248670053197872e-05,0.0
8.249670013199473e-05,0.0
8.250669973201072e-05,0.0
8.251669933202673e-05,0.016666666666666607
8.252669893204272e-05,0.016666666666666607
8.253669853205872e-05,0.016666666666666607
8.254669813207473e-05,0.016666666666666607
8.255669773209072e-05,0.016666666666666607
8.256669733210673e-05,0.0
8.257669693212272e-05,0.0
8.258669653213871e-05,0.0
8.259669613215472e-05,0.016666666666666607
8.260669573217072e-05,0.0
8.261669533218672e-05,0.0
8.262669493220272e-05,0.0
8.263669453221871e-05,0.0
8.264669413223472e-05,0.0
8.265669373225071e-05,0.0
8.266669333226672e-05,0.0
8.267669293228271e-05,0.0
8.26866925322987e-05,0.0
8.269669213231471e-05,0.0
8.270669173233071e-05,0.0
8.271669133234671e-05,0.0
8.272669093236271e-05,0.016666666666666607
8.273669053237872e-05,0.016666666666666607
8.274669013239471e-05,0.0
8.27566897324107e-05,0.016666666666666607
8.276668933242671e-05,0.0
8.27766889324427e-05,0.0
8.278668853245871e-05,0.0
8.27966881324747e-05,0.016666666666666607
8.28066877324907e-05,0.0
8.281668733250671e-05,0.016666666666666607
8.28266869325227e-05,0.0
8.283668653253871e-05,0.0
8.28466861325547e-05,0.0
8.28566857325707e-05,0.0
8.28666853325867e-05,0.0
8.28766849326027e-05,0.0
8.28866845326187e-05,0.0
8.28966841326347e-05,0.016666666666666607
8.290668373265069e-05,0.0
8.29166833326667e-05,0.016666666666666607
8.29266829326827e-05,0.0
8.29366825326987e-05,0.0
8.29466821327147e-05,0.0
8.295668173273069e-05,0.0
8.29666813327467e-05,0.016666666666666607
8.297668093276269e-05,0.016666666666666607
8.29866805327787e-05,0.0
8.299668013279469e-05,0.0
8.30066797328107e-05,0.0
8.301667933282669e-05,0.0
8.302667893284269e-05,0.0
8.30366785328587e-05,0.0
8.304667813287469e-05,0.016666666666666607
8.30566777328907e-05,0.0
8.306667733290669e-05,0.0
8.307667693292268e-05,0.0
8.308667653293869e-05,0.0
8.309667613295468e-05,0.016666666666666607
8.310667573297069e-05,0.016666666666666607
8.311667533298668e-05,0.0
8.312667493300268e-05,0.0
8.313667453301869e-05,0.0
8.314667413303468e-05,0.0
8.315667373305069e-05,0.016666666666666607
8.316667333306668e-05,0.0
8.317667293308267e-05,0.0
8.318667253309868e-05,0.0
8.319667213311468e-05,0.0
8.320667173313068e-05,0.016666666666666607
8.321667133314668e-05,0.0
8.322667093316268e-05,0.0
8.323667053317868e-05,0.0
8.324667013319467e-05,0.0
8.325666973321068e-05,0.0
8.326666933322667e-05,0.0
8.327666893324268e-05,0.016666666666666607
8.328666853325867e-05,0.0
8.329666813327467e-05,0.0
8.330666773329068e-05,0.016666666666666607
8.331666733330667e-05,0.016666666666666607
8.332666693332268e-05,0.0
8.333666653333867e-05,0.0
8.334666613335466e-05,0.0
8.335666573337067e-05,0.016666666666666607
8.336666533338667e-05,0.0
8.337666493340267e-05,0.016666666666666607
8.338666453341867e-05,0.0
8.339666413343466e-05,0.0
8.340666373345067e-05,0.0
8.341666333346666e-05,0.0
8.342666293348267e-05,0.0
8.343666253349866e-05,0.016666666666666607
8.344666213351467e-05,0.0
8.345666173353066e-05,0.016666666666666607
8.346666133354666e-05,0.0
8.347666093356267e-05,0.0
8.348666053357866e-05,0.0
8.349666013359467e-05,0.0
8.350665973361066e-05,0.0
8.351665933362665e-05,0.0
8.352665893364266e-05,0.0
8.353665853365866e-05,0.0
8.354665813367466e-05,0.0
8.355665773369066e-05,0.016666666666666607
8.356665733370665e-05,0.0
8.357665693372266e-05,0.0
8.358665653373865e-05,0.0
8.359665613375466e-05,0.0
8.360665573377065e-05,0.016666666666666607
8.361665533378665e-05,0.0
8.362665493380265e-05,0.0
8.363665453381865e-05,0.016666666666666607
8.364665413383466e-05,0.016666666666666607
8.365665373385065e-05,0.0
8.366665333386664e-05,0.0
8.367665293388265e-05,0.016666666666666607
8.368665253389864e-05,0.0
8.369665213391465e-05,0.016666666666666607
8.370665173393065e-05,0.0
8.371665133394665e-05,0.0
8.372665093396265e-05,0.0
8.373665053397864e-05,0.0
8.374665013399465e-05,0.0
8.375664973401064e-05,0.016666666666666607
8.376664933402665e-05,0.016666666666666607
8.377664893404264e-05,0.0
8.378664853405864e-05,0.016666666666666607
8.379664813407464e-05,0.0
8.380664773409064e-05,0.0
8.381664733410665e-05,0.0
8.382664693412264e-05,0.0
8.383664653413863e-05,0.016666666666666607
8.384664613415464e-05,0.0
8.385664573417063e-05,0.0
8.386664533418664e-05,0.0
8.387664493420264e-05,0.0
8.388664453421863e-05,0.016666666666666607
8.389664413423464e-05,0.016666666666666607
8.390664373425063e-05,0.0
8.391664333426664e-05,0.0
8.392664293428263e-05,0.0
8.393664253429864e-05,0.0
8.394664213431463e-05,0.0
8.395664173433063e-05,0.016666666666666607
8.396664133434663e-05,0.016666666666666607
8.397664093436263e-05,0.0
8.398664053437864e-05,0.0
8.399664013439463e-05,0.016666666666666607
8.400663973441062e-05,0.0
8.401663933442663e-05,0.0
8.402663893444262e-05,0.0
8.403663853445863e-05,0.016666666666666607
8.404663813447463e-05,0.0
8.405663773449062e-05,0.0
8.406663733450663e-05,0.0
8.407663693452262e-05,0.0
8.408663653453863e-05,0.016666666666666607
8.409663613455462e-05,0.0
8.410663573457062e-05,0.0
8.411663533458662e-05,0.0
8.412663493460262e-05,0.016666666666666607
8.413663453461862e-05,0.0
8.414663413463462e-05,0.0
8.415663373465063e-05,0.016666666666666607
8.416663333466662e-05,0.0
8.417663293468261e-05,0.016666666666666607
8.418663253469862e-05,0.0
8.419663213471461e-05,0.0
8.420663173473062e-05,0.016666666666666607
8.421663133474662e-05,0.0
8.422663093476261e-05,0.0
8.423663053477862e-05,0.0
8.424663013479461e-05,0.0
8.425662973481062e-05,0.016666666666666607
8.426662933482661e-05,0.0
8.42766289348426e-05,0.0
8.428662853485861e-05,0.0
8.42966281348746e-05,0.0
8.430662773489061e-05,0.0
8.431662733490661e-05,0.016666666666666607
8.43266269349226e-05,0.0
8.433662653493861e-05,0.0
8.43466261349546e-05,0.016666666666666607
8.435662573497061e-05,0.0
8.43666253349866e-05,0.0
8.437662493500261e-05,0.0
8.43866245350186e-05,0.0
8.43966241350346e-05,0.0
8.44066237350506e-05,0.0
8.44166233350666e-05,0.0
8.442662293508261e-05,0.0
8.44366225350986e-05,0.0
8.44466221351146e-05,0.016666666666666607
8.44566217351306e-05,0.0
8.44666213351466e-05,0.016666666666666607
8.44766209351626e-05,0.0
8.44866205351786e-05,0.0
8.449662013519459e-05,0.016666666666666607
8.45066197352106e-05,0.0
8.451661933522659e-05,0.016666666666666607
8.45266189352426e-05,0.016666666666666607
8.45366185352586e-05,0.0
8.454661813527459e-05,0.0
8.45566177352906e-05,0.0
8.456661733530659e-05,0.0
8.45766169353226e-05,0.0
8.458661653533859e-05,0.0
8.459661613535458e-05,0.0
8.460661573537059e-05,0.0
8.461661533538658e-05,0.0
8.462661493540259e-05,0.0
8.463661453541859e-05,0.0
8.46466141354346e-05,0.0
8.465661373545059e-05,0.0
8.466661333546658e-05,0.016666666666666607
8.467661293548259e-05,0.0
8.468661253549858e-05,0.016666666666666607
8.469661213551459e-05,0.0
8.470661173553058e-05,0.016666666666666607
8.471661133554658e-05,0.016666666666666607
8.472661093556258e-05,0.0
8.473661053557858e-05,0.016666666666666607
8.474661013559459e-05,0.0
8.475660973561058e-05,0.0
8.476660933562657e-05,0.0
8.477660893564258e-05,0.0
8.478660853565857e-05,0.0
8.479660813567458e-05,0.0
8.480660773569058e-05,0.0
8.481660733570657e-05,0.0
8.482660693572258e-05,0.0
8.483660653573857e-05,0.0
8.484660613575458e-05,0.0
8.485660573577057e-05,0.016666666666666607
8.486660533578658e-05,0.0
8.487660493580257e-05,0.0
8.488660453581857e-05,0.016666666666666607
8.489660413583457e-05,0.016666666666666607
8.490660373585057e-05,0.0
8.491660333586658e-05,0.0
8.492660293588257e-05,0.0
8.493660253589856e-05,0.0
8.494660213591457e-05,0.0
8.495660173593056e-05,0.0
8.496660133594657e-05,0.0
8.497660093596257e-05,0.0
8.498660053597856e-05,0.016666666666666607
8.499660013599457e-05,0.0
8.500659973601056e-05,0.0
8.501659933602657e-05,0.0
8.502659893604256e-05,0.0
8.503659853605856e-05,0.016666666666666607
8.504659813607456e-05,0.0
8.505659773609056e-05,0.016666666666666607
8.506659733610656e-05,0.0
8.507659693612256e-05,0.016666666666666607
8.508659653613857e-05,0.0
8.509659613615456e-05,0.016666666666666607
8.510659573617055e-05,0.016666666666666607
8.511659533618656e-05,0.0
8.512659493620255e-05,0.0
8.513659453621856e-05,0.0
8.514659413623456e-05,0.0
8.515659373625055e-05,0.016666666666666607
8.516659333626656e-05,0.0
8.517659293628255e-05,0.0
8.518659253629856e-05,0.0
8.519659213631455e-05,0.0
8.520659173633055e-05,0.0
8.521659133634655e-05,0.0
8.522659093636255e-05,0.0
8.523659053637855e-05,0.016666666666666607
8.524659013639455e-05,0.0
8.525658973641054e-05,0.016666666666666607
8.526658933642655e-05,0.0
8.527658893644254e-05,0.0
8.528658853645855e-05,0.0
8.529658813647454e-05,0.016666666666666607
8.530658773649055e-05,0.0
8.531658733650655e-05,0.0
8.532658693652254e-05,0.0
8.533658653653855e-05,0.0
8.534658613655454e-05,0.016666666666666607
8.535658573657055e-05,0.016666666666666607
8.536658533658654e-05,0.0
8.537658493660254e-05,0.0
8.538658453661854e-05,0.0
8.539658413663454e-05,0.0
8.540658373665054e-05,0.0
8.541658333666654e-05,0.016666666666666607
8.542658293668253e-05,0.033333333333333215
8.543658253669854e-05,0.016666666666666607
8.544658213671453e-05,0.016666666666666607
8.545658173673054e-05,0.0
8.546658133674653e-05,0.0
8.547658093676253e-05,0.0
8.548658053677854e-05,0.0
8.549658013679453e-05,0.016666666666666607
8.550657973681054e-05,0.016666666666666607
8.551657933682653e-05,-0.016666666666666607
8.552657893684252e-05,0.0
8.553657853685853e-05,0.0
8.554657813687453e-05,-0.016666666666666607
8.555657773689053e-05,0.016666666666666607
8.556657733690653e-05,0.033333333333333215
8.557657693692253e-05,0.016666666666666607
8.558657653693853e-05,0.016666666666666607
8.559657613695452e-05,0.016666666666666607
8.560657573697053e-05,0.0
8.561657533698652e-05,0.016666666666666607
8.562657493700253e-05,0.016666666666666607
8.563657453701852e-05,0.016666666666666607
8.564657413703452e-05,0.016666666666666607
8.565657373705053e-05,0.016666666666666607
8.566657333706652e-05,0.0
8.567657293708253e-05,0.0
8.568657253709852e-05,0.0
8.569657213711451e-05,0.0
8.570657173713052e-05,0.0
8.571657133714652e-05,0.0
8.572657093716252e-05,-0.016666666666666607
8.573657053717852e-05,0.0
8.574657013719451e-05,0.0
8.575656973721052e-05,0.0
8.576656933722651e-05,0.0
8.577656893724252e-05,0.0
8.578656853725851e-05,0.0
8.579656813727452e-05,0.016666666666666607
8.580656773729051e-05,0.016666666666666607
8.581656733730651e-05,0.016666666666666607
8.582656693732252e-05,0.016666666666666607
8.583656653733851e-05,0.0
8.584656613735452e-05,0.0
8.585656573737051e-05,0.016666666666666607
8.58665653373865e-05,0.016666666666666607
8.587656493740251e-05,0.016666666666666607
8.58865645374185e-05,0.016666666666666607
8.589656413743451e-05,0.016666666666666607
8.59065637374505e-05,0.0
8.59165633374665e-05,0.0
8.592656293748251e-05,0.0
8.59365625374985e-05,0.0
8.594656213751451e-05,0.0
8.59565617375305e-05,0.0
8.59665613375465e-05,0.0
8.59765609375625e-05,0.0
8.59865605375785e-05,0.0
8.59965601375945e-05,0.0
8.60065597376105e-05,0.0
8.60165593376265e-05,0.0
8.60265589376425e-05,0.0
8.60365585376585e-05,0.016666666666666607
8.60465581376745e-05,0.016666666666666607
8.60565577376905e-05,0.016666666666666607
8.60665573377065e-05,0.016666666666666607
8.60765569377225e-05,0.016666666666666607
8.608655653773849e-05,0.0
8.60965561377545e-05,0.0
8.610655573777049e-05,0.016666666666666607
8.61165553377865e-05,0.016666666666666607
8.612655493780249e-05,0.016666666666666607
8.613655453781849e-05,0.016666666666666607
8.61465541378345e-05,0.0
8.615655373785049e-05,0.0
8.61665533378665e-05,0.0
8.617655293788249e-05,0.0
8.618655253789848e-05,0.0
8.619655213791449e-05,0.0
8.620655173793048e-05,0.0
8.621655133794649e-05,-0.016666666666666607
8.622655093796249e-05,-0.016666666666666607
8.623655053797849e-05,0.0
8.624655013799449e-05,0.0
8.625654973801048e-05,0.016666666666666607
8.626654933802649e-05,0.0
8.627654893804248e-05,0.0
8.628654853805849e-05,0.016666666666666607
8.629654813807448e-05,0.0
8.630654773809048e-05,0.016666666666666607
8.631654733810648e-05,0.016666666666666607
8.632654693812248e-05,0.016666666666666607
8.633654653813848e-05,0.016666666666666607
8.634654613815448e-05,0.0
8.635654573817047e-05,0.016666666666666607
8.636654533818648e-05,0.016666666666666607
8.637654493820247e-05,0.0
8.638654453821848e-05,0.016666666666666607
8.639654413823447e-05,0.016666666666666607
8.640654373825047e-05,0.0
8.641654333826648e-05,0.0
8.642654293828247e-05,0.0
8.643654253829848e-05,0.0
8.644654213831447e-05,0.0
8.645654173833046e-05,0.0
8.646654133834647e-05,0.0
8.647654093836247e-05,0.016666666666666607
8.648654053837847e-05,0.0
8.649654013839447e-05,0.0
8.650653973841047e-05,0.0
8.651653933842647e-05,0.0
8.652653893844246e-05,0.0
8.653653853845847e-05,0.0
8.654653813847446e-05,0.0
8.655653773849047e-05,0.0
8.656653733850646e-05,0.0
8.657653693852246e-05,0.016666666666666607
8.658653653853847e-05,0.016666666666666607
8.659653613855446e-05,0.016666666666666607
8.660653573857047e-05,0.0
8.661653533858646e-05,0.0
8.662653493860245e-05,0.0
8.663653453861846e-05,0.0
8.664653413863446e-05,0.0
8.665653373865046e-05,0.016666666666666607
8.666653333866646e-05,0.0
8.667653293868245e-05,0.0
8.668653253869846e-05,0.016666666666666607
8.669653213871445e-05,0.0
8.670653173873046e-05,0.0
8.671653133874645e-05,0.016666666666666607
8.672653093876246e-05,0.0
8.673653053877845e-05,0.0
8.674653013879445e-05,0.0
8.675652973881046e-05,0.0
8.676652933882645e-05,0.0
8.677652893884246e-05,0.0
8.678652853885845e-05,0.0
8.679652813887444e-05,0.0
8.680652773889045e-05,0.0
8.681652733890645e-05,0.0
8.682652693892245e-05,0.0
8.683652653893845e-05,0.0
8.684652613895444e-05,0.016666666666666607
8.685652573897045e-05,0.0
8.686652533898644e-05,0.016666666666666607
8.687652493900245e-05,0.0
8.688652453901844e-05,0.016666666666666607
8.689652413903444e-05,0.016666666666666607
8.690652373905044e-05,0.016666666666666607
8.691652333906644e-05,0.0
8.692652293908245e-05,0.016666666666666607
8.693652253909844e-05,0.0
8.694652213911445e-05,0.0
8.695652173913044e-05,0.0
8.696652133914643e-05,0.0
8.697652093916244e-05,0.0
8.698652053917844e-05,0.0
8.699652013919444e-05,0.0
8.700651973921044e-05,0.0
8.701651933922643e-05,0.0
8.702651893924244e-05,0.0
8.703651853925843e-05,0.0
8.704651813927444e-05,0.0
8.705651773929043e-05,0.016666666666666607
8.706651733930643e-05,0.0
8.707651693932243e-05,0.016666666666666607
8.708651653933843e-05,0.016666666666666607
8.709651613935444e-05,0.0
8.710651573937043e-05,0.0
8.711651533938642e-05,0.0
8.712651493940243e-05,0.0
8.713651453941842e-05,0.0
8.714651413943443e-05,0.016666666666666607
8.715651373945043e-05,0.0
8.716651333946642e-05,0.0
8.717651293948243e-05,0.016666666666666607
8.718651253949842e-05,0.0
8.719651213951443e-05,0.016666666666666607
8.720651173953042e-05,0.0
8.721651133954643e-05,0.016666666666666607
8.722651093956242e-05,0.0
8.723651053957842e-05,0.0
8.724651013959442e-05,0.016666666666666607
8.725650973961042e-05,0.0
8.726650933962643e-05,0.0
8.727650893964242e-05,0.0
8.728650853965841e-05,0.016666666666666607
8.729650813967442e-05,0.016666666666666607
8.730650773969041e-05,0.0
8.731650733970642e-05,0.0
8.732650693972242e-05,0.0
8.733650653973841e-05,0.0
8.734650613975442e-05,0.0
8.735650573977041e-05,0.0
8.736650533978642e-05,0.016666666666666607
8.737650493980241e-05,0.016666666666666607
8.73865045398184e-05,0.0
8.739650413983441e-05,0.016666666666666607
8.74065037398504e-05,0.016666666666666607
8.741650333986641e-05,0.0
8.742650293988241e-05,0.016666666666666607
8.743650253989842e-05,0.0
8.744650213991441e-05,0.0
8.74565017399304e-05,0.016666666666666607
8.746650133994641e-05,0.0
8.74765009399624e-05,0.0
8.748650053997841e-05,0.016666666666666607
8.74965001399944e-05,0.0
8.75064997400104e-05,0.0
8.75164993400264e-05,0.0
8.75264989400424e-05,0.0
8.753649854005841e-05,0.0
8.75464981400744e-05,0.0
8.75564977400904e-05,0.0
8.75664973401064e-05,0.0
8.75764969401224e-05,0.0
8.75864965401384e-05,0.0
8.75964961401544e-05,0.016666666666666607
8.760649574017039e-05,0.016666666666666607
8.76164953401864e-05,0.0
8.762649494020239e-05,0.0
8.76364945402184e-05,0.016666666666666607
8.76464941402344e-05,0.0
8.76564937402504e-05,0.0
8.76664933402664e-05,0.0
8.767649294028239e-05,0.0
8.76864925402984e-05,0.0
8.769649214031439e-05,0.0
8.77064917403304e-05,0.0
8.771649134034639e-05,0.0
8.772649094036239e-05,0.0
8.773649054037839e-05,0.016666666666666607
8.774649014039439e-05,0.016666666666666607
8.77564897404104e-05,0.0
8.776648934042639e-05,0.0
8.777648894044238e-05,0.016666666666666607
8.778648854045839e-05,0.0
8.779648814047438e-05,0.016666666666666607
8.780648774049039e-05,0.0
8.781648734050638e-05,0.0
8.782648694052238e-05,0.0
8.783648654053839e-05,0.0
8.784648614055438e-05,0.0
8.785648574057039e-05,0.0
8.786648534058638e-05,0.0
8.787648494060239e-05,0.0
8.788648454061838e-05,0.0
8.789648414063438e-05,0.0
8.790648374065038e-05,0.0
8.791648334066638e-05,0.0
8.792648294068238e-05,0.016666666666666607
8.793648254069838e-05,0.0
8.794648214071437e-05,0.0
8.795648174073038e-05,0.0
8.796648134074637e-05,0.0
8.797648094076238e-05,0.0
8.798648054077837e-05,0.0
8.799648014079437e-05,0.016666666666666607
8.800647974081037e-05,0.016666666666666607
8.801647934082637e-05,0.0
8.802647894084238e-05,0.016666666666666607
8.803647854085837e-05,0.016666666666666607
8.804647814087436e-05,0.0
8.805647774089037e-05,0.016666666666666607
8.806647734090636e-05,0.0
8.807647694092237e-05,0.0
8.808647654093837e-05,0.0
8.809647614095436e-05,0.016666666666666607
8.810647574097037e-05,0.016666666666666607
8.811647534098636e-05,0.0
8.812647494100237e-05,0.0
8.813647454101836e-05,0.0
8.814647414103437e-05,0.0
8.815647374105036e-05,0.0
8.816647334106636e-05,0.0
8.817647294108236e-05,0.016666666666666607
8.818647254109836e-05,0.0
8.819647214111437e-05,0.0
8.820647174113036e-05,0.0
8.821647134114635e-05,0.0
8.822647094116236e-05,0.0
8.823647054117835e-05,0.0
8.824647014119436e-05,0.0
8.825646974121036e-05,0.0
8.826646934122635e-05,0.0
8.827646894124236e-05,0.016666666666666607
8.828646854125835e-05,0.0
8.829646814127436e-05,0.0
8.830646774129035e-05,0.016666666666666607
8.831646734130635e-05,0.0
8.832646694132235e-05,0.0
8.833646654133835e-05,0.016666666666666607
8.834646614135435e-05,0.0
8.835646574137035e-05,0.016666666666666607
8.836646534138636e-05,0.0
8.837646494140235e-05,0.0
8.838646454141834e-05,0.0
8.839646414143435e-05,0.0
8.840646374145034e-05,0.016666666666666607
8.841646334146635e-05,0.0
8.842646294148235e-05,0.0
8.843646254149834e-05,0.0
8.844646214151435e-05,0.0
8.845646174153034e-05,0.016666666666666607
8.846646134154635e-05,0.016666666666666607
8.847646094156234e-05,0.016666666666666607
8.848646054157834e-05,0.0
8.849646014159434e-05,0.0
8.850645974161034e-05,0.0
8.851645934162634e-05,0.0
8.852645894164234e-05,0.0
8.853645854165833e-05,0.0
8.854645814167434e-05,0.016666666666666607
8.855645774169033e-05,0.016666666666666607
8.856645734170634e-05,0.0
8.857645694172233e-05,0.0
8.858645654173834e-05,0.0
8.859645614175434e-05,0.0
8.860645574177033e-05,0.0
8.861645534178634e-05,0.0
8.862645494180233e-05,0.0
8.863645454181834e-05,0.0
8.864645414183433e-05,0.0
8.865645374185033e-05,0.0
8.866645334186633e-05,0.0
8.867645294188233e-05,0.0
8.868645254189833e-05,0.016666666666666607
8.869645214191433e-05,0.0
8.870645174193032e-05,0.0
8.871645134194633e-05,0.016666666666666607
8.872645094196232e-05,0.0
8.873645054197833e-05,0.0
8.874645014199432e-05,0.016666666666666607
8.875644974201032e-05,0.016666666666666607
8.876644934202633e-05,0.0
8.877644894204232e-05,0.0
8.878644854205833e-05,0.0
8.879644814207432e-05,0.0
8.880644774209033e-05,0.0
8.881644734210632e-05,0.0
8.882644694212232e-05,0.0
8.883644654213832e-05,0.0
8.884644614215432e-05,0.0
8.885644574217032e-05,0.0
8.886644534218632e-05,0.0
8.887644494220231e-05,0.016666666666666607
8.888644454221832e-05,0.0
8.889644414223431e-05,0.0
8.890644374225032e-05,0.0
8.891644334226631e-05,0.016666666666666607
8.892644294228231e-05,0.016666666666666607
8.893644254229832e-05,0.016666666666666607
8.894644214231431e-05,0.016666666666666607
8.895644174233032e-05,0.0
8.896644134234631e-05,0.016666666666666607
8.89764409423623e-05,0.0
8.898644054237831e-05,0.0
8.89964401423943e-05,0.016666666666666607
8.900643974241031e-05,0.0
8.90164393424263e-05,0.0
8.90264389424423e-05,0.0
8.903643854245831e-05,0.016666666666666607
8.90464381424743e-05,0.0
8.905643774249031e-05,0.0
8.90664373425063e-05,0.0
8.907643694252231e-05,0.0
8.90864365425383e-05,0.0
8.90964361425543e-05,0.0
8.91064357425703e-05,0.0
8.91164353425863e-05,0.0
8.91264349426023e-05,0.0
8.91364345426183e-05,0.016666666666666607
8.91464341426343e-05,0.0
8.91564337426503e-05,0.016666666666666607
8.91664333426663e-05,0.016666666666666607
8.91764329426823e-05,0.016666666666666607
8.91864325426983e-05,0.0
8.919643214271429e-05,0.0
8.92064317427303e-05,0.0
8.921643134274629e-05,0.016666666666666607
8.92264309427623e-05,0.0
8.923643054277829e-05,0.016666666666666607
8.924643014279429e-05,0.0
8.92564297428103e-05,0.0
8.926642934282629e-05,0.0
8.92764289428423e-05,0.0
8.928642854285829e-05,0.0
8.92964281428743e-05,0.0
8.930642774289029e-05,0.0
8.931642734290628e-05,0.0
8.932642694292229e-05,0.0
8.933642654293829e-05,-0.016666666666666607
8.934642614295429e-05,0.0
8.935642574297029e-05,0.0
8.936642534298628e-05,0.0
8.937642494300229e-05,0.016666666666666607
8.938642454301828e-05,0.0
8.939642414303429e-05,0.0
8.940642374305028e-05,0.0
8.941642334306628e-05,0.016666666666666607
8.942642294308228e-05,0.0
8.943642254309828e-05,0.0
8.944642214311429e-05,0.0
8.945642174313028e-05,0.0
8.946642134314627e-05,0.016666666666666607
8.947642094316228e-05,0.0
8.948642054317827e-05,0.0
8.949642014319428e-05,0.0
8.950641974321028e-05,0.0
8.951641934322628e-05,0.0
8.952641894324228e-05,0.0
8.953641854325827e-05,0.0
8.954641814327428e-05,0.0
8.955641774329027e-05,0.0
8.956641734330628e-05,0.0
8.957641694332227e-05,0.0
8.958641654333827e-05,0.0
8.959641614335427e-05,0.016666666666666607
8.960641574337027e-05,0.0
8.961641534338627e-05,0.016666666666666607
8.962641494340227e-05,0.0
8.963641454341826e-05,0.0
8.964641414343427e-05,0.0
8.965641374345026e-05,0.016666666666666607
8.966641334346627e-05,0.016666666666666607
8.967641294348227e-05,0.016666666666666607
8.968641254349826e-05,0.0
8.969641214351427e-05,0.0
8.970641174353026e-05,0.0
8.971641134354627e-05,0.016666666666666607
8.972641094356226e-05,0.0
8.973641054357827e-05,0.0
8.974641014359426e-05,0.0
8.975640974361026e-05,0.016666666666666607
8.976640934362626e-05,0.0
8.977640894364226e-05,0.0
8.978640854365826e-05,0.0
8.979640814367426e-05,0.0
8.980640774369025e-05,0.0
8.981640734370626e-05,0.0
8.982640694372225e-05,0.0
8.983640654373826e-05,0.0
8.984640614375425e-05,0.0
8.985640574377025e-05,0.0
8.986640534378626e-05,0.0
8.987640494380225e-05,0.0
8.988640454381826e-05,0.0
8.989640414383425e-05,0.016666666666666607
8.990640374385024e-05,0.0
8.991640334386625e-05,0.0
8.992640294388225e-05,0.016666666666666607
8.993640254389825e-05,0.016666666666666607
8.994640214391425e-05,0.0
8.995640174393024e-05,0.016666666666666607
8.996640134394625e-05,0.0
8.997640094396224e-05,0.0
8.998640054397825e-05,0.0
8.999640014399424e-05,0.0
9.000639974401025e-05,-0.016666666666666607
9.001639934402624e-05,0.0
9.002639894404224e-05,0.0
9.003639854405825e-05,0.0
9.004639814407424e-05,0.0
9.005639774409025e-05,0.0
9.006639734410624e-05,0.0
9.007639694412223e-05,0.0
9.008639654413824e-05,0.0
9.009639614415424e-05,0.0
9.010639574417024e-05,0.016666666666666607
9.011639534418624e-05,0.016666666666666607
9.012639494420223e-05,0.0
9.013639454421824e-05,0.016666666666666607
9.014639414423423e-05,0.0
9.015639374425024e-05,0.016666666666666607
9.016639334426623e-05,0.016666666666666607
9.017639294428223e-05,0.016666666666666607
9.018639254429823e-05,0.0
9.019639214431423e-05,0.0
9.020639174433024e-05,0.0
9.021639134434623e-05,0.0
9.022639094436224e-05,0.0
9.023639054437823e-05,0.0
9.024639014439422e-05,0.0
9.025638974441023e-05,0.016666666666666607
9.026638934442623e-05,0.0
9.027638894444223e-05,0.0
9.028638854445823e-05,0.0
9.029638814447422e-05,0.016666666666666607
9.030638774449023e-05,0.0
9.031638734450622e-05,0.016666666666666607
9.032638694452223e-05,0.016666666666666607
9.033638654453822e-05,0.016666666666666607
9.034638614455422e-05,0.0
9.035638574457022e-05,0.0
9.036638534458622e-05,0.0
9.037638494460223e-05,0.0
9.038638454461822e-05,0.0
9.039638414463421e-05,0.016666666666666607
9.040638374465022e-05,0.0
9.041638334466621e-05,0.0
9.042638294468222e-05,0.0
9.043638254469822e-05,0.016666666666666607
9.044638214471422e-05,0.0
9.045638174473022e-05,0.0
9.046638134474621e-05,0.0
9.047638094476222e-05,0.016666666666666607
9.048638054477821e-05,0.0
9.049638014479422e-05,0.0
9.050637974481021e-05,0.0
9.051637934482621e-05,0.0
9.052637894484221e-05,0.0
9.053637854485821e-05,0.016666666666666607
9.054637814487422e-05,0.0
9.055637774489021e-05,0.0
9.05663773449062e-05,0.016666666666666607
9.057637694492221e-05,0.016666666666666607
9.05863765449382e-05,0.0
9.059637614495421e-05,0.0
9.06063757449702e-05,0.016666666666666607
9.06163753449862e-05,0.016666666666666607
9.062637494500221e-05,0.016666666666666607
9.06363745450182e-05,0.0
9.064637414503421e-05,0.0
9.06563737450502e-05,0.0
9.06663733450662e-05,0.0
9.06763729450822e-05,0.016666666666666607
9.06863725450982e-05,0.016666666666666607
9.06963721451142e-05,0.0
9.07063717451302e-05,0.0
9.07163713451462e-05,0.016666666666666607
9.07263709451622e-05,0.0
9.073637054517819e-05,0.016666666666666607
9.07463701451942e-05,0.0
9.07563697452102e-05,0.0
9.07663693452262e-05,0.0
9.07763689452422e-05,0.0
9.078636854525819e-05,0.0
9.07963681452742e-05,0.0
9.080636774529019e-05,0.0
9.08163673453062e-05,0.0
9.082636694532219e-05,0.0
9.083636654533819e-05,0.016666666666666607
9.084636614535419e-05,0.0
9.085636574537019e-05,0.0
9.08663653453862e-05,0.0
9.087636494540219e-05,0.0
9.088636454541818e-05,0.0
9.089636414543419e-05,0.016666666666666607
9.090636374545018e-05,0.0
9.091636334546619e-05,0.016666666666666607
9.092636294548218e-05,0.0
9.093636254549819e-05,0.0
9.094636214551419e-05,0.0
9.095636174553018e-05,0.0
9.096636134554619e-05,0.0
9.097636094556218e-05,0.0
9.098636054557819e-05,0.016666666666666607
9.099636014559418e-05,0.0
9.100635974561018e-05,0.016666666666666607
9.101635934562618e-05,0.0
9.102635894564218e-05,0.0
9.103635854565818e-05,0.0
9.104635814567418e-05,0.0
9.105635774569017e-05,0.0
9.106635734570618e-05,0.016666666666666607
9.107635694572217e-05,0.0
9.108635654573818e-05,0.016666666666666607
9.109635614575417e-05,0.016666666666666607
9.110635574577017e-05,0.016666666666666607
9.111635534578618e-05,0.0
9.112635494580217e-05,0.0
9.113635454581818e-05,0.0
9.114635414583417e-05,0.0
9.115635374585018e-05,0.0
9.116635334586617e-05,0.0
9.117635294588217e-05,0.0
9.118635254589817e-05,0.0
9.119635214591417e-05,0.0
9.120635174593017e-05,0.0
9.121635134594617e-05,0.0
9.122635094596216e-05,0.0
9.123635054597817e-05,0.016666666666666607
9.124635014599416e-05,0.0
9.125634974601017e-05,0.0
9.126634934602616e-05,0.0
9.127634894604216e-05,0.0
9.128634854605817e-05,0.0
9.129634814607416e-05,0.0
9.130634774609017e-05,0.0
9.131634734610616e-05,0.0
9.132634694612215e-05,0.0
9.133634654613816e-05,0.0
9.134634614615416e-05,0.0
9.135634574617016e-05,0.016666666666666607
9.136634534618616e-05,0.0
9.137634494620216e-05,0.016666666666666607
9.138634454621816e-05,0.0
9.139634414623415e-05,0.0
9.140634374625016e-05,0.0
9.141634334626615e-05,0.0
9.142634294628216e-05,0.0
9.143634254629815e-05,0.016666666666666607
9.144634214631415e-05,0.0
9.145634174633015e-05,0.0
9.146634134634615e-05,0.0
9.147634094636216e-05,0.0
9.148634054637815e-05,0.0
9.149634014639414e-05,0.0
9.150633974641015e-05,0.016666666666666607
9.151633934642614e-05,0.0
9.152633894644215e-05,0.016666666666666607
9.153633854645815e-05,0.0
9.154633814647414e-05,0.0
9.155633774649015e-05,0.0
9.156633734650614e-05,0.0
9.157633694652215e-05,0.0
9.158633654653814e-05,0.0
9.159633614655414e-05,0.0
9.160633574657014e-05,0.0
9.161633534658614e-05,0.0
9.162633494660214e-05,0.0
9.163633454661814e-05,0.0
9.164633414663415e-05,0.0
9.165633374665014e-05,0.0
9.166633334666613e-05,0.016666666666666607
9.167633294668214e-05,0.0
9.168633254669813e-05,0.0
9.169633214671414e-05,0.0
9.170633174673014e-05,0.0
9.171633134674613e-05,0.0
9.172633094676214e-05,0.0
9.173633054677813e-05,0.016666666666666607
9.174633014679414e-05,0.0
9.175632974681013e-05,0.0
9.176632934682613e-05,0.0
9.177632894684213e-05,0.016666666666666607
9.178632854685813e-05,0.0
9.179632814687413e-05,0.0
9.180632774689013e-05,0.0
9.181632734690612e-05,-0.016666666666666607
9.182632694692213e-05,0.0
9.183632654693812e-05,0.016666666666666607
9.184632614695413e-05,0.016666666666666607
9.185632574697012e-05,0.016666666666666607
9.186632534698613e-05,0.0
9.187632494700213e-05,0.016666666666666607
9.188632454701812e-05,0.016666666666666607
9.189632414703413e-05,0.0
9.190632374705012e-05,0.016666666666666607
9.191632334706613e-05,0.016666666666666607
9.192632294708212e-05,-0.016666666666666607
9.193632254709812e-05,0.0
9.194632214711412e-05,0.016666666666666607
9.195632174713012e-05,0.0
9.196632134714612e-05,0.016666666666666607
9.197632094716212e-05,0.016666666666666607
9.198632054717811e-05,0.0
9.199632014719412e-05,0.0
9.200631974721011e-05,0.0
9.201631934722612e-05,0.016666666666666607
9.202631894724211e-05,0.016666666666666607
9.203631854725811e-05,0.016666666666666607
9.204631814727412e-05,0.0
9.205631774729011e-05,0.016666666666666607
9.206631734730612e-05,0.016666666666666607
9.207631694732211e-05,0.0
9.208631654733812e-05,0.0
9.209631614735411e-05,0.0
9.21063157473701e-05,0.016666666666666607
9.211631534738611e-05,0.0
9.212631494740211e-05,0.0
9.213631454741811e-05,0.0
9.214631414743411e-05,0.0
9.21563137474501e-05,0.0
9.216631334746611e-05,0.0
9.21763129474821e-05,0.016666666666666607
9.218631254749811e-05,0.0
9.21963121475141e-05,0.0
9.22063117475301e-05,0.0
9.22163113475461e-05,0.0
9.22263109475621e-05,0.0
9.223631054757811e-05,0.016666666666666607
9.22463101475941e-05,0.0
9.22563097476101e-05,0.0
9.22663093476261e-05,0.0
9.22763089476421e-05,0.0
9.22863085476581e-05,0.0
9.22963081476741e-05,0.016666666666666607
9.23063077476901e-05,0.0
9.23163073477061e-05,0.0
9.232630694772209e-05,0.0
9.23363065477381e-05,0.0
9.234630614775409e-05,0.0
9.23563057477701e-05,0.016666666666666607
9.23663053477861e-05,0.0
9.237630494780209e-05,0.0
9.23863045478181e-05,0.0
9.239630414783409e-05,0.0
9.24063037478501e-05,0.0
9.241630334786609e-05,0.0
9.242630294788208e-05,0.0
9.243630254789809e-05,0.0
9.244630214791409e-05,0.016666666666666607
9.245630174793009e-05,0.0
9.246630134794609e-05,0.016666666666666607
9.247630094796208e-05,0.016666666666666607
9.248630054797809e-05,0.016666666666666607
9.249630014799408e-05,0.0
9.250629974801009e-05,-0.016666666666666607
9.251629934802608e-05,0.0
9.252629894804208e-05,0.0
9.253629854805808e-05,0.016666666666666607
9.254629814807408e-05,0.016666666666666607
9.255629774809009e-05,0.016666666666666607
9.256629734810608e-05,0.0
9.257629694812209e-05,0.0
9.258629654813808e-05,0.0
9.259629614815407e-05,0.0
9.260629574817008e-05,0.0
9.261629534818608e-05,0.0
9.262629494820208e-05,0.0
9.263629454821808e-05,0.0
9.264629414823407e-05,0.0
9.265629374825008e-05,0.0
9.266629334826607e-05,0.0
9.267629294828208e-05,0.0
9.268629254829807e-05,0.0
9.269629214831407e-05,0.016666666666666607
9.270629174833007e-05,0.0
9.271629134834607e-05,0.0
9.272629094836208e-05,0.0
9.273629054837807e-05,0.0
9.274629014839406e-05,0.016666666666666607
9.275628974841007e-05,0.0
9.276628934842606e-05,0.016666666666666607
9.277628894844207e-05,0.016666666666666607
9.278628854845807e-05,0.0
9.279628814847407e-05,0.0
9.280628774849007e-05,0.0
9.281628734850606e-05,0.016666666666666607
9.282628694852207e-05,0.0
9.283628654853806e-05,0.0
9.284628614855407e-05,0.016666666666666607
9.285628574857006e-05,0.0
9.286628534858606e-05,0.0
9.287628494860206e-05,0.0
9.288628454861806e-05,0.0
9.289628414863407e-05,0.0
9.290628374865006e-05,0.0
9.291628334866605e-05,0.0
9.292628294868206e-05,0.016666666666666607
9.293628254869805e-05,0.0
9.294628214871406e-05,0.016666666666666607
9.295628174873006e-05,0.0
9.296628134874605e-05,0.0
9.297628094876206e-05,0.016666666666666607
9.298628054877805e-05,0.016666666666666607
9.299628014879406e-05,0.016666666666666607
9.300627974881005e-05,0.016666666666666607
9.301627934882606e-05,0.0
9.302627894884205e-05,0.016666666666666607
9.303627854885805e-05,0.016666666666666607
9.304627814887405e-05,0.0
9.305627774889005e-05,0.0
9.306627734890605e-05,0.0
9.307627694892205e-05,0.0
9.308627654893804e-05,0.0
9.309627614895405e-05,0.0
9.310627574897004e-05,0.0
9.311627534898605e-05,0.0
9.312627494900205e-05,0.016666666666666607
9.313627454901804e-05,0.0
9.314627414903405e-05,0.0
9.315627374905004e-05,0.016666666666666607
9.316627334906605e-05,0.0
9.317627294908204e-05,0.0
9.318627254909804e-05,0.0
9.319627214911404e-05,0.016666666666666607
9.320627174913004e-05,0.016666666666666607
9.321627134914604e-05,0.016666666666666607
9.322627094916204e-05,0.0
9.323627054917804e-05,0.0
9.324627014919404e-05,0.0
9.325626974921003e-05,0.0
9.326626934922604e-05,0.0
9.327626894924203e-05,0.016666666666666607
9.328626854925804e-05,0.0
9.329626814927403e-05,0.016666666666666607
9.330626774929003e-05,0.016666666666666607
9.331626734930604e-05,0.0
9.332626694932203e-05,0.016666666666666607
9.333626654933804e-05,0.016666666666666607
9.334626614935403e-05,0.0
9.335626574937002e-05,0.0
9.336626534938603e-05,0.016666666666666607
9.337626494940203e-05,0.0
9.338626454941803e-05,0.0
9.339626414943403e-05,0.016666666666666607
9.340626374945002e-05,0.0
9.341626334946603e-05,0.0
9.342626294948202e-05,0.0
9.343626254949803e-05,0.0
9.344626214951402e-05,0.0
9.345626174953002e-05,0.016666666666666607
9.346626134954602e-05,0.0
9.347626094956202e-05,0.0
9.348626054957803e-05,0.016666666666666607
9.349626014959402e-05,0.0
9.350625974961003e-05,0.0
9.351625934962602e-05,0.016666666666666607
9.352625894964201e-05,0.0
9.353625854965802e-05,0.0
9.354625814967402e-05,0.0
9.355625774969002e-05,0.016666666666666607
9.356625734970602e-05,0.0
9.357625694972201e-05,0.0
9.358625654973802e-05,0.0
9.359625614975401e-05,0.0
9.360625574977002e-05,0.0
9.361625534978601e-05,0.0
9.362625494980201e-05,0.0
9.363625454981801e-05,0.0
9.364625414983401e-05,0.016666666666666607
9.365625374985002e-05,0.0
9.366625334986601e-05,0.0
9.3676252949882e-05,0.0
9.368625254989801e-05,0.0
9.3696252149914e-05,0.0
9.370625174993001e-05,0.0
9.3716251349946e-05,0.0
9.372625094996201e-05,0.0
9.373625054997801e-05,0.016666666666666607
9.3746250149994e-05,0.0
9.375624975001001e-05,0.0
9.3766249350026e-05,0.0
9.377624895004201e-05,0.016666666666666607
9.3786248550058e-05,0.0
9.3796248150074e-05,0.0
9.380624775009e-05,0.0
9.3816247350106e-05,0.0
9.3826246950122e-05,0.0
9.3836246550138e-05,0.0
9.3846246150154e-05,0.0
9.385624575017e-05,0.0
9.3866245350186e-05,0.0
9.3876244950202e-05,0.0
9.3886244550218e-05,0.0
9.389624415023399e-05,0.0
9.390624375025e-05,0.0
9.391624335026599e-05,0.0
9.3926242950282e-05,0.016666666666666607
9.393624255029799e-05,0.0
9.3946242150314e-05,0.0
9.395624175032999e-05,0.0
9.396624135034599e-05,0.0
9.3976240950362e-05,0.0
9.398624055037799e-05,0.0
9.3996240150394e-05,0.0
9.400623975040999e-05,0.0
9.401623935042598e-05,0.016666666666666607
9.402623895044199e-05,0.016666666666666607
9.403623855045798e-05,0.0
9.404623815047399e-05,0.0
9.405623775048999e-05,0.0
9.406623735050598e-05,0.0
9.407623695052199e-05,0.0
9.408623655053798e-05,0.016666666666666607
9.409623615055399e-05,0.0
9.410623575056998e-05,0.016666666666666607
9.411623535058598e-05,0.016666666666666607
9.412623495060198e-05,0.0
9.413623455061798e-05,0.0
9.414623415063398e-05,0.0
9.415623375064998e-05,0.016666666666666607
9.416623335066597e-05,0.0
9.417623295068198e-05,0.016666666666666607
9.418623255069797e-05,0.0
9.419623215071398e-05,0.0
9.420623175072997e-05,0.0
9.421623135074598e-05,0.0
9.422623095076198e-05,0.0
9.423623055077797e-05,0.016666666666666607
9.424623015079398e-05,0.0
9.425622975080997e-05,0.0
9.426622935082598e-05,0.016666666666666607
9.427622895084197e-05,0.0
9.428622855085797e-05,0.0
9.429622815087397e-05,0.016666666666666607
9.430622775088997e-05,0.0
9.431622735090597e-05,0.016666666666666607
9.432622695092197e-05,0.0
9.433622655093796e-05,0.016666666666666607
9.434622615095397e-05,0.016666666666666607
9.435622575096996e-05,0.0
9.436622535098597e-05,0.0
9.437622495100196e-05,0.016666666666666607
9.438622455101796e-05,0.0
9.439622415103397e-05,0.0
9.440622375104996e-05,0.0
9.441622335106597e-05,0.0
9.442622295108196e-05,0.0
9.443622255109797e-05,0.0
9.444622215111396e-05,0.0
9.445622175112996e-05,0.016666666666666607
9.446622135114596e-05,0.0
9.447622095116196e-05,0.0
9.448622055117796e-05,0.0
9.449622015119396e-05,0.0
9.450621975120995e-05,0.0
9.451621935122596e-05,0.016666666666666607
9.452621895124195e-05,0.0
9.453621855125796e-05,0.0
9.454621815127395e-05,0.0
9.455621775128995e-05,0.0
9.456621735130596e-05,0.0
9.457621695132195e-05,0.0
9.458621655133796e-05,0.0
9.459621615135395e-05,0.0
9.460621575136994e-05,0.0
9.461621535138595e-05,0.0
9.462621495140195e-05,0.0
9.463621455141795e-05,0.0
9.464621415143395e-05,0.0
9.465621375144995e-05,0.0
9.466621335146595e-05,0.0
9.467621295148194e-05,0.0
9.468621255149795e-05,0.0
9.469621215151394e-05,0.0
9.470621175152995e-05,0.0
9.471621135154594e-05,0.0
9.472621095156194e-05,0.0
9.473621055157795e-05,0.016666666666666607
9.474621015159394e-05,0.0
9.475620975160995e-05,0.0
9.476620935162594e-05,0.016666666666666607
9.477620895164193e-05,0.0
9.478620855165794e-05,0.0
9.479620815167394e-05,0.0
9.480620775168994e-05,0.0
9.481620735170594e-05,0.0
9.482620695172193e-05,0.0
9.483620655173794e-05,0.0
9.484620615175393e-05,0.0
9.485620575176994e-05,0.0
9.486620535178593e-05,0.0
9.487620495180194e-05,0.0
9.488620455181793e-05,0.0
9.489620415183393e-05,0.0
9.490620375184993e-05,0.0
9.491620335186593e-05,0.0
9.492620295188194e-05,0.0
9.493620255189793e-05,0.0
9.494620215191392e-05,0.0
9.495620175192993e-05,0.016666666666666607
9.496620135194592e-05,0.0
9.497620095196193e-05,0.0
9.498620055197793e-05,0.016666666666666607
9.499620015199392e-05,0.0
9.500619975200993e-05,0.0
9.501619935202592e-05,0.0
9.502619895204193e-05,0.0
9.503619855205792e-05,0.016666666666666607
9.504619815207392e-05,0.0
9.505619775208992e-05,0.016666666666666607
9.506619735210592e-05,0.0
9.507619695212192e-05,0.0
9.508619655213792e-05,0.0
9.509619615215391e-05,0.016666666666666607
9.510619575216992e-05,0.0
9.511619535218591e-05,0.0
9.512619495220192e-05,0.0
9.513619455221791e-05,0.0
9.514619415223392e-05,0.0
9.515619375224992e-05,0.0
9.516619335226591e-05,0.0
9.517619295228192e-05,0.0
9.518619255229791e-05,0.0
9.519619215231392e-05,0.0
9.520619175232991e-05,0.0
9.52161913523459e-05,0.0
9.522619095236191e-05,0.0
9.523619055237791e-05,0.0
9.524619015239391e-05,0.0
9.525618975240991e-05,0.0
9.52661893524259e-05,0.0
9.527618895244191e-05,0.0
9.52861885524579e-05,0.0
9.529618815247391e-05,0.0
9.53061877524899e-05,0.0
9.53161873525059e-05,0.016666666666666607
9.53261869525219e-05,0.0
9.53361865525379e-05,0.0
9.534618615255391e-05,0.0
9.53561857525699e-05,0.016666666666666607
9.536618535258591e-05,0.0
9.53761849526019e-05,0.0
9.53861845526179e-05,0.0
9.53961841526339e-05,0.0
9.54061837526499e-05,0.0
9.54161833526659e-05,0.016666666666666607
9.54261829526819e-05,0.0
9.543618255269789e-05,0.016666666666666607
9.54461821527139e-05,0.0
9.54561817527299e-05,0.0
9.54661813527459e-05,0.0
9.54761809527619e-05,0.0
9.548618055277789e-05,0.0
9.54961801527939e-05,0.0
9.550617975280989e-05,0.016666666666666607
9.55161793528259e-05,0.0
9.552617895284189e-05,0.0
9.553617855285788e-05,0.0
9.554617815287389e-05,0.016666666666666607
9.555617775288989e-05,0.016666666666666607
9.556617735290589e-05,0.0
9.557617695292189e-05,0.0
9.55861765529379e-05,0.0
9.559617615295389e-05,0.0
9.560617575296988e-05,0.0
9.561617535298589e-05,0.0
9.562617495300188e-05,0.016666666666666607
9.563617455301789e-05,0.0
9.564617415303388e-05,0.0
9.565617375304988e-05,0.0
9.566617335306589e-05,0.0
9.567617295308188e-05,0.0
9.568617255309789e-05,0.0
9.569617215311388e-05,0.0
9.570617175312987e-05,0.0
9.571617135314588e-05,0.016666666666666607
9.572617095316188e-05,0.016666666666666607
9.573617055317788e-05,0.0
9.574617015319388e-05,0.0
9.575616975320987e-05,0.0
9.576616935322588e-05,0.0
9.577616895324187e-05,0.0
9.578616855325788e-05,0.0
9.579616815327387e-05,0.0
9.580616775328988e-05,0.0
9.581616735330587e-05,0.016666666666666607
9.582616695332187e-05,0.0
9.583616655333788e-05,0.0
9.584616615335387e-05,0.0
9.585616575336988e-05,0.0
9.586616535338587e-05,0.016666666666666607
9.587616495340186e-05,0.0
9.588616455341787e-05,0.0
9.589616415343387e-05,0.0
9.590616375344987e-05,0.0
9.591616335346587e-05,0.0
9.592616295348186e-05,0.0
9.593616255349787e-05,0.016666666666666607
9.594616215351386e-05,0.0
9.595616175352987e-05,0.016666666666666607
9.596616135354586e-05,0.0
9.597616095356186e-05,0.0
9.598616055357786e-05,0.0
9.599616015359386e-05,0.0
9.600615975360987e-05,0.0
9.601615935362586e-05,0.016666666666666607
9.602615895364185e-05,0.0
9.603615855365786e-05,0.0
9.604615815367385e-05,0.0
9.605615775368986e-05,0.0
9.606615735370586e-05,0.0
9.607615695372186e-05,0.0
9.608615655373786e-05,0.0
9.609615615375385e-05,0.0
9.610615575376986e-05,0.0
9.611615535378585e-05,0.0
9.612615495380186e-05,0.0
9.613615455381785e-05,0.016666666666666607
9.614615415383385e-05,0.016666666666666607
9.615615375384985e-05,0.0
9.616615335386585e-05,0.0
9.617615295388186e-05,0.0
9.618615255389785e-05,0.0
9.619615215391384e-05,0.0
9.620615175392985e-05,0.0
9.621615135394584e-05,0.0
9.622615095396185e-05,0.0
9.623615055397785e-05,0.016666666666666607
9.624615015399384e-05,0.0
9.625614975400985e-05,0.0
9.626614935402584e-05,0.0
9.627614895404185e-05,0.0
9.628614855405784e-05,0.0
9.629614815407385e-05,0.0
9.630614775408984e-05,0.0
9.631614735410584e-05,0.0
9.632614695412184e-05,0.0
9.633614655413784e-05,0.0
9.634614615415385e-05,0.0
9.635614575416984e-05,0.0
9.636614535418583e-05,0.0
9.637614495420184e-05,0.0
9.638614455421783e-05,0.0
9.639614415423384e-05,0.0
9.640614375424984e-05,0.0
9.641614335426583e-05,0.0
9.642614295428184e-05,0.0
9.643614255429783e-05,0.0
9.644614215431384e-05,0.0
9.645614175432983e-05,0.016666666666666607
9.646614135434583e-05,0.0
9.647614095436183e-05,0.0
9.648614055437783e-05,0.0
9.649614015439383e-05,0.0
9.650613975440983e-05,0.0
9.651613935442583e-05,0.0
9.652613895444183e-05,0.0
9.653613855445782e-05,0.016666666666666607
9.654613815447383e-05,0.0
9.655613775448982e-05,0.0
9.656613735450583e-05,0.0
9.657613695452183e-05,0.0
9.658613655453782e-05,0.0
9.659613615455383e-05,0.016666666666666607
9.660613575456982e-05,0.0
9.661613535458583e-05,0.0
9.662613495460182e-05,0.0
9.663613455461782e-05,0.0
9.664613415463382e-05,0.0
9.665613375464982e-05,0.0
9.666613335466582e-05,0.016666666666666607
9.667613295468182e-05,0.0
9.668613255469781e-05,0.0
9.669613215471382e-05,0.0
9.670613175472981e-05,0.0
9.671613135474582e-05,0.0
9.672613095476181e-05,0.0
9.673613055477781e-05,0.0
9.674613015479381e-05,0.0
9.675612975480981e-05,0.0
9.676612935482582e-05,0.0
9.677612895484181e-05,0.0
9.678612855485782e-05,0.0
9.679612815487381e-05,0.0
9.68061277548898e-05,0.0
9.681612735490581e-05,0.016666666666666607
9.68261269549218e-05,0.0
9.683612655493781e-05,0.0
9.684612615495381e-05,0.0
9.68561257549698e-05,0.016666666666666607
9.686612535498581e-05,0.0
9.68761249550018e-05,0.016666666666666607
9.688612455501781e-05,0.016666666666666607
9.68961241550338e-05,0.0
9.69061237550498e-05,0.0
9.69161233550658e-05,0.0
9.69261229550818e-05,0.0
9.69361225550978e-05,0.0
9.69461221551138e-05,0.0
9.69561217551298e-05,0.0
9.69661213551458e-05,0.0
9.69761209551618e-05,0.0
9.69861205551778e-05,0.0
9.69961201551938e-05,0.0
9.70061197552098e-05,0.0
9.70161193552258e-05,0.0
9.702611895524179e-05,0.0
9.70361185552578e-05,0.0
9.704611815527379e-05,0.016666666666666607
9.70561177552898e-05,0.016666666666666607
9.70661173553058e-05,0.0
9.707611695532179e-05,0.0
9.70861165553378e-05,0.016666666666666607
9.709611615535379e-05,0.0
9.71061157553698e-05,0.016666666666666607
9.711611535538579e-05,0.016666666666666607
9.712611495540178e-05,0.016666666666666607
9.713611455541779e-05,0.0
9.714611415543378e-05,0.0
9.715611375544979e-05,0.0
9.716611335546579e-05,0.0
9.717611295548178e-05,0.0
9.718611255549779e-05,0.0
9.719611215551378e-05,0.0
9.720611175552979e-05,0.0
9.721611135554578e-05,0.0
9.722611095556179e-05,0.0
9.723611055557778e-05,0.016666666666666607
9.724611015559378e-05,0.0
9.725610975560978e-05,0.0
9.726610935562578e-05,-0.016666666666666607
9.727610895564179e-05,0.0
9.728610855565778e-05,0.0
9.729610815567377e-05,0.0
9.730610775568978e-05,0.0
9.731610735570577e-05,0.016666666666666607
9.732610695572178e-05,0.0
9.733610655573778e-05,0.0
9.734610615575377e-05,0.016666666666666607
9.735610575576978e-05,0.016666666666666607
9.736610535578577e-05,0.0
9.737610495580178e-05,0.0
9.738610455581777e-05,0.0
9.739610415583377e-05,0.0
9.740610375584977e-05,0.0
9.741610335586577e-05,0.016666666666666607
9.742610295588177e-05,0.0
9.743610255589777e-05,0.0
9.744610215591378e-05,0.0
9.745610175592977e-05,0.0
9.746610135594576e-05,0.0
9.747610095596177e-05,0.0
9.748610055597776e-05,0.016666666666666607
9.749610015599377e-05,0.0
9.750609975600977e-05,0.0
9.751609935602576e-05,0.0
9.752609895604177e-05,0.016666666666666607
9.753609855605776e-05,0.016666666666666607
9.754609815607377e-05,0.0
9.755609775608976e-05,0.016666666666666607
9.756609735610576e-05,0.0
9.757609695612176e-05,0.0
9.758609655613776e-05,0.0
9.759609615615376e-05,0.0
9.760609575616976e-05,0.0
9.761609535618575e-05,0.016666666666666607
9.762609495620176e-05,0.0
9.763609455621775e-05,0.0
9.764609415623376e-05,0.0
9.765609375624975e-05,0.0
9.766609335626575e-05,0.0
9.767609295628176e-05,0.0
9.768609255629775e-05,0.0
9.769609215631376e-05,0.0
9.770609175632975e-05,0.0
9.771609135634576e-05,0.0
9.772609095636175e-05,0.0
9.773609055637775e-05,0.016666666666666607
9.774609015639375e-05,0.0
9.775608975640975e-05,0.0
9.776608935642575e-05,0.0
9.777608895644175e-05,0.0
9.778608855645774e-05,0.0
9.779608815647375e-05,0.016666666666666607
9.780608775648974e-05,0.0
9.781608735650575e-05,0.0
9.782608695652174e-05,-0.016666666666666607
9.783608655653774e-05,0.0
9.784608615655375e-05,0.016666666666666607
9.785608575656974e-05,0.0
9.786608535658575e-05,0.0
9.787608495660174e-05,0.0
9.788608455661773e-05,0.0
9.789608415663374e-05,0.0
9.790608375664974e-05,0.0
9.791608335666574e-05,0.0
9.792608295668174e-05,0.0
9.793608255669774e-05,0.0
9.794608215671374e-05,0.0
9.795608175672973e-05,0.0
9.796608135674574e-05,0.0
9.797608095676173e-05,0.0
9.798608055677774e-05,0.0
9.799608015679373e-05,0.0
9.800607975680973e-05,0.0
9.801607935682574e-05,0.0
9.802607895684173e-05,0.0
9.803607855685774e-05,0.0
9.804607815687373e-05,0.0
9.805607775688972e-05,0.0
9.806607735690573e-05,0.0
9.807607695692173e-05,0.0
9.808607655693773e-05,0.0
9.809607615695373e-05,0.0
9.810607575696972e-05,0.016666666666666607
9.811607535698573e-05,0.0
9.812607495700172e-05,0.0
9.813607455701773e-05,0.016666666666666607
9.814607415703372e-05,0.0
9.815607375704973e-05,0.0
9.816607335706572e-05,0.0
9.817607295708172e-05,0.0
9.818607255709773e-05,0.0
9.819607215711372e-05,0.0
9.820607175712973e-05,0.0
9.821607135714572e-05,0.016666666666666607
9.822607095716171e-05,0.0
9.823607055717772e-05,0.0
9.824607015719372e-05,0.0
9.825606975720972e-05,0.016666666666666607
9.826606935722572e-05,0.0
9.827606895724171e-05,0.0
9.828606855725772e-05,0.0
9.829606815727371e-05,0.016666666666666607
9.830606775728972e-05,0.0
9.831606735730571e-05,0.016666666666666607
9.83260669573217e-05,0.0
9.833606655733771e-05,0.0
9.834606615735371e-05,0.0
9.835606575736971e-05,0.0
9.836606535738571e-05,0.0
9.837606495740172e-05,0.0
9.838606455741771e-05,0.0
9.83960641574337e-05,0.0
9.840606375744971e-05,0.0
9.84160633574657e-05,0.0
9.842606295748171e-05,0.016666666666666607
9.84360625574977e-05,0.0
9.84460621575137e-05,0.0
9.845606175752971e-05,0.0
9.84660613575457e-05,0.0
9.847606095756171e-05,0.0
9.84860605575777e-05,0.016666666666666607
9.84960601575937e-05,0.0
9.85060597576097e-05,0.0
9.85160593576257e-05,0.0
9.85260589576417e-05,0.016666666666666607
9.85360585576577e-05,0.0
9.854605815767369e-05,0.0
9.85560577576897e-05,0.0
9.85660573577057e-05,0.0
9.85760569577217e-05,0.0
9.85860565577377e-05,0.0
9.859605615775369e-05,0.0
9.86060557577697e-05,0.0
9.861605535778569e-05,0.0
9.86260549578017e-05,0.0
9.863605455781769e-05,0.016666666666666607
9.86460541578337e-05,0.0
9.865605375784969e-05,0.0
9.866605335786569e-05,0.0
9.86760529578817e-05,0.0
9.868605255789769e-05,0.0
9.86960521579137e-05,0.0
9.870605175792969e-05,0.016666666666666607
9.871605135794568e-05,0.0
9.872605095796169e-05,0.0
9.873605055797768e-05,0.0
9.874605015799369e-05,0.0
9.875604975800968e-05,0.0
9.876604935802568e-05,0.0
9.877604895804169e-05,0.0
9.878604855805768e-05,0.0
9.879604815807369e-05,0.0
9.880604775808968e-05,0.0
9.881604735810567e-05,0.0
9.882604695812168e-05,0.0
9.883604655813768e-05,0.016666666666666607
9.884604615815368e-05,0.0
9.885604575816968e-05,0.0
9.886604535818568e-05,0.0
9.887604495820168e-05,0.016666666666666607
9.888604455821767e-05,0.0
9.889604415823368e-05,0.016666666666666607
9.890604375824967e-05,0.016666666666666607
9.891604335826568e-05,0.0
9.892604295828167e-05,0.0
9.893604255829767e-05,-0.016666666666666607
9.894604215831368e-05,0.0
9.895604175832967e-05,0.0
9.896604135834568e-05,0.0
9.897604095836167e-05,0.0
9.898604055837766e-05,0.0
9.899604015839367e-05,0.0
9.900603975840967e-05,0.0
9.901603935842567e-05,0.0
9.902603895844167e-05,0.0
9.903603855845766e-05,0.016666666666666607
9.904603815847367e-05,0.0
9.905603775848966e-05,0.0
9.906603735850567e-05,0.0
9.907603695852166e-05,0.0
9.908603655853767e-05,0.0
9.909603615855366e-05,0.0
9.910603575856966e-05,0.0
9.911603535858567e-05,0.0
9.912603495860166e-05,0.0
9.913603455861767e-05,0.0
9.914603415863366e-05,0.0
9.915603375864965e-05,0.016666666666666607
9.916603335866566e-05,0.0
9.917603295868166e-05,0.016666666666666607
9.918603255869766e-05,0.0
9.919603215871366e-05,0.016666666666666607
9.920603175872965e-05,0.0
9.921603135874566e-05,0.016666666666666607
9.922603095876165e-05,0.016666666666666607
9.923603055877766e-05,0.0
9.924603015879365e-05,0.0
9.925602975880965e-05,0.0
9.926602935882565e-05,0.0
9.927602895884165e-05,0.0
9.928602855885766e-05,0.0
9.929602815887365e-05,0.016666666666666607
9.930602775888966e-05,0.0
9.931602735890565e-05,0.0
9.932602695892164e-05,0.0
9.933602655893765e-05,0.0
9.934602615895365e-05,0.0
9.935602575896965e-05,0.0
9.936602535898565e-05,0.016666666666666607
9.937602495900164e-05,0.016666666666666607
9.938602455901765e-05,0.0
9.939602415903364e-05,0.016666666666666607
9.940602375904965e-05,0.0
9.941602335906564e-05,0.016666666666666607
9.942602295908164e-05,0.0
9.943602255909764e-05,0.0
9.944602215911364e-05,0.0
9.945602175912965e-05,0.0
9.946602135914564e-05,0.0
9.947602095916163e-05,0.0
9.948602055917764e-05,0.0
9.949602015919363e-05,0.0
9.950601975920964e-05,0.0
9.951601935922564e-05,0.0
9.952601895924163e-05,0.0
9.953601855925764e-05,0.016666666666666607
9.954601815927363e-05,0.0
9.955601775928964e-05,0.0
9.956601735930563e-05,0.0
9.957601695932164e-05,0.0
9.958601655933763e-05,0.0
9.959601615935363e-05,0.0
9.960601575936963e-05,0.0
9.961601535938563e-05,0.0
9.962601495940164e-05,0.0
9.963601455941763e-05,0.0
9.964601415943362e-05,0.0
9.965601375944963e-05,0.0
9.966601335946562e-05,0.0
9.967601295948163e-05,0.0
9.968601255949763e-05,0.0
9.969601215951362e-05,0.0
9.970601175952963e-05,0.016666666666666607
9.971601135954562e-05,0.0
9.972601095956163e-05,0.0
9.973601055957762e-05,0.0
9.974601015959362e-05,0.0
9.975600975960962e-05,0.0
9.976600935962562e-05,0.016666666666666607
9.977600895964162e-05,0.0
9.978600855965762e-05,0.0
9.979600815967363e-05,0.0
9.980600775968962e-05,0.0
9.981600735970561e-05,0.016666666666666607
9.982600695972162e-05,-0.016666666666666607
9.983600655973761e-05,0.0
9.984600615975362e-05,0.016666666666666607
9.985600575976962e-05,0.0
9.986600535978561e-05,0.0
9.987600495980162e-05,0.0
9.988600455981761e-05,0.0
9.989600415983362e-05,0.0
9.990600375984961e-05,0.0
9.99160033598656e-05,0.0
9.992600295988161e-05,0.016666666666666607
9.99360025598976e-05,0.0
9.994600215991361e-05,0.0
9.995600175992961e-05,0.0
9.99660013599456e-05,0.0
9.997600095996161e-05,0.0
9.99860005599776e-05,0.0
9.999600015999361e-05,0.0
0.0001000059997600096,0.0
0.00010001599936002561,0.016666666666666607
0.0001000259989600416,0.0
0.0001000359985600576,0.0
0.0001000459981600736,0.0
0.0001000559977600896,0.0
0.00010006599736010561,0.0
0.0001000759969601216,0.0
0.0001000859965601376,0.0
0.0001000959961601536,0.0
0.0001001059957601696,0.0
0.0001001159953601856,0.0
0.0001001259949602016,0.0
0.00010013599456021759,0.0
0.0001001459941602336,0.0
0.00010015599376024959,0.016666666666666607
0.0001001659933602656,0.0
0.0001001759929602816,0.016666666666666607
0.00010018599256029759,0.0
0.0001001959921603136,0.0
0.00010020599176032959,0.016666666666666607
0.0001002159913603456,0.0
0.00010022599096036159,0.0
0.00010023599056037758,0.0
0.00010024599016039359,0.016666666666666607
0.00010025598976040958,0.0
0.00010026598936042559,0.0
0.00010027598896044159,0.0
0.0001002859885604576,0.0
0.00010029598816047359,0.0
0.00010030598776048958,0.016666666666666607
0.00010031598736050559,0.0
0.00010032598696052158,0.0
0.00010033598656053759,0.0
0.00010034598616055358,0.0
0.00010035598576056958,0.0
0.00010036598536058558,0.0
0.00010037598496060158,0.0
0.00010038598456061759,0.0
0.00010039598416063358,0.0
0.00010040598376064957,0.0
0.00010041598336066558,0.0
0.00010042598296068157,0.0
0.00010043598256069758,0.0
0.00010044598216071358,0.0
0.00010045598176072957,0.0
0.00010046598136074558,0.0
0.00010047598096076157,0.0
0.00010048598056077758,0.0
0.00010049598016079357,0.0
0.00010050597976080958,0.0
0.00010051597936082557,0.0
0.00010052597896084157,0.0
0.00010053597856085757,0.0
0.00010054597816087357,0.0
0.00010055597776088958,0.0
0.00010056597736090557,0.0
0.00010057597696092156,0.0
0.00010058597656093757,0.0
0.00010059597616095356,0.0
0.00010060597576096957,0.0
0.00010061597536098557,0.0
0.00010062597496100156,-0.016666666666666607
0.00010063597456101757,0.0
0.00010064597416103356,0.0
0.00010065597376104957,0.016666666666666607
0.00010066597336106556,0.016666666666666607
0.00010067597296108156,0.0
0.00010068597256109756,0.016666666666666607
0.00010069597216111356,-0.016666666666666607
0.00010070597176112956,0.0
0.00010071597136114556,0.0
0.00010072597096116157,0.016666666666666607
0.00010073597056117756,0.016666666666666607
0.00010074597016119355,0.0
0.00010075596976120956,-0.016666666666666607
0.00010076596936122555,0.0
0.00010077596896124156,-0.016666666666666607
0.00010078596856125756,0.0
0.00010079596816127355,0.016666666666666607
0.00010080596776128956,0.016666666666666607
0.00010081596736130555,0.0
0.00010082596696132156,0.0
0.00010083596656133755,0.0
0.00010084596616135355,0.0
0.00010085596576136955,0.0
0.00010086596536138555,0.016666666666666607
0.00010087596496140155,0.016666666666666607
0.00010088596456141755,0.016666666666666607
0.00010089596416143354,0.0
0.00010090596376144955,0.0
0.00010091596336146554,0.0
0.00010092596296148155,0.0
0.00010093596256149754,0.0
0.00010094596216151355,0.0
0.00010095596176152955,-0.016666666666666607
0.00010096596136154554,-0.016666666666666607
0.00010097596096156155,0.0
0.00010098596056157754,0.0
0.00010099596016159355,0.0
0.00010100595976160954,0.0
0.00010101595936162554,-0.016666666666666607
0.00010102595896164154,0.0
0.00010103595856165754,0.016666666666666607
0.00010104595816167354,0.0
0.00010105595776168954,0.016666666666666607
0.00010106595736170553,0.016666666666666607
0.00010107595696172154,0.016666666666666607
0.00010108595656173753,0.0
0.00010109595616175354,0.016666666666666607
0.00010110595576176953,0.016666666666666607
0.00010111595536178553,0.016666666666666607
0.00010112595496180154,0.0
0.00010113595456181753,0.016666666666666607
0.00010114595416183354,0.0
0.00010115595376184953,0.0
0.00010116595336186552,0.0
0.00010117595296188153,0.016666666666666607
0.00010118595256189753,0.0
0.00010119595216191353,0.0
0.00010120595176192953,-0.016666666666666607
0.00010121595136194553,0.0
0.00010122595096196153,0.0
0.00010123595056197752,0.016666666666666607
0.00010124595016199353,0.0
0.00010125594976200952,0.0
0.00010126594936202553,0.0
0.00010127594896204152,0.0
0.00010128594856205752,0.0
0.00010129594816207353,0.016666666666666607
0.00010130594776208952,0.016666666666666607
0.00010131594736210553,0.016666666666666607
0.00010132594696212152,0.0
0.00010133594656213751,0.016666666666666607
0.00010134594616215352,0.016666666666666607
0.00010135594576216952,0.016666666666666607
0.00010136594536218552,0.016666666666666607
0.00010137594496220152,0.016666666666666607
0.00010138594456221751,0.016666666666666607
0.00010139594416223352,0.016666666666666607
0.00010140594376224951,0.0
0.00010141594336226552,0.0
0.00010142594296228151,0.0
0.00010143594256229752,0.0
0.00010144594216231351,0.0
0.00010145594176232951,-0.016666666666666607
0.00010146594136234552,-0.016666666666666607
0.00010147594096236151,0.0
0.00010148594056237752,0.0
0.00010149594016239351,0.0
0.0001015059397624095,0.0
0.00010151593936242551,0.0
0.0001015259389624415,0.0
0.00010153593856245751,0.016666666666666607
0.0001015459381624735,0.016666666666666607
0.0001015559377624895,0.016666666666666607
0.00010156593736250551,0.016666666666666607
0.0001015759369625215,0.016666666666666607
0.00010158593656253751,0.016666666666666607
0.0001015959361625535,0.0
0.0001016059357625695,0.016666666666666607
0.0001016159353625855,0.0
0.0001016259349626015,0.0
0.0001016359345626175,0.0
0.0001016459341626335,0.016666666666666607
0.0001016559337626495,0.0
0.0001016659333626655,0.0
0.0001016759329626815,0.0
0.0001016859325626975,0.0
0.0001016959321627135,-0.016666666666666607
0.0001017059317627295,0.0
0.0001017159313627455,0.0
0.00010172593096276149,0.0
0.0001017359305627775,0.0
0.00010174593016279349,0.0
0.0001017559297628095,0.0
0.00010176592936282549,0.0
0.00010177592896284149,0.016666666666666607
0.0001017859285628575,0.0
0.00010179592816287349,0.0
0.0001018059277628895,0.0
0.00010181592736290549,0.0
0.00010182592696292148,0.016666666666666607
0.00010183592656293749,0.016666666666666607
0.00010184592616295348,0.0
0.00010185592576296949,0.0
0.00010186592536298548,0.0
0.00010187592496300149,0.0
0.00010188592456301749,0.0
0.00010189592416303348,0.0
0.00010190592376304949,0.0
0.00010191592336306548,0.0
0.00010192592296308149,0.0
0.00010193592256309748,0.0
0.00010194592216311348,0.0
0.00010195592176312948,0.0
0.00010196592136314548,0.0
0.00010197592096316148,0.0
0.00010198592056317748,0.0
0.00010199592016319347,0.0
0.00010200591976320948,0.0
0.00010201591936322547,0.0
0.00010202591896324148,0.0
0.00010203591856325747,0.0
0.00010204591816327347,0.0
0.00010205591776328948,0.0
0.00010206591736330547,0.0
0.00010207591696332148,0.0
0.00010208591656333747,0.0
0.00010209591616335346,0.0
0.00010210591576336947,0.0
0.00010211591536338547,0.0
0.00010212591496340147,0.016666666666666607
0.00010213591456341747,0.0
0.00010214591416343347,0.0
0.00010215591376344947,0.0
0.00010216591336346546,-0.016666666666666607
0.00010217591296348147,0.0
0.00010218591256349746,0.0
0.00010219591216351347,0.0
0.00010220591176352946,0.0
0.00010221591136354546,0.0
0.00010222591096356147,0.0
0.00010223591056357746,0.0
0.00010224591016359347,0.0
0.00010225590976360946,0.0
0.00010226590936362545,0.0
0.00010227590896364146,0.0
0.00010228590856365746,0.0
0.00010229590816367346,0.016666666666666607
0.00010230590776368946,0.0
0.00010231590736370545,0.0
0.00010232590696372146,0.016666666666666607
0.00010233590656373745,0.016666666666666607
0.00010234590616375346,0.0
0.00010235590576376945,0.016666666666666607
0.00010236590536378546,0.0
0.00010237590496380145,0.0
0.00010238590456381745,0.0
0.00010239590416383346,0.0
0.00010240590376384945,0.0
0.00010241590336386546,0.0
0.00010242590296388145,0.0
0.00010243590256389744,0.016666666666666607
0.00010244590216391345,0.0
0.00010245590176392945,0.016666666666666607
0.00010246590136394545,0.0
0.00010247590096396145,0.0
0.00010248590056397744,0.0
0.00010249590016399345,0.016666666666666607
0.00010250589976400944,0.0
0.00010251589936402545,0.0
0.00010252589896404144,0.0
0.00010253589856405744,0.0
0.00010254589816407344,0.0
0.00010255589776408944,0.0
0.00010256589736410545,0.0
0.00010257589696412144,0.016666666666666607
0.00010258589656413745,0.016666666666666607
0.00010259589616415344,0.0
0.00010260589576416943,0.0
0.00010261589536418544,0.016666666666666607
0.00010262589496420144,0.0
0.00010263589456421744,0.0
0.00010264589416423344,0.0
0.00010265589376424943,0.0
0.00010266589336426544,0.0
0.00010267589296428143,0.0
0.00010268589256429744,0.0
0.00010269589216431343,0.016666666666666607
0.00010270589176432943,0.016666666666666607
0.00010271589136434543,0.0
0.00010272589096436143,0.0
0.00010273589056437744,0.016666666666666607
0.00010274589016439343,0.0
0.00010275588976440942,0.0
0.00010276588936442543,0.0
0.00010277588896444142,0.0
0.00010278588856445743,0.0
0.00010279588816447343,0.0
0.00010280588776448943,0.0
0.00010281588736450543,0.0
0.00010282588696452142,0.0
0.00010283588656453743,0.0
0.00010284588616455342,0.0
0.00010285588576456943,0.0
0.00010286588536458542,0.0
0.00010287588496460142,0.016666666666666607
0.00010288588456461742,0.0
0.00010289588416463342,0.016666666666666607
0.00010290588376464943,0.0
0.00010291588336466542,0.0
0.00010292588296468141,0.0
0.00010293588256469742,0.0
0.00010294588216471341,0.0
0.00010295588176472942,0.0
0.00010296588136474542,0.0
0.00010297588096476141,0.0
0.00010298588056477742,0.0
0.00010299588016479341,0.0
0.00010300587976480942,0.0
0.00010301587936482541,0.0
0.0001030258789648414,0.0
0.00010303587856485741,0.0
0.0001030458781648734,0.0
0.00010305587776488941,0.0
0.00010306587736490541,0.0
0.00010307587696492142,0.016666666666666607
0.00010308587656493741,0.0
0.0001030958761649534,0.0
0.00010310587576496941,0.0
0.0001031158753649854,0.0
0.00010312587496500141,0.0
0.0001031358745650174,0.0
0.0001031458741650334,0.0
0.0001031558737650494,0.0
0.0001031658733650654,0.0
0.00010317587296508141,0.0
0.0001031858725650974,0.0
0.0001031958721651134,0.0
0.0001032058717651294,0.016666666666666607
0.0001032158713651454,0.016666666666666607
0.0001032258709651614,0.016666666666666607
0.0001032358705651774,0.0
0.00010324587016519339,0.016666666666666607
0.0001032558697652094,0.0
0.00010326586936522539,0.0
0.0001032758689652414,0.016666666666666607
0.0001032858685652574,0.0
0.0001032958681652734,0.016666666666666607
0.0001033058677652894,0.016666666666666607
0.00010331586736530539,0.0
0.0001033258669653214,0.0
0.00010333586656533739,0.0
0.0001033458661653534,0.0
0.00010335586576536939,0.0
0.00010336586536538539,0.0
0.00010337586496540139,0.0
0.00010338586456541739,0.0
0.0001033958641654334,0.0
0.00010340586376544939,0.0
0.00010341586336546538,0.0
0.00010342586296548139,0.0
0.00010343586256549738,0.0
0.00010344586216551339,0.0
0.00010345586176552938,0.0
0.00010346586136554538,0.0
0.00010347586096556138,0.0
0.00010348586056557738,0.0
0.00010349586016559339,0.0
0.00010350585976560938,0.0
0.00010351585936562539,0.016666666666666607
0.00010352585896564138,0.0
0.00010353585856565738,0.0
0.00010354585816567338,0.0
0.00010355585776568938,0.0
0.00010356585736570538,0.0
0.00010357585696572138,0.0
0.00010358585656573737,0.0
0.00010359585616575338,0.0
0.00010360585576576937,0.0
0.00010361585536578538,0.0
0.00010362585496580137,-0.016666666666666607
0.00010363585456581737,0.0
0.00010364585416583337,0.0
0.00010365585376584937,0.0
0.00010366585336586538,0.0
0.00010367585296588137,0.0
0.00010368585256589736,0.0
0.00010369585216591337,0.0
0.00010370585176592936,0.016666666666666607
0.00010371585136594537,0.0
0.00010372585096596137,0.0
0.00010373585056597736,0.0
0.00010374585016599337,0.016666666666666607
0.00010375584976600936,0.016666666666666607
0.00010376584936602537,0.016666666666666607
0.00010377584896604136,0.016666666666666607
0.00010378584856605737,0.0
0.00010379584816607336,0.0
0.00010380584776608936,0.016666666666666607
0.00010381584736610536,0.0
0.00010382584696612136,0.0
0.00010383584656613737,0.0
0.00010384584616615336,0.0
0.00010385584576616935,0.0
0.00010386584536618536,-0.016666666666666607
0.00010387584496620135,0.0
0.00010388584456621736,0.0
0.00010389584416623336,0.0
0.00010390584376624935,0.0
0.00010391584336626536,0.0
0.00010392584296628135,0.0
0.00010393584256629736,0.0
0.00010394584216631335,0.0
0.00010395584176632935,0.0
0.00010396584136634535,0.0
0.00010397584096636135,0.0
0.00010398584056637735,0.0
0.00010399584016639335,0.0
0.00010400583976640936,0.0
0.00010401583936642535,0.016666666666666607
0.00010402583896644134,0.0
0.00010403583856645735,0.016666666666666607
0.00010404583816647334,0.0
0.00010405583776648935,0.0
0.00010406583736650535,0.0
0.00010407583696652134,0.016666666666666607
0.00010408583656653735,0.0
0.00010409583616655334,0.0
0.00010410583576656935,0.0
0.00010411583536658534,0.0
0.00010412583496660134,0.0
0.00010413583456661734,0.0
0.00010414583416663334,0.0
0.00010415583376664934,0.0
0.00010416583336666534,0.0
0.00010417583296668133,0.016666666666666607
0.00010418583256669734,0.016666666666666607
0.00010419583216671333,0.0
0.00010420583176672934,0.016666666666666607
0.00010421583136674533,0.0
0.00010422583096676134,-0.016666666666666607
0.00010423583056677734,0.016666666666666607
0.00010424583016679333,0.0
0.00010425582976680934,0.0
0.00010426582936682533,0.0
0.00010427582896684134,0.0
0.00010428582856685733,0.0
0.00010429582816687333,0.0
0.00010430582776688933,0.0
0.00010431582736690533,0.0
0.00010432582696692133,0.0
0.00010433582656693733,0.0
0.00010434582616695332,0.0
0.00010435582576696933,0.0
0.00010436582536698532,0.0
0.00010437582496700133,0.0
0.00010438582456701732,0.0
0.00010439582416703332,0.0
0.00010440582376704933,0.016666666666666607
0.00010441582336706532,0.016666666666666607
0.00010442582296708133,0.0
0.00010443582256709732,0.0
0.00010444582216711333,0.0
0.00010445582176712932,0.016666666666666607
0.00010446582136714532,0.016666666666666607
0.00010447582096716132,0.0
0.00010448582056717732,0.0
0.00010449582016719332,0.0
0.00010450581976720932,0.0
0.00010451581936722531,0.0
0.00010452581896724132,0.0
0.00010453581856725731,0.016666666666666607
0.00010454581816727332,0.0
0.00010455581776728931,0.0
0.00010456581736730531,0.0
0.00010457581696732132,0.0
0.00010458581656733731,0.0
0.00010459581616735332,0.0
0.00010460581576736931,0.0
0.0001046158153673853,0.016666666666666607
0.00010462581496740131,0.0
0.0001046358145674173,0.016666666666666607
0.00010464581416743331,0.0
0.0001046558137674493,0.016666666666666607
0.0001046658133674653,0.0
0.00010467581296748131,0.0
0.0001046858125674973,0.0
0.00010469581216751331,0.0
0.0001047058117675293,0.016666666666666607
0.00010471581136754531,0.0
0.0001047258109675613,0.0
0.0001047358105675773,0.0
0.0001047458101675933,0.0
0.0001047558097676093,0.0
0.0001047658093676253,0.0
0.0001047758089676413,0.0
0.0001047858085676573,0.0
0.0001047958081676733,0.0
0.0001048058077676893,0.0
0.0001048158073677053,0.0
0.0001048258069677213,0.016666666666666607
0.00010483580656773729,0.0
0.0001048458061677533,0.0
0.00010485580576776929,0.0
0.0001048658053677853,0.0
0.00010487580496780129,0.0
0.00010488580456781729,0.0
0.0001048958041678333,0.0
0.00010490580376784929,0.0
0.0001049158033678653,0.0
0.00010492580296788129,0.0
0.0001049358025678973,0.016666666666666607
0.00010494580216791329,0.0
0.00010495580176792928,0.0
0.00010496580136794529,0.016666666666666607
0.00010497580096796129,0.0
0.00010498580056797729,0.0
0.00010499580016799329,0.016666666666666607
0.00010500579976800928,0.0
0.00010501579936802529,0.0
0.00010502579896804128,0.0
0.00010503579856805729,0.0
0.00010504579816807328,-0.016666666666666607
0.00010505579776808928,0.0
0.00010506579736810528,0.0
0.00010507579696812128,0.0
0.00010508579656813729,0.0
0.00010509579616815328,0.0
0.00010510579576816927,0.0
0.00010511579536818528,0.0
0.00010512579496820127,0.0
0.00010513579456821728,0.016666666666666607
0.00010514579416823328,0.016666666666666607
0.00010515579376824928,0.0
0.00010516579336826528,0.016666666666666607
0.00010517579296828127,0.0
0.00010518579256829728,0.0
0.00010519579216831327,0.016666666666666607
0.00010520579176832928,0.0
0.00010521579136834527,0.0
0.00010522579096836127,0.0
0.00010523579056837727,0.016666666666666607
0.00010524579016839327,0.0
0.00010525578976840927,0.016666666666666607
0.00010526578936842527,0.0
0.00010527578896844126,0.0
0.00010528578856845727,0.016666666666666607
0.00010529578816847326,0.0
0.00010530578776848927,0.0
0.00010531578736850526,0.0
0.00010532578696852126,0.0
0.00010533578656853727,0.0
0.00010534578616855326,0.0
0.00010535578576856927,0.0
0.00010536578536858526,0.0
0.00010537578496860127,0.0
0.00010538578456861726,0.016666666666666607
0.00010539578416863326,0.0
0.00010540578376864926,0.0
0.00010541578336866526,0.0
0.00010542578296868126,0.0
0.00010543578256869726,0.016666666666666607
0.00010544578216871325,0.016666666666666607
0.00010545578176872926,0.0
0.00010546578136874525,0.0
0.00010547578096876126,0.0
0.00010548578056877725,0.0
0.00010549578016879325,0.016666666666666607
0.00010550577976880926,0.0
0.00010551577936882525,0.0
0.00010552577896884126,0.0
0.00010553577856885725,0.0
0.00010554577816887324,0.0
0.00010555577776888925,0.0
0.00010556577736890525,0.0
0.00010557577696892125,0.0
0.00010558577656893725,0.0
0.00010559577616895324,0.0
0.00010560577576896925,0.0
0.00010561577536898524,0.016666666666666607
0.00010562577496900125,0.0
0.00010563577456901724,0.0
0.00010564577416903325,0.0
0.00010565577376904924,0.016666666666666607
0.00010566577336906524,0.0
0.00010567577296908125,0.016666666666666607
0.00010568577256909724,0.0
0.00010569577216911325,0.0
0.00010570577176912924,0.0
0.00010571577136914523,0.016666666666666607
0.00010572577096916124,0.0
0.00010573577056917724,0.0
0.00010574577016919324,0.016666666666666607
0.00010575576976920924,0.0
0.00010576576936922523,0.0
0.00010577576896924124,0.0
0.00010578576856925723,0.0
0.00010579576816927324,0.016666666666666607
0.00010580576776928923,0.0
0.00010581576736930523,0.0
0.00010582576696932123,0.0
0.00010583576656933723,0.0
0.00010584576616935324,0.0
0.00010585576576936923,0.0
0.00010586576536938524,0.0
0.00010587576496940123,0.016666666666666607
0.00010588576456941722,0.016666666666666607
0.00010589576416943323,0.0
0.00010590576376944923,0.016666666666666607
0.00010591576336946523,0.0
0.00010592576296948123,0.0
0.00010593576256949722,0.0
0.00010594576216951323,0.016666666666666607
0.00010595576176952922,0.016666666666666607
0.00010596576136954523,0.016666666666666607
0.00010597576096956122,0.0
0.00010598576056957722,-0.016666666666666607
0.00010599576016959322,0.0
0.00010600575976960922,0.0
0.00010601575936962523,0.0
0.00010602575896964122,0.016666666666666607
0.00010603575856965721,0.0
0.00010604575816967322,0.0
0.00010605575776968921,0.016666666666666607
0.00010606575736970522,0.0
0.00010607575696972122,0.0
0.00010608575656973722,0.0
0.00010609575616975322,0.0
0.00010610575576976921,0.0
0.00010611575536978522,0.0
0.00010612575496980121,0.0
0.00010613575456981722,0.016666666666666607
0.00010614575416983321,0.0
0.00010615575376984921,0.0
0.00010616575336986521,-0.016666666666666607
0.00010617575296988121,-0.016666666666666607
0.00010618575256989722,-0.016666666666666607
0.00010619575216991321,0.0
0.0001062057517699292,0.016666666666666607
0.00010621575136994521,0.016666666666666607
0.0001062257509699612,0.016666666666666607
0.00010623575056997721,0.016666666666666607
0.0001062457501699932,0.0
0.0001062557497700092,0.0
0.0001062657493700252,0.0
0.0001062757489700412,0.016666666666666607
0.00010628574857005721,0.016666666666666607
0.0001062957481700732,0.0
0.00010630574777008921,0.0
0.0001063157473701052,0.0
0.0001063257469701212,-0.016666666666666607
0.0001063357465701372,0.0
0.0001063457461701532,0.0
0.0001063557457701692,0.016666666666666607
0.0001063657453701852,0.0
0.00010637574497020119,0.016666666666666607
0.0001063857445702172,0.0
0.0001063957441702332,-0.016666666666666607
0.0001064057437702492,0.0
0.0001064157433702652,0.0
0.00010642574297028119,0.016666666666666607
0.0001064357425702972,0.016666666666666607
0.00010644574217031319,0.0
0.0001064557417703292,0.0
0.00010646574137034519,0.016666666666666607
0.00010647574097036119,0.0
0.00010648574057037719,0.0
0.00010649574017039319,0.016666666666666607
0.0001065057397704092,0.0
0.00010651573937042519,0.0
0.00010652573897044118,0.016666666666666607
0.00010653573857045719,0.0
0.00010654573817047318,0.0
0.00010655573777048919,0.0
0.00010656573737050518,0.0
0.00010657573697052119,0.0
0.00010658573657053719,0.0
0.00010659573617055318,0.0
0.00010660573577056919,0.0
0.00010661573537058518,0.0
0.00010662573497060119,0.0
0.00010663573457061718,0.016666666666666607
0.00010664573417063318,0.016666666666666607
0.00010665573377064918,0.0
0.00010666573337066518,0.0
0.00010667573297068118,0.0
0.00010668573257069718,0.016666666666666607
0.00010669573217071317,0.016666666666666607
0.00010670573177072918,0.0
0.00010671573137074517,0.0
0.00010672573097076118,0.016666666666666607
0.00010673573057077717,0.0
0.00010674573017079317,0.0
0.00010675572977080918,0.016666666666666607
0.00010676572937082517,0.016666666666666607
0.00010677572897084118,0.0
0.00010678572857085717,0.0
0.00010679572817087318,0.0
0.00010680572777088917,0.0
0.00010681572737090517,0.0
0.00010682572697092117,0.0
0.00010683572657093717,0.016666666666666607
0.00010684572617095317,0.0
0.00010685572577096917,0.0
0.00010686572537098516,0.0
0.00010687572497100117,0.016666666666666607
0.00010688572457101716,0.0
0.00010689572417103317,0.0
0.00010690572377104916,0.0
0.00010691572337106516,0.0
0.00010692572297108116,0.016666666666666607
0.00010693572257109716,0.0
0.00010694572217111317,0.0
0.00010695572177112916,0.0
0.00010696572137114515,0.0
0.00010697572097116116,0.0
0.00010698572057117716,0.0
0.00010699572017119316,0.016666666666666607
0.00010700571977120916,0.0
0.00010701571937122516,0.0
0.00010702571897124116,0.0
0.00010703571857125715,0.0
0.00010704571817127316,0.0
0.00010705571777128915,0.016666666666666607
0.00010706571737130516,0.0
0.00010707571697132115,0.0
0.00010708571657133715,0.0
0.00010709571617135315,0.0
0.00010710571577136915,0.0
0.00010711571537138516,0.0
0.00010712571497140115,0.016666666666666607
0.00010713571457141714,0.0
0.00010714571417143315,0.0
0.00010715571377144914,0.0
0.00010716571337146515,0.016666666666666607
0.00010717571297148115,0.016666666666666607
0.00010718571257149714,0.0
0.00010719571217151315,0.016666666666666607
0.00010720571177152914,0.0
0.00010721571137154515,0.016666666666666607
0.00010722571097156114,0.0
0.00010723571057157714,0.0
0.00010724571017159314,0.0
0.00010725570977160914,0.0
0.00010726570937162514,0.0
0.00010727570897164114,0.0
0.00010728570857165715,0.016666666666666607
0.00010729570817167314,0.0
0.00010730570777168913,0.0
0.00010731570737170514,0.0
0.00010732570697172113,0.0
0.00010733570657173714,0.0
0.00010734570617175314,0.0
0.00010735570577176913,0.016666666666666607
0.00010736570537178514,0.0
0.00010737570497180113,0.0
0.00010738570457181714,0.0
0.00010739570417183313,0.0
0.00010740570377184913,0.016666666666666607
0.00010741570337186513,0.0
0.00010742570297188113,0.016666666666666607
0.00010743570257189713,0.0
0.00010744570217191313,0.0
0.00010745570177192912,0.0
0.00010746570137194513,0.0
0.00010747570097196112,0.0
0.00010748570057197713,0.0
0.00010749570017199312,0.016666666666666607
0.00010750569977200913,0.0
0.00010751569937202513,0.0
0.00010752569897204112,0.016666666666666607
0.00010753569857205713,0.0
0.00010754569817207312,0.0
0.00010755569777208913,0.0
0.00010756569737210512,0.0
0.00010757569697212112,0.0
0.00010758569657213712,0.0
0.00010759569617215312,0.0
0.00010760569577216912,0.016666666666666607
0.00010761569537218512,0.0
0.00010762569497220111,0.0
0.00010763569457221712,0.0
0.00010764569417223311,0.0
0.00010765569377224912,0.0
0.00010766569337226511,0.016666666666666607
0.00010767569297228111,0.0
0.00010768569257229712,0.0
0.00010769569217231311,0.016666666666666607
0.00010770569177232912,0.0
0.00010771569137234511,0.0
0.00010772569097236112,0.0
0.00010773569057237711,0.0
0.0001077456901723931,0.016666666666666607
0.00010775568977240911,0.016666666666666607
0.00010776568937242511,0.0
0.00010777568897244111,0.0
0.00010778568857245711,0.0
0.0001077956881724731,0.016666666666666607
0.00010780568777248911,0.0
0.0001078156873725051,0.0
0.00010782568697252111,0.0
0.0001078356865725371,0.0
0.0001078456861725531,0.0
0.0001078556857725691,0.0
0.0001078656853725851,0.0
0.0001078756849726011,0.0
0.0001078856845726171,0.0
0.0001078956841726331,0.0
0.0001079056837726491,0.0
0.0001079156833726651,0.0
0.0001079256829726811,0.0
0.0001079356825726971,0.016666666666666607
0.0001079456821727131,0.0
0.0001079556817727291,0.0
0.00010796568137274509,0.0
0.0001079756809727611,0.0
0.00010798568057277709,0.0
0.0001079956801727931,0.0
0.0001080056797728091,0.0
0.00010801567937282509,0.0
0.0001080256789728411,0.0
0.00010803567857285709,0.0
0.0001080456781728731,0.0
0.00010805567777288909,0.0
0.00010806567737290508,0.0
0.00010807567697292109,0.0
0.00010808567657293709,0.016666666666666607
0.00010809567617295309,0.016666666666666607
0.00010810567577296909,0.0
0.00010811567537298508,0.0
0.00010812567497300109,0.0
0.00010813567457301708,0.0
0.00010814567417303309,0.0
0.00010815567377304908,0.0
0.00010816567337306508,0.0
0.00010817567297308108,0.0
0.00010818567257309708,0.0
0.00010819567217311309,0.0
0.00010820567177312908,0.0
0.00010821567137314509,0.016666666666666607
0.00010822567097316108,0.0
0.00010823567057317707,0.0
0.00010824567017319308,0.0
0.00010825566977320908,0.0
0.00010826566937322508,0.0
0.00010827566897324108,0.016666666666666607
0.00010828566857325707,0.0
0.00010829566817327308,0.0
0.00010830566777328907,0.0
0.00010831566737330508,0.016666666666666607
0.00010832566697332107,0.0
0.00010833566657333707,0.016666666666666607
0.00010834566617335307,0.0
0.00010835566577336907,0.0
0.00010836566537338508,0.016666666666666607
0.00010837566497340107,0.0
0.00010838566457341706,0.0
0.00010839566417343307,0.0
0.00010840566377344906,0.0
0.00010841566337346507,0.016666666666666607
0.00010842566297348107,0.0
0.00010843566257349707,0.0
0.00010844566217351307,0.0
0.00010845566177352906,0.016666666666666607
0.00010846566137354507,0.016666666666666607
0.00010847566097356106,0.0
0.00010848566057357707,0.0
0.00010849566017359306,0.0
0.00010850565977360906,0.0
0.00010851565937362506,0.0
0.00010852565897364106,0.0
0.00010853565857365707,0.0
0.00010854565817367306,0.0
0.00010855565777368905,0.0
0.00010856565737370506,0.0
0.00010857565697372105,0.0
0.00010858565657373706,0.0
0.00010859565617375306,0.0
0.00010860565577376905,0.0
0.00010861565537378506,0.0
0.00010862565497380105,0.0
0.00010863565457381706,0.016666666666666607
0.00010864565417383305,0.016666666666666607
0.00010865565377384906,0.0
0.00010866565337386505,0.0
0.00010867565297388105,0.016666666666666607
0.00010868565257389705,0.016666666666666607
0.00010869565217391305,0.016666666666666607
0.00010870565177392905,0.016666666666666607
0.00010871565137394505,0.0
0.00010872565097396104,0.0
0.00010873565057397705,0.0
0.00010874565017399304,0.0
0.00010875564977400905,0.0
0.00010876564937402504,0.0
0.00010877564897404104,0.0
0.00010878564857405705,0.0
0.00010879564817407304,0.0
0.00010880564777408905,0.0
0.00010881564737410504,0.0
0.00010882564697412103,0.0
0.00010883564657413704,0.016666666666666607
0.00010884564617415304,0.0
0.00010885564577416904,0.0
0.00010886564537418504,0.0
0.00010887564497420104,0.0
0.00010888564457421704,0.016666666666666607
0.00010889564417423303,0.0
0.00010890564377424904,0.0
0.00010891564337426503,0.0
0.00010892564297428104,0.0
0.00010893564257429703,0.0
0.00010894564217431303,0.0
0.00010895564177432904,0.016666666666666607
0.00010896564137434503,0.0
0.00010897564097436104,0.0
0.00010898564057437703,0.0
0.00010899564017439302,0.0
0.00010900563977440903,0.0
0.00010901563937442503,0.0
0.00010902563897444103,0.0
0.00010903563857445703,0.0
0.00010904563817447302,0.0
0.00010905563777448903,0.0
0.00010906563737450502,0.0
0.00010907563697452103,0.0
0.00010908563657453702,0.0
0.00010909563617455302,0.0
0.00010910563577456902,0.0
0.00010911563537458502,0.0
0.00010912563497460103,0.0
0.00010913563457461702,0.016666666666666607
0.00010914563417463303,0.0
0.00010915563377464902,0.0
0.00010916563337466501,0.0
0.00010917563297468102,0.0
0.00010918563257469702,0.0
0.00010919563217471302,0.016666666666666607
0.00010920563177472902,0.0
0.00010921563137474501,0.0
0.00010922563097476102,0.0
0.00010923563057477701,0.0
0.00010924563017479302,0.0
0.00010925562977480901,-0.016666666666666607
0.00010926562937482501,0.0
0.00010927562897484101,0.016666666666666607
0.00010928562857485701,0.0
0.00010929562817487302,0.0
0.00010930562777488901,0.0
0.000109315627374905,0.0
0.00010932562697492101,0.0
0.000109335626574937,0.0
0.00010934562617495301,0.0
0.000109355625774969,0.0
0.00010936562537498501,0.0
0.00010937562497500101,0.0
0.000109385624575017,0.0
0.00010939562417503301,0.0
0.000109405623775049,0.0
0.00010941562337506501,0.0
0.000109425622975081,0.0
0.000109435622575097,0.0
0.000109445622175113,0.0
0.000109455621775129,0.0
0.000109465621375145,0.0
0.000109475620975161,0.0
0.000109485620575177,0.0
0.000109495620175193,0.0
0.000109505619775209,0.0
0.000109515619375225,0.016666666666666607
0.000109525618975241,0.0
0.00010953561857525699,0.0
0.000109545618175273,0.0
0.00010955561777528899,0.0
0.000109565617375305,0.0
0.00010957561697532099,0.0
0.000109585616575337,0.016666666666666607
0.00010959561617535299,0.0
0.00010960561577536899,0.0
0.000109615615375385,0.0
0.00010962561497540099,0.0
0.000109635614575417,0.0
0.00010964561417543299,0.0
0.00010965561377544898,0.016666666666666607
0.00010966561337546499,0.0
0.00010967561297548098,0.016666666666666607
0.00010968561257549699,0.0
0.00010969561217551299,0.0
0.00010970561177552898,0.0
0.00010971561137554499,0.0
0.00010972561097556098,0.0
0.00010973561057557699,0.0
0.00010974561017559298,-0.016666666666666607
0.00010975560977560898,0.0
0.00010976560937562498,0.016666666666666607
0.00010977560897564098,0.0
0.00010978560857565698,0.0
0.00010979560817567298,0.016666666666666607
0.00010980560777568897,0.0
0.00010981560737570498,0.0
0.00010982560697572097,0.0
0.00010983560657573698,0.0
0.00010984560617575297,0.016666666666666607
0.00010985560577576898,0.0
0.00010986560537578498,0.0
0.00010987560497580097,0.016666666666666607
0.00010988560457581698,0.0
0.00010989560417583297,0.0
0.00010990560377584898,0.0
0.00010991560337586497,0.0
0.00010992560297588097,0.016666666666666607
0.00010993560257589697,0.0
0.00010994560217591297,0.0
0.00010995560177592897,0.0
0.00010996560137594497,0.0
0.00010997560097596096,0.016666666666666607
0.00010998560057597697,0.0
0.00010999560017599296,0.0
0.00011000559977600897,0.0
0.00011001559937602496,0.0
0.00011002559897604096,0.016666666666666607
0.00011003559857605697,0.016666666666666607
0.00011004559817607296,0.0
0.00011005559777608897,0.0
0.00011006559737610496,0.0
0.00011007559697612097,0.0
0.00011008559657613696,0.0
0.00011009559617615296,0.0
0.00011010559577616896,0.0
0.00011011559537618496,0.0
0.00011012559497620096,0.0
0.00011013559457621696,0.0
0.00011014559417623295,0.0
0.00011015559377624896,0.0
0.00011016559337626495,0.0
0.00011017559297628096,0.0
0.00011018559257629695,0.0
0.00011019559217631295,0.0
0.00011020559177632896,0.0
0.00011021559137634495,0.0
0.00011022559097636096,0.0
0.00011023559057637695,0.016666666666666607
0.00011024559017639294,0.0
0.00011025558977640895,0.016666666666666607
0.00011026558937642495,0.0
0.00011027558897644095,0.0
0.00011028558857645695,0.0
0.00011029558817647295,0.0
0.00011030558777648895,0.0
0.00011031558737650494,0.016666666666666607
0.00011032558697652095,0.0
0.00011033558657653694,0.0
0.00011034558617655295,0.0
0.00011035558577656894,0.0
0.00011036558537658494,0.016666666666666607
0.00011037558497660094,0.016666666666666607
0.00011038558457661694,0.0
0.00011039558417663295,0.016666666666666607
0.00011040558377664894,0.0
0.00011041558337666493,0.0
0.00011042558297668094,0.0
0.00011043558257669694,0.0
0.00011044558217671294,0.0
0.00011045558177672894,0.0
0.00011046558137674493,0.0
0.00011047558097676094,0.0
0.00011048558057677693,0.0
0.00011049558017679294,0.0
0.00011050557977680893,0.0
0.00011051557937682494,0.0
0.00011052557897684093,0.0
0.00011053557857685693,0.0
0.00011054557817687293,0.016666666666666607
0.00011055557777688893,0.0
0.00011056557737690494,0.0
0.00011057557697692093,0.0
0.00011058557657693692,0.0
0.00011059557617695293,0.0
0.00011060557577696892,0.0
0.00011061557537698493,0.0
0.00011062557497700093,0.0
0.00011063557457701692,0.0
0.00011064557417703293,0.0
0.00011065557377704892,0.0
0.00011066557337706493,0.0
0.00011067557297708092,0.0
0.00011068557257709692,0.0
0.00011069557217711292,0.0
0.00011070557177712892,0.0
0.00011071557137714492,0.0
0.00011072557097716092,0.016666666666666607
0.00011073557057717691,0.0
0.00011074557017719292,0.0
0.00011075556977720891,0.016666666666666607
0.00011076556937722492,0.016666666666666607
0.00011077556897724091,0.016666666666666607
0.00011078556857725692,0.0
0.00011079556817727292,0.0
0.00011080556777728891,0.0
0.00011081556737730492,0.0
0.00011082556697732091,0.0
0.00011083556657733692,0.0
0.00011084556617735291,0.0
0.0001108555657773689,0.0
0.00011086556537738491,0.0
0.00011087556497740091,0.0
0.00011088556457741691,0.0
0.00011089556417743291,0.016666666666666607
0.0001109055637774489,0.0
0.00011091556337746491,0.016666666666666607
0.0001109255629774809,0.0
0.00011093556257749691,0.016666666666666607
0.0001109455621775129,0.0
0.0001109555617775289,0.0
0.0001109655613775449,0.0
0.0001109755609775609,0.016666666666666607
0.00011098556057757691,0.0
0.0001109955601775929,0.0
0.00011100555977760891,0.0
0.0001110155593776249,0.0
0.0001110255589776409,0.0
0.0001110355585776569,0.0
0.0001110455581776729,0.0
0.0001110555577776889,0.0
0.0001110655573777049,0.0
0.00011107555697772089,0.016666666666666607
0.0001110855565777369,0.0
0.0001110955561777529,0.016666666666666607
0.0001111055557777689,0.0
0.0001111155553777849,0.0
0.00011112555497780089,0.0
0.0001111355545778169,0.0
0.00011114555417783289,0.016666666666666607
0.0001111555537778489,0.0
0.00011116555337786489,0.0
0.00011117555297788088,0.0
0.00011118555257789689,0.0
0.00011119555217791289,0.0
0.00011120555177792889,0.0
0.00011121555137794489,0.0
0.0001112255509779609,0.0
0.00011123555057797689,0.0
0.00011124555017799288,0.0
0.00011125554977800889,0.0
0.00011126554937802488,0.0
0.00011127554897804089,0.0
0.00011128554857805688,0.0
0.00011129554817807288,0.0
0.00011130554777808889,0.0
0.00011131554737810488,0.0
0.00011132554697812089,0.0
0.00011133554657813688,0.0
0.00011134554617815287,0.0
0.00011135554577816888,0.0
0.00011136554537818488,0.0
0.00011137554497820088,0.0
0.00011138554457821688,0.0
0.00011139554417823287,0.0
0.00011140554377824888,0.0
0.00011141554337826487,0.016666666666666607
0.00011142554297828088,0.016666666666666607
0.00011143554257829687,0.016666666666666607
0.00011144554217831288,0.0
0.00011145554177832887,0.0
0.00011146554137834487,0.0
0.00011147554097836088,0.0
0.00011148554057837687,0.0
0.00011149554017839288,0.016666666666666607
0.00011150553977840887,0.0
0.00011151553937842486,0.0
0.00011152553897844087,0.0
0.00011153553857845687,0.0
0.00011154553817847287,0.0
0.00011155553777848887,0.0
0.00011156553737850486,0.0
0.00011157553697852087,0.0
0.00011158553657853686,0.0
0.00011159553617855287,0.0
0.00011160553577856886,0.0
0.00011161553537858486,0.0
0.00011162553497860086,0.0
0.00011163553457861686,0.0
0.00011164553417863287,0.0
0.00011165553377864886,0.016666666666666607
0.00011166553337866485,0.0
0.00011167553297868086,0.0
0.00011168553257869685,0.0
0.00011169553217871286,0.0
0.00011170553177872886,0.0
0.00011171553137874486,0.016666666666666607
0.00011172553097876086,0.0
0.00011173553057877685,0.0
0.00011174553017879286,0.0
0.00011175552977880885,0.0
0.00011176552937882486,0.0
0.00011177552897884085,0.016666666666666607
0.00011178552857885685,0.0
0.00011179552817887285,0.0
0.00011180552777888885,0.0
0.00011181552737890486,0.0
0.00011182552697892085,0.0
0.00011183552657893684,0.0
0.00011184552617895285,0.0
0.00011185552577896884,0.0
0.00011186552537898485,0.016666666666666607
0.00011187552497900085,0.0
0.00011188552457901684,0.0
0.00011189552417903285,0.0
0.00011190552377904884,0.016666666666666607
0.00011191552337906485,0.0
0.00011192552297908084,0.0
0.00011193552257909685,0.0
0.00011194552217911284,0.0
0.00011195552177912884,0.016666666666666607
0.00011196552137914484,0.0
0.00011197552097916084,0.016666666666666607
0.00011198552057917685,0.0
0.00011199552017919284,0.0
0.00011200551977920883,0.0
0.00011201551937922484,0.0
0.00011202551897924083,0.0
0.00011203551857925684,0.0
0.00011204551817927284,0.016666666666666607
0.00011205551777928883,0.0
0.00011206551737930484,0.016666666666666607
0.00011207551697932083,0.0
0.00011208551657933684,0.0
0.00011209551617935283,0.0
0.00011210551577936883,0.0
0.00011211551537938483,0.0
0.00011212551497940083,0.0
0.00011213551457941683,0.0
0.00011214551417943283,0.016666666666666607
0.00011215551377944883,0.0
0.00011216551337946483,0.0
0.00011217551297948082,0.0
0.00011218551257949683,0.0
0.00011219551217951282,0.0
0.00011220551177952883,0.0
0.00011221551137954482,0.0
0.00011222551097956082,0.0
0.00011223551057957683,0.016666666666666607
0.00011224551017959282,0.016666666666666607
0.00011225550977960883,0.0
0.00011226550937962482,0.0
0.00011227550897964081,0.0
0.00011228550857965682,0.0
0.00011229550817967282,0.016666666666666607
0.00011230550777968882,0.016666666666666607
0.00011231550737970482,0.0
0.00011232550697972081,0.016666666666666607
0.00011233550657973682,0.016666666666666607
0.00011234550617975281,0.0
0.00011235550577976882,0.016666666666666607
0.00011236550537978481,0.0
0.00011237550497980082,0.0
0.00011238550457981681,0.0
0.00011239550417983281,0.0
0.00011240550377984882,0.0
0.00011241550337986481,0.0
0.00011242550297988082,0.0
0.00011243550257989681,0.0
0.0001124455021799128,0.0
0.00011245550177992881,0.0
0.0001124655013799448,0.0
0.00011247550097996081,0.0
0.00011248550057997681,0.0
0.0001124955001799928,0.016666666666666607
0.00011250549978000881,0.0
0.0001125154993800248,0.016666666666666607
0.00011252549898004081,0.016666666666666607
0.0001125354985800568,0.016666666666666607
0.0001125454981800728,0.0
0.0001125554977800888,0.0
0.0001125654973801048,0.0
0.0001125754969801208,0.0
0.0001125854965801368,0.016666666666666607
0.0001125954961801528,0.016666666666666607
0.0001126054957801688,0.0
0.0001126154953801848,0.016666666666666607
0.0001126254949802008,0.0
0.0001126354945802168,0.0
0.0001126454941802328,0.0
0.0001126554937802488,0.0
0.00011266549338026479,0.0
0.0001126754929802808,0.0
0.00011268549258029679,0.0
0.0001126954921803128,0.0
0.0001127054917803288,0.0
0.00011271549138034479,0.0
0.0001127254909803608,0.0
0.00011273549058037679,0.016666666666666607
0.0001127454901803928,0.0
0.00011275548978040879,0.0
0.00011276548938042478,0.0
0.00011277548898044079,0.0
0.00011278548858045678,0.0
0.00011279548818047279,0.0
0.00011280548778048879,0.016666666666666607
0.00011281548738050478,0.0
0.00011282548698052079,0.0
0.00011283548658053678,0.016666666666666607
0.00011284548618055279,0.0
0.00011285548578056878,0.0
0.00011286548538058479,0.0
0.00011287548498060078,0.0
0.00011288548458061678,0.0
0.00011289548418063278,0.016666666666666607
0.00011290548378064878,0.0
0.00011291548338066479,0.0
0.00011292548298068078,0.0
0.00011293548258069677,0.016666666666666607
0.00011294548218071278,0.0
0.00011295548178072877,0.016666666666666607
0.00011296548138074478,0.016666666666666607
0.00011297548098076078,0.0
0.00011298548058077677,0.0
0.00011299548018079278,0.0
0.00011300547978080877,0.0
0.00011301547938082478,-0.016666666666666607
0.00011302547898084077,-0.016666666666666607
0.00011303547858085677,-0.033333333333333215
0.00011304547818087277,-0.033333333333333215
0.00011305547778088877,-0.033333333333333215
0.00011306547738090477,-0.033333333333333215
0.00011307547698092077,-0.033333333333333215
0.00011308547658093678,-0.033333333333333215
0.00011309547618095277,-0.016666666666666607
0.00011310547578096876,-0.016666666666666607
0.00011311547538098477,0.016666666666666607
0.00011312547498100076,0.033333333333333215
0.00011313547458101677,0.04999999999999982
0.00011314547418103277,0.06666666666666643
0.00011315547378104876,0.08333333333333348
0.00011316547338106477,0.06666666666666643
0.00011317547298108076,0.06666666666666643
0.00011318547258109677,0.06666666666666643
0.00011319547218111276,0.06666666666666643
0.00011320547178112876,0.04999999999999982
0.00011321547138114476,0.016666666666666607
0.00011322547098116076,0.0
0.00011323547058117676,-0.016666666666666607
0.00011324547018119276,-0.033333333333333215
0.00011325546978120875,-0.033333333333333215
0.00011326546938122476,-0.033333333333333215
0.00011327546898124075,-0.050000000000000266
0.00011328546858125676,-0.06666666666666687
0.00011329546818127275,-0.06666666666666687
0.00011330546778128875,-0.050000000000000266
0.00011331546738130476,-0.033333333333333215
0.00011332546698132075,-0.016666666666666607
0.00011333546658133676,0.0
0.00011334546618135275,-0.016666666666666607
0.00011335546578136876,0.0
0.00011336546538138475,0.0
0.00011337546498140075,0.033333333333333215
0.00011338546458141675,0.033333333333333215
0.00011339546418143275,0.033333333333333215
0.00011340546378144875,0.033333333333333215
0.00011341546338146475,0.016666666666666607
0.00011342546298148074,0.016666666666666607
0.00011343546258149675,0.033333333333333215
0.00011344546218151274,0.033333333333333215
0.00011345546178152875,0.033333333333333215
0.00011346546138154474,0.033333333333333215
0.00011347546098156074,0.016666666666666607
0.00011348546058157675,0.016666666666666607
0.00011349546018159274,0.016666666666666607
0.00011350545978160875,0.016666666666666607
0.00011351545938162474,0.0
0.00011352545898164073,0.0
0.00011353545858165674,-0.016666666666666607
0.00011354545818167274,-0.016666666666666607
0.00011355545778168874,-0.016666666666666607
0.00011356545738170474,-0.016666666666666607
0.00011357545698172074,-0.016666666666666607
0.00011358545658173674,-0.016666666666666607
0.00011359545618175273,-0.016666666666666607
0.00011360545578176874,-0.016666666666666607
0.00011361545538178473,0.0
0.00011362545498180074,0.0
0.00011363545458181673,0.0
0.00011364545418183273,0.0
0.00011365545378184874,0.016666666666666607
0.00011366545338186473,0.016666666666666607
0.00011367545298188074,0.033333333333333215
0.00011368545258189673,0.016666666666666607
0.00011369545218191272,0.016666666666666607
0.00011370545178192873,0.016666666666666607
0.00011371545138194473,0.033333333333333215
0.00011372545098196073,0.033333333333333215
0.00011373545058197673,0.016666666666666607
0.00011374545018199272,0.016666666666666607
0.00011375544978200873,0.016666666666666607
0.00011376544938202472,0.016666666666666607
0.00011377544898204073,0.016666666666666607
0.00011378544858205672,0.016666666666666607
0.00011379544818207273,0.0
0.00011380544778208872,0.0
0.00011381544738210472,-0.016666666666666607
0.00011382544698212072,-0.016666666666666607
0.00011383544658213672,0.0
0.00011384544618215273,-0.016666666666666607
0.00011385544578216872,-0.016666666666666607
0.00011386544538218471,-0.016666666666666607
0.00011387544498220072,-0.016666666666666607
0.00011388544458221672,-0.016666666666666607
0.00011389544418223272,0.0
0.00011390544378224872,-0.016666666666666607
0.00011391544338226471,0.0
0.00011392544298228072,0.0
0.00011393544258229671,0.0
0.00011394544218231272,0.0
0.00011395544178232871,0.0
0.0001139654413823447,0.016666666666666607
0.00011397544098236071,0.016666666666666607
0.00011398544058237671,0.016666666666666607
0.00011399544018239271,0.016666666666666607
0.00011400543978240871,0.016666666666666607
0.00011401543938242472,0.016666666666666607
0.00011402543898244071,0.033333333333333215
0.0001140354385824567,0.016666666666666607
0.00011404543818247271,0.016666666666666607
0.0001140554377824887,0.016666666666666607
0.00011406543738250471,0.016666666666666607
0.0001140754369825207,0.0
0.0001140854365825367,0.0
0.00011409543618255271,0.0
0.0001141054357825687,0.0
0.00011411543538258471,-0.016666666666666607
0.0001141254349826007,-0.016666666666666607
0.0001141354345826167,-0.016666666666666607
0.0001141454341826327,-0.016666666666666607
0.0001141554337826487,-0.016666666666666607
0.0001141654333826647,-0.016666666666666607
0.0001141754329826807,-0.016666666666666607
0.00011418543258269669,-0.016666666666666607
0.0001141954321827127,0.0
0.0001142054317827287,0.0
0.0001142154313827447,0.016666666666666607
0.0001142254309827607,0.016666666666666607
0.00011423543058277669,0.016666666666666607
0.0001142454301827927,0.016666666666666607
0.00011425542978280869,0.016666666666666607
0.0001142654293828247,0.016666666666666607
0.00011427542898284069,0.016666666666666607
0.0001142854285828567,0.016666666666666607
0.00011429542818287269,0.016666666666666607
0.00011430542778288869,0.016666666666666607
0.0001143154273829047,0.016666666666666607
0.00011432542698292069,0.016666666666666607
0.0001143354265829367,0.0
0.00011434542618295269,0.016666666666666607
0.00011435542578296868,0.0
0.00011436542538298469,0.0
0.00011437542498300068,0.0
0.00011438542458301669,-0.016666666666666607
0.00011439542418303268,0.0
0.00011440542378304868,-0.016666666666666607
0.00011441542338306469,0.0
0.00011442542298308068,0.0
0.00011443542258309669,0.0
0.00011444542218311268,-0.016666666666666607
0.00011445542178312867,0.0
0.00011446542138314468,0.0
0.00011447542098316068,0.0
0.00011448542058317668,0.016666666666666607
0.00011449542018319268,0.016666666666666607
0.00011450541978320868,0.016666666666666607
0.00011451541938322468,0.016666666666666607
0.00011452541898324067,0.016666666666666607
0.00011453541858325668,0.016666666666666607
0.00011454541818327267,0.016666666666666607
0.00011455541778328868,0.016666666666666607
0.00011456541738330467,0.0
0.00011457541698332067,0.016666666666666607
0.00011458541658333668,0.016666666666666607
0.00011459541618335267,0.016666666666666607
0.00011460541578336868,0.0
0.00011461541538338467,0.0
0.00011462541498340066,-0.016666666666666607
0.00011463541458341667,-0.016666666666666607
0.00011464541418343267,0.0
0.00011465541378344867,-0.016666666666666607
0.00011466541338346467,0.0
0.00011467541298348066,0.0
0.00011468541258349667,0.0
0.00011469541218351266,-0.016666666666666607
0.00011470541178352867,0.0
0.00011471541138354466,0.016666666666666607
0.00011472541098356067,0.0
0.00011473541058357666,0.016666666666666607
0.00011474541018359266,0.0
0.00011475540978360867,0.0
0.00011476540938362466,0.0
0.00011477540898364067,0.0
0.00011478540858365666,0.016666666666666607
0.00011479540818367265,0.016666666666666607
0.00011480540778368866,0.016666666666666607
0.00011481540738370466,0.0
0.00011482540698372066,0.0
0.00011483540658373666,0.0
0.00011484540618375265,0.0
0.00011485540578376866,0.016666666666666607
0.00011486540538378465,0.0
0.00011487540498380066,0.0
0.00011488540458381665,0.0
0.00011489540418383265,-0.016666666666666607
0.00011490540378384865,0.0
0.00011491540338386465,0.0
0.00011492540298388066,0.0
0.00011493540258389665,0.0
0.00011494540218391266,0.016666666666666607
0.00011495540178392865,0.0
0.00011496540138394464,0.0
0.00011497540098396065,0.016666666666666607
0.00011498540058397665,0.0
0.00011499540018399265,0.0
0.00011500539978400865,0.0
0.00011501539938402464,0.016666666666666607
0.00011502539898404065,0.0
0.00011503539858405664,0.016666666666666607
0.00011504539818407265,0.0
0.00011505539778408864,0.0
0.00011506539738410464,0.0
0.00011507539698412064,0.016666666666666607
0.00011508539658413664,0.016666666666666607
0.00011509539618415265,0.016666666666666607
0.00011510539578416864,0.0
0.00011511539538418463,0.016666666666666607
0.00011512539498420064,0.0
0.00011513539458421663,0.0
0.00011514539418423264,0.0
0.00011515539378424864,0.016666666666666607
0.00011516539338426463,0.0
0.00011517539298428064,0.0
0.00011518539258429663,0.0
0.00011519539218431264,0.0
0.00011520539178432863,0.0
0.00011521539138434464,0.016666666666666607
0.00011522539098436063,0.0
0.00011523539058437663,0.0
0.00011524539018439263,0.0
0.00011525538978440863,0.0
0.00011526538938442464,0.0
0.00011527538898444063,0.0
0.00011528538858445662,0.0
0.00011529538818447263,0.0
0.00011530538778448862,0.0
0.00011531538738450463,0.0
0.00011532538698452063,0.0
0.00011533538658453662,0.0
0.00011534538618455263,0.0
0.00011535538578456862,0.0
0.00011536538538458463,0.0
0.00011537538498460062,0.0
0.00011538538458461662,0.0
0.00011539538418463262,0.0
0.00011540538378464862,0.0
0.00011541538338466462,0.0
0.00011542538298468062,0.0
0.00011543538258469663,0.0
0.00011544538218471262,0.016666666666666607
0.00011545538178472861,0.0
0.00011546538138474462,0.0
0.00011547538098476061,0.0
0.00011548538058477662,0.0
0.00011549538018479262,0.016666666666666607
0.00011550537978480861,0.0
0.00011551537938482462,0.0
0.00011552537898484061,0.0
0.00011553537858485662,0.0
0.00011554537818487261,0.016666666666666607
0.0001155553777848886,0.016666666666666607
0.00011556537738490461,0.0
0.0001155753769849206,0.016666666666666607
0.00011558537658493661,0.016666666666666607
0.00011559537618495261,0.0
0.0001156053757849686,0.0
0.00011561537538498461,0.016666666666666607
0.0001156253749850006,0.0
0.00011563537458501661,0.0
0.0001156453741850326,0.0
0.00011565537378504861,0.0
0.0001156653733850646,0.0
0.0001156753729850806,0.0
0.0001156853725850966,0.0
0.0001156953721851126,0.0
0.00011570537178512861,0.0
0.0001157153713851446,0.0
0.0001157253709851606,0.0
0.0001157353705851766,0.0
0.0001157453701851926,0.0
0.0001157553697852086,0.016666666666666607
0.0001157653693852246,0.016666666666666607
0.00011577536898524059,0.0
0.0001157853685852566,0.016666666666666607
0.00011579536818527259,0.0
0.0001158053677852886,0.0
0.0001158153673853046,0.0
0.00011582536698532059,0.0
0.0001158353665853366,0.016666666666666607
0.00011584536618535259,0.0
0.0001158553657853686,0.016666666666666607
0.00011586536538538459,0.0
0.0001158753649854006,0.0
0.00011588536458541659,0.0
0.00011589536418543258,0.0
0.00011590536378544859,0.0
0.00011591536338546459,0.0
0.0001159253629854806,0.016666666666666607
0.00011593536258549659,0.016666666666666607
0.00011594536218551258,0.0
0.00011595536178552859,-0.016666666666666607
0.00011596536138554458,-0.016666666666666607
0.00011597536098556059,-0.016666666666666607
0.00011598536058557658,0.0
0.00011599536018559258,0.016666666666666607
0.00011600535978560858,0.016666666666666607
0.00011601535938562458,0.0
0.00011602535898564059,0.0
0.00011603535858565658,0.0
0.00011604535818567257,0.0
0.00011605535778568858,0.0
0.00011606535738570457,0.0
0.00011607535698572058,0.016666666666666607
0.00011608535658573658,0.016666666666666607
0.00011609535618575257,-0.016666666666666607
0.00011610535578576858,0.0
0.00011611535538578457,0.0
0.00011612535498580058,-0.016666666666666607
0.00011613535458581657,0.016666666666666607
0.00011614535418583258,0.016666666666666607
0.00011615535378584857,0.0
0.00011616535338586457,0.0
0.00011617535298588057,0.016666666666666607
0.00011618535258589657,0.0
0.00011619535218591258,0.016666666666666607
0.00011620535178592857,0.016666666666666607
0.00011621535138594456,0.016666666666666607
0.00011622535098596057,0.016666666666666607
0.00011623535058597656,0.0
0.00011624535018599257,-0.016666666666666607
0.00011625534978600857,0.016666666666666607
0.00011626534938602456,0.0
0.00011627534898604057,0.0
0.00011628534858605656,0.0
0.00011629534818607257,0.0
0.00011630534778608856,0.0
0.00011631534738610456,0.0
0.00011632534698612056,0.0
0.00011633534658613656,0.0
0.00011634534618615256,0.0
0.00011635534578616856,0.0
0.00011636534538618457,0.0
0.00011637534498620056,0.0
0.00011638534458621655,0.016666666666666607
0.00011639534418623256,0.016666666666666607
0.00011640534378624855,0.016666666666666607
0.00011641534338626456,0.0
0.00011642534298628056,0.0
0.00011643534258629655,0.016666666666666607
0.00011644534218631256,0.0
0.00011645534178632855,0.016666666666666607
0.00011646534138634456,0.016666666666666607
0.00011647534098636055,0.0
0.00011648534058637655,0.0
0.00011649534018639255,0.0
0.00011650533978640855,0.0
0.00011651533938642455,0.0
0.00011652533898644055,0.0
0.00011653533858645654,0.0
0.00011654533818647255,0.0
0.00011655533778648854,0.0
0.00011656533738650455,0.0
0.00011657533698652054,0.0
0.00011658533658653655,0.0
0.00011659533618655255,0.0
0.00011660533578656854,0.0
0.00011661533538658455,0.016666666666666607
0.00011662533498660054,0.0
0.00011663533458661655,0.016666666666666607
0.00011664533418663254,0.016666666666666607
0.00011665533378664854,0.016666666666666607
0.00011666533338666454,0.0
0.00011667533298668054,0.0
0.00011668533258669654,0.016666666666666607
0.00011669533218671254,0.016666666666666607
0.00011670533178672853,0.016666666666666607
0.00011671533138674454,0.0
0.00011672533098676053,0.0
0.00011673533058677654,0.016666666666666607
0.00011674533018679253,0.0
0.00011675532978680853,0.0
0.00011676532938682454,0.0
0.00011677532898684053,0.0
0.00011678532858685654,-0.016666666666666607
0.00011679532818687253,0.0
0.00011680532778688852,0.0
0.00011681532738690453,0.0
0.00011682532698692053,0.0
0.00011683532658693653,0.016666666666666607
0.00011684532618695253,0.0
0.00011685532578696853,0.016666666666666607
0.00011686532538698453,0.0
0.00011687532498700052,0.016666666666666607
0.00011688532458701653,0.016666666666666607
0.00011689532418703252,0.0
0.00011690532378704853,0.016666666666666607
0.00011691532338706452,0.016666666666666607
0.00011692532298708052,0.0
0.00011693532258709653,0.0
0.00011694532218711252,0.0
0.00011695532178712853,0.0
0.00011696532138714452,0.0
0.00011697532098716051,0.016666666666666607
0.00011698532058717652,0.016666666666666607
0.00011699532018719252,0.016666666666666607
0.00011700531978720852,0.0
0.00011701531938722452,0.0
0.00011702531898724051,0.0
0.00011703531858725652,0.016666666666666607
0.00011704531818727251,0.0
0.00011705531778728852,0.0
0.00011706531738730451,0.0
0.00011707531698732052,0.0
0.00011708531658733651,0.0
0.00011709531618735251,0.0
0.00011710531578736852,0.0
0.00011711531538738451,0.016666666666666607
0.00011712531498740052,0.0
0.00011713531458741651,0.0
0.0001171453141874325,0.016666666666666607
0.00011715531378744851,0.0
0.0001171653133874645,0.016666666666666607
0.00011717531298748051,0.016666666666666607
0.0001171853125874965,0.0
0.0001171953121875125,0.0
0.00011720531178752851,0.0
0.0001172153113875445,0.0
0.00011722531098756051,0.016666666666666607
0.0001172353105875765,0.016666666666666607
0.0001172453101875925,0.0
0.0001172553097876085,0.016666666666666607
0.0001172653093876245,0.0
0.0001172753089876405,0.0
0.0001172853085876565,0.0
0.0001172953081876725,0.016666666666666607
0.0001173053077876885,0.0
0.0001173153073877045,0.0
0.0001173253069877205,0.0
0.0001173353065877365,0.0
0.0001173453061877525,0.0
0.0001173553057877685,0.0
0.00011736530538778449,0.016666666666666607
0.0001173753049878005,0.0
0.00011738530458781649,0.0
0.0001173953041878325,0.0
0.00011740530378784849,0.0
0.00011741530338786449,0.016666666666666607
0.0001174253029878805,0.016666666666666607
0.00011743530258789649,0.016666666666666607
0.0001174453021879125,0.016666666666666607
0.00011745530178792849,0.0
0.00011746530138794448,0.0
0.00011747530098796049,0.0
0.00011748530058797648,0.0
0.00011749530018799249,0.0
0.00011750529978800848,0.0
0.00011751529938802449,0.0
0.00011752529898804049,0.0
0.00011753529858805648,0.0
0.00011754529818807249,0.0
0.00011755529778808848,0.0
0.00011756529738810449,0.016666666666666607
0.00011757529698812048,0.0
0.00011758529658813648,0.0
0.00011759529618815248,0.0
0.00011760529578816848,0.0
0.00011761529538818448,0.016666666666666607
0.00011762529498820048,0.0
0.00011763529458821647,0.0
0.00011764529418823248,0.0
0.00011765529378824847,0.0
0.00011766529338826448,0.016666666666666607
0.00011767529298828047,0.0
0.00011768529258829647,0.0
0.00011769529218831248,0.016666666666666607
0.00011770529178832847,0.0
0.00011771529138834448,0.0
0.00011772529098836047,0.0
0.00011773529058837646,0.016666666666666607
0.00011774529018839247,0.0
0.00011775528978840847,0.0
0.00011776528938842447,0.0
0.00011777528898844047,0.0
0.00011778528858845647,0.0
0.00011779528818847247,0.0
0.00011780528778848846,0.0
0.00011781528738850447,0.016666666666666607
0.00011782528698852046,0.0
0.00011783528658853647,0.016666666666666607
0.00011784528618855246,0.0
0.00011785528578856846,0.016666666666666607
0.00011786528538858447,0.0
0.00011787528498860046,0.016666666666666607
0.00011788528458861647,0.016666666666666607
0.00011789528418863246,0.016666666666666607
0.00011790528378864845,0.0
0.00011791528338866446,0.0
0.00011792528298868046,0.016666666666666607
0.00011793528258869646,0.0
0.00011794528218871246,0.0
0.00011795528178872845,0.0
0.00011796528138874446,0.0
0.00011797528098876045,0.0
0.00011798528058877646,0.0
0.00011799528018879245,0.0
0.00011800527978880846,0.0
0.00011801527938882445,0.0
0.00011802527898884045,0.0
0.00011803527858885646,0.0
0.00011804527818887245,0.016666666666666607
0.00011805527778888846,0.0
0.00011806527738890445,0.016666666666666607
0.00011807527698892044,0.016666666666666607
0.00011808527658893645,0.0
0.00011809527618895245,0.0
0.00011810527578896845,0.0
0.00011811527538898445,0.016666666666666607
0.00011812527498900044,0.016666666666666607
0.00011813527458901645,0.016666666666666607
0.00011814527418903244,0.0
0.00011815527378904845,0.0
0.00011816527338906444,0.0
0.00011817527298908044,0.0
0.00011818527258909644,0.016666666666666607
0.00011819527218911244,0.016666666666666607
0.00011820527178912845,0.0
0.00011821527138914444,0.0
0.00011822527098916045,0.0
0.00011823527058917644,0.0
0.00011824527018919243,-0.016666666666666607
0.00011825526978920844,0.0
0.00011826526938922444,0.016666666666666607
0.00011827526898924044,0.0
0.00011828526858925644,0.0
0.00011829526818927243,0.0
0.00011830526778928844,0.0
0.00011831526738930443,0.016666666666666607
0.00011832526698932044,0.016666666666666607
0.00011833526658933643,0.0
0.00011834526618935243,0.016666666666666607
0.00011835526578936843,0.016666666666666607
0.00011836526538938443,0.0
0.00011837526498940044,0.016666666666666607
0.00011838526458941643,0.0
0.00011839526418943242,0.0
0.00011840526378944843,0.0
0.00011841526338946442,0.0
0.00011842526298948043,0.0
0.00011843526258949643,0.016666666666666607
0.00011844526218951243,0.016666666666666607
0.00011845526178952843,0.0
0.00011846526138954442,0.0
0.00011847526098956043,0.0
0.00011848526058957642,0.0
0.00011849526018959243,0.0
0.00011850525978960842,0.0
0.00011851525938962442,0.0
0.00011852525898964042,0.0
0.00011853525858965642,0.016666666666666607
0.00011854525818967243,0.016666666666666607
0.00011855525778968842,0.0
0.00011856525738970441,0.0
0.00011857525698972042,0.0
0.00011858525658973641,0.0
0.00011859525618975242,0.016666666666666607
0.00011860525578976842,0.0
0.00011861525538978441,0.0
0.00011862525498980042,0.0
0.00011863525458981641,0.016666666666666607
0.00011864525418983242,0.0
0.00011865525378984841,0.016666666666666607
0.0001186652533898644,0.0
0.00011867525298988041,0.0
0.0001186852525898964,0.0
0.00011869525218991241,0.016666666666666607
0.00011870525178992841,0.0
0.00011871525138994442,0.0
0.00011872525098996041,0.0
0.0001187352505899764,0.0
0.00011874525018999241,0.0
0.0001187552497900084,0.0
0.00011876524939002441,0.0
0.0001187752489900404,0.0
0.0001187852485900564,0.0
0.0001187952481900724,0.0
0.0001188052477900884,0.0
0.00011881524739010441,0.0
0.0001188252469901204,0.0
0.0001188352465901364,0.016666666666666607
0.0001188452461901524,0.0
0.0001188552457901684,0.016666666666666607
0.0001188652453901844,0.0
0.0001188752449902004,0.016666666666666607
0.00011888524459021639,0.0
0.0001188952441902324,0.0
0.00011890524379024839,0.0
0.0001189152433902644,0.0
0.0001189252429902804,0.0
0.0001189352425902964,0.016666666666666607
0.0001189452421903124,0.016666666666666607
0.00011895524179032839,0.0
0.0001189652413903444,0.0
0.00011897524099036039,0.016666666666666607
0.0001189852405903764,0.0
0.00011899524019039239,0.0
0.00011900523979040839,0.0
0.00011901523939042439,0.0
0.00011902523899044039,0.0
0.0001190352385904564,0.0
0.00011904523819047239,0.0
0.00011905523779048838,0.0
0.00011906523739050439,0.0
0.00011907523699052038,0.016666666666666607
0.00011908523659053639,0.0
0.00011909523619055238,0.0
0.00011910523579056838,0.0
0.00011911523539058438,0.0
0.00011912523499060038,0.0
0.00011913523459061639,0.0
0.00011914523419063238,0.0
0.00011915523379064839,0.0
0.00011916523339066438,0.0
0.00011917523299068037,0.016666666666666607
0.00011918523259069638,0.016666666666666607
0.00011919523219071238,0.0
0.00011920523179072838,0.0
0.00011921523139074438,0.0
0.00011922523099076037,0.016666666666666607
0.00011923523059077638,0.0
0.00011924523019079237,0.0
0.00011925522979080838,0.016666666666666607
0.00011926522939082437,0.0
0.00011927522899084037,0.0
0.00011928522859085637,0.0
0.00011929522819087237,0.0
0.00011930522779088838,0.0
0.00011931522739090437,0.0
0.00011932522699092036,0.0
0.00011933522659093637,0.016666666666666607
0.00011934522619095236,0.016666666666666607
0.00011935522579096837,0.0
0.00011936522539098437,0.016666666666666607
0.00011937522499100037,0.0
0.00011938522459101637,0.016666666666666607
0.00011939522419103236,0.016666666666666607
0.00011940522379104837,0.0
0.00011941522339106436,0.016666666666666607
0.00011942522299108037,0.0
0.00011943522259109636,0.0
0.00011944522219111236,0.0
0.00011945522179112836,0.016666666666666607
0.00011946522139114436,0.0
0.00011947522099116037,0.0
0.00011948522059117636,0.016666666666666607
0.00011949522019119235,0.0
0.00011950521979120836,0.0
0.00011951521939122435,0.0
0.00011952521899124036,0.0
0.00011953521859125636,0.016666666666666607
0.00011954521819127235,0.0
0.00011955521779128836,0.0
0.00011956521739130435,0.0
0.00011957521699132036,0.016666666666666607
0.00011958521659133635,0.016666666666666607
0.00011959521619135235,0.0
0.00011960521579136835,0.0
0.00011961521539138435,0.016666666666666607
0.00011962521499140035,0.016666666666666607
0.00011963521459141635,0.0
0.00011964521419143236,0.0
0.00011965521379144835,0.0
0.00011966521339146434,0.0
0.00011967521299148035,0.0
0.00011968521259149634,0.016666666666666607
0.00011969521219151235,0.0
0.00011970521179152835,0.0
0.00011971521139154434,0.0
0.00011972521099156035,0.0
0.00011973521059157634,0.0
0.00011974521019159235,0.016666666666666607
0.00011975520979160834,0.0
0.00011976520939162434,0.0
0.00011977520899164034,0.0
0.00011978520859165634,0.0
0.00011979520819167234,0.0
0.00011980520779168834,0.0
0.00011981520739170433,0.0
0.00011982520699172034,0.0
0.00011983520659173633,0.016666666666666607
0.00011984520619175234,0.0
0.00011985520579176833,0.0
0.00011986520539178434,0.0
0.00011987520499180034,0.0
0.00011988520459181633,0.0
0.00011989520419183234,0.016666666666666607
0.00011990520379184833,0.0
0.00011991520339186434,0.0
0.00011992520299188033,0.0
0.00011993520259189633,0.0
0.00011994520219191233,0.0
0.00011995520179192833,0.0
0.00011996520139194433,0.0
0.00011997520099196033,0.016666666666666607
0.00011998520059197632,0.0
0.00011999520019199233,0.0
0.00012000519979200832,0.0
0.00012001519939202433,0.0
0.00012002519899204032,0.0
0.00012003519859205632,0.0
0.00012004519819207233,0.0
0.00012005519779208832,0.0
0.00012006519739210433,0.0
0.00012007519699212032,0.0
0.00012008519659213633,0.0
0.00012009519619215232,0.016666666666666607
0.00012010519579216832,0.0
0.00012011519539218432,0.016666666666666607
0.00012012519499220032,0.0
0.00012013519459221632,0.0
0.00012014519419223232,0.0
0.00012015519379224831,0.0
0.00012016519339226432,0.0
0.00012017519299228031,0.0
0.00012018519259229632,0.016666666666666607
0.00012019519219231231,0.0
0.00012020519179232831,0.0
0.00012021519139234432,0.0
0.00012022519099236031,0.0
0.00012023519059237632,0.0
0.00012024519019239231,0.016666666666666607
0.0001202551897924083,0.0
0.00012026518939242431,0.016666666666666607
0.0001202751889924403,0.0
0.00012028518859245631,0.0
0.0001202951881924723,0.0
0.0001203051877924883,0.0
0.00012031518739250431,0.0
0.0001203251869925203,0.0
0.00012033518659253631,0.016666666666666607
0.0001203451861925523,0.016666666666666607
0.00012035518579256831,0.016666666666666607
0.0001203651853925843,0.0
0.0001203751849926003,0.0
0.0001203851845926163,0.0
0.0001203951841926323,0.0
0.0001204051837926483,0.0
0.0001204151833926643,0.016666666666666607
0.0001204251829926803,0.0
0.0001204351825926963,0.0
0.0001204451821927123,0.016666666666666607
0.0001204551817927283,0.016666666666666607
0.0001204651813927443,0.0
0.00012047518099276029,0.016666666666666607
0.0001204851805927763,0.0
0.00012049518019279229,0.016666666666666607
0.0001205051797928083,0.0
0.00012051517939282429,0.016666666666666607
0.00012052517899284029,0.016666666666666607
0.0001205351785928563,0.0
0.00012054517819287229,0.0
0.0001205551777928883,0.016666666666666607
0.00012056517739290429,0.0
0.0001205751769929203,0.0
0.00012058517659293629,0.0
0.00012059517619295228,0.0
0.00012060517579296829,-0.016666666666666607
0.00012061517539298429,0.0
0.00012062517499300029,0.0
0.00012063517459301629,0.016666666666666607
0.00012064517419303228,0.016666666666666607
0.00012065517379304829,0.016666666666666607
0.00012066517339306428,0.0
0.00012067517299308029,0.0
0.00012068517259309628,0.016666666666666607
0.00012069517219311228,0.0
0.00012070517179312828,0.016666666666666607
0.00012071517139314428,0.0
0.00012072517099316028,0.0
0.00012073517059317628,0.0
0.00012074517019319227,0.0
0.00012075516979320828,0.0
0.00012076516939322427,0.016666666666666607
0.00012077516899324028,0.016666666666666607
0.00012078516859325627,0.0
0.00012079516819327228,0.0
0.00012080516779328828,0.0
0.00012081516739330427,0.0
0.00012082516699332028,0.0
0.00012083516659333627,0.016666666666666607
0.00012084516619335228,0.0
0.00012085516579336827,0.016666666666666607
0.00012086516539338427,0.016666666666666607
0.00012087516499340027,0.0
0.00012088516459341627,0.0
0.00012089516419343227,0.0
0.00012090516379344827,0.0
0.00012091516339346426,0.016666666666666607
0.00012092516299348027,0.0
0.00012093516259349626,0.0
0.00012094516219351227,0.0
0.00012095516179352826,0.0
0.00012096516139354426,0.0
0.00012097516099356027,0.0
0.00012098516059357626,0.0
0.00012099516019359227,0.016666666666666607
0.00012100515979360826,0.0
0.00012101515939362427,0.0
0.00012102515899364026,0.0
0.00012103515859365626,0.016666666666666607
0.00012104515819367226,0.0
0.00012105515779368826,0.0
0.00012106515739370426,0.016666666666666607
0.00012107515699372026,0.016666666666666607
0.00012108515659373625,0.0
0.00012109515619375226,0.0
0.00012110515579376825,0.0
0.00012111515539378426,0.0
0.00012112515499380025,0.0
0.00012113515459381625,0.0
0.00012114515419383226,0.0
0.00012115515379384825,0.016666666666666607
0.00012116515339386426,0.0
0.00012117515299388025,0.0
0.00012118515259389624,0.0
0.00012119515219391225,0.0
0.00012120515179392825,0.0
0.00012121515139394425,0.0
0.00012122515099396025,0.0
0.00012123515059397624,0.0
0.00012124515019399225,0.0
0.00012125514979400824,0.0
0.00012126514939402425,0.016666666666666607
0.00012127514899404024,0.016666666666666607
0.00012128514859405625,0.0
0.00012129514819407224,0.0
0.00012130514779408824,0.0
0.00012131514739410425,0.0
0.00012132514699412024,0.0
0.00012133514659413625,0.016666666666666607
0.00012134514619415224,0.0
0.00012135514579416823,0.0
0.00012136514539418424,0.0
0.00012137514499420024,0.0
0.00012138514459421624,0.0
0.00012139514419423224,0.016666666666666607
0.00012140514379424823,0.0
0.00012141514339426424,0.0
0.00012142514299428023,0.0
0.00012143514259429624,0.0
0.00012144514219431223,0.0
0.00012145514179432823,0.0
0.00012146514139434423,0.0
0.00012147514099436023,0.016666666666666607
0.00012148514059437624,0.0
0.00012149514019439223,0.0
0.00012150513979440824,0.016666666666666607
0.00012151513939442423,0.0
0.00012152513899444022,0.016666666666666607
0.00012153513859445623,0.0
0.00012154513819447223,0.016666666666666607
0.00012155513779448823,0.016666666666666607
0.00012156513739450423,0.0
0.00012157513699452022,0.016666666666666607
0.00012158513659453623,0.0
0.00012159513619455222,0.016666666666666607
0.00012160513579456823,0.0
0.00012161513539458422,0.016666666666666607
0.00012162513499460022,0.0
0.00012163513459461622,0.0
0.00012164513419463222,0.0
0.00012165513379464823,0.016666666666666607
0.00012166513339466422,0.0
0.00012167513299468021,0.0
0.00012168513259469622,0.016666666666666607
0.00012169513219471221,0.0
0.00012170513179472822,0.0
0.00012171513139474422,0.0
0.00012172513099476022,0.016666666666666607
0.00012173513059477622,0.0
0.00012174513019479221,0.0
0.00012175512979480822,0.0
0.00012176512939482421,0.0
0.00012177512899484022,0.016666666666666607
0.00012178512859485621,0.016666666666666607
0.00012179512819487221,0.0
0.00012180512779488821,0.016666666666666607
0.00012181512739490421,0.016666666666666607
0.00012182512699492022,0.016666666666666607
0.00012183512659493621,0.016666666666666607
0.0001218451261949522,0.0
0.00012185512579496821,0.016666666666666607
0.0001218651253949842,0.0
0.00012187512499500021,0.016666666666666607
0.0001218851245950162,0.0
0.0001218951241950322,0.0
0.0001219051237950482,0.0
0.0001219151233950642,0.016666666666666607
0.00012192512299508021,0.0
0.0001219351225950962,0.0
0.00012194512219511221,0.0
0.0001219551217951282,0.0
0.0001219651213951442,0.0
0.0001219751209951602,0.016666666666666607
0.0001219851205951762,0.0
0.0001219951201951922,0.0
0.0001220051197952082,0.0
0.00012201511939522419,0.0
0.0001220251189952402,0.016666666666666607
0.0001220351185952562,0.0
0.0001220451181952722,0.016666666666666607
0.0001220551177952882,0.0
0.00012206511739530419,0.016666666666666607
0.0001220751169953202,0.0
0.0001220851165953362,0.016666666666666607
0.00012209511619535218,0.0
0.0001221051157953682,0.016666666666666607
0.0001221151153953842,0.0
0.0001221251149954002,0.0
0.0001221351145954162,0.0
0.00012214511419543218,0.0
0.0001221551137954482,0.0
0.0001221651133954642,0.0
0.0001221751129954802,0.0
0.00012218511259549618,0.0
0.00012219511219551218,0.0
0.0001222051117955282,0.0
0.0001222151113955442,0.0
0.00012222511099556019,0.0
0.00012223511059557618,0.0
0.00012224511019559217,0.016666666666666607
0.0001222551097956082,0.0
0.0001222651093956242,0.016666666666666607
0.00012227510899564018,0.0
0.00012228510859565618,0.0
0.00012229510819567217,0.0
0.0001223051077956882,0.016666666666666607
0.00012231510739570418,0.0
0.00012232510699572018,0.0
0.00012233510659573617,0.016666666666666607
0.00012234510619575217,0.0
0.00012235510579576819,0.0
0.00012236510539578418,0.016666666666666607
0.00012237510499580017,0.0
0.00012238510459581617,0.0
0.00012239510419583216,0.0
0.00012240510379584818,0.016666666666666607
0.00012241510339586418,0.016666666666666607
0.00012242510299588017,0.0
0.00012243510259589616,0.0
0.00012244510219591216,0.0
0.00012245510179592818,0.0
0.00012246510139594417,0.0
0.00012247510099596017,0.0
0.00012248510059597616,0.0
0.00012249510019599215,0.0
0.00012250509979600817,0.0
0.00012251509939602417,0.0
0.00012252509899604016,0.0
0.00012253509859605616,0.016666666666666607
0.00012254509819607218,0.0
0.00012255509779608817,0.0
0.00012256509739610416,0.0
0.00012257509699612016,0.016666666666666607
0.00012258509659613615,0.0
0.00012259509619615217,0.0
0.00012260509579616817,0.0
0.00012261509539618416,0.016666666666666607
0.00012262509499620015,0.0
0.00012263509459621615,0.0
0.00012264509419623217,0.0
0.00012265509379624816,0.016666666666666607
0.00012266509339626416,0.016666666666666607
0.00012267509299628015,0.0
0.00012268509259629614,0.0
0.00012269509219631217,0.0
0.00012270509179632816,0.016666666666666607
0.00012271509139634415,0.016666666666666607
0.00012272509099636015,0.0
0.00012273509059637614,0.016666666666666607
0.00012274509019639216,0.0
0.00012275508979640816,0.016666666666666607
0.00012276508939642415,0.016666666666666607
0.00012277508899644014,0.0
0.00012278508859645614,0.016666666666666607
0.00012279508819647216,0.0
0.00012280508779648815,0.016666666666666607
0.00012281508739650415,0.0
0.00012282508699652014,0.0
0.00012283508659653613,0.016666666666666607
0.00012284508619655215,0.016666666666666607
0.00012285508579656815,0.0
0.00012286508539658414,0.0
0.00012287508499660014,0.016666666666666607
0.00012288508459661613,0.0
0.00012289508419663215,0.0
0.00012290508379664814,0.0
0.00012291508339666414,0.016666666666666607
0.00012292508299668013,0.0
0.00012293508259669613,0.0
0.00012294508219671215,0.016666666666666607
0.00012295508179672814,0.0
0.00012296508139674413,0.0
0.00012297508099676013,0.0
0.00012298508059677612,0.0
0.00012299508019679214,0.0
0.00012300507979680814,0.016666666666666607
0.00012301507939682413,0.0
0.00012302507899684012,0.016666666666666607
0.00012303507859685615,0.0
0.00012304507819687214,0.0
0.00012305507779688813,0.016666666666666607
0.00012306507739690413,0.0
0.00012307507699692012,0.0
0.00012308507659693614,0.0
0.00012309507619695214,0.0
0.00012310507579696813,0.0
0.00012311507539698412,0.0
0.00012312507499700012,0.0
0.00012313507459701614,0.0
0.00012314507419703213,0.0
0.00012315507379704813,0.0
0.00012316507339706412,0.0
0.0001231750729970801,0.016666666666666607
0.00012318507259709613,0.0
0.00012319507219711213,0.016666666666666607
0.00012320507179712812,0.0
0.00012321507139714412,0.0
0.0001232250709971601,0.016666666666666607
0.00012323507059717613,0.016666666666666607
0.00012324507019719212,0.0
0.00012325506979720812,0.0
0.0001232650693972241,0.016666666666666607
0.0001232750689972401,0.0
0.00012328506859725613,0.0
0.00012329506819727212,0.0
0.00012330506779728811,0.0
0.0001233150673973041,0.0
0.0001233250669973201,0.0
0.00012333506659733612,0.0
0.00012334506619735212,0.016666666666666607
0.0001233550657973681,0.0
0.0001233650653973841,0.0
0.0001233750649974001,0.0
0.00012338506459741612,0.0
0.0001233950641974321,0.0
0.0001234050637974481,0.016666666666666607
0.0001234150633974641,0.0
0.0001234250629974801,0.016666666666666607
0.00012343506259749612,0.016666666666666607
0.0001234450621975121,0.016666666666666607
0.0001234550617975281,0.016666666666666607
0.0001234650613975441,0.0
0.00012347506099756012,0.0
0.0001234850605975761,0.0
0.0001234950601975921,0.0
0.0001235050597976081,0.0
0.0001235150593976241,0.0
0.00012352505899764011,0.0
0.0001235350585976561,0.0
0.0001235450581976721,0.0
0.0001235550577976881,0.0
0.0001235650573977041,0.0
0.0001235750569977201,0.0
0.0001235850565977361,0.0
0.0001235950561977521,0.016666666666666607
0.0001236050557977681,0.0
0.00012361505539778409,0.016666666666666607
0.0001236250549978001,0.0
0.0001236350545978161,0.016666666666666607
0.0001236450541978321,0.0
0.0001236550537978481,0.016666666666666607
0.00012366505339786408,0.0
0.0001236750529978801,0.0
0.0001236850525978961,0.0
0.0001236950521979121,0.0
0.00012370505179792808,0.0
0.00012371505139794408,0.0
0.0001237250509979601,0.0
0.0001237350505979761,0.016666666666666607
0.0001237450501979921,0.016666666666666607
0.00012375504979800808,0.016666666666666607
0.00012376504939802407,0.0
0.0001237750489980401,0.016666666666666607
0.0001237850485980561,0.016666666666666607
0.00012379504819807208,0.0
0.00012380504779808808,0.016666666666666607
0.00012381504739810407,0.0
0.0001238250469981201,0.0
0.00012383504659813609,0.0
0.00012384504619815208,0.0
0.00012385504579816807,0.016666666666666607
0.00012386504539818407,0.0
0.0001238750449982001,0.0
0.00012388504459821608,0.0
0.00012389504419823208,0.0
0.00012390504379824807,0.0
0.00012391504339826406,0.0
0.00012392504299828008,0.0
0.00012393504259829608,0.0
0.00012394504219831207,0.016666666666666607
0.00012395504179832807,0.016666666666666607
0.00012396504139834409,0.0
0.00012397504099836008,0.0
0.00012398504059837607,0.016666666666666607
0.00012399504019839207,0.0
0.00012400503979840806,0.0
0.00012401503939842408,0.0
0.00012402503899844008,0.0
0.00012403503859845607,0.0
0.00012404503819847206,0.0
0.00012405503779848806,0.0
0.00012406503739850408,0.0
0.00012407503699852007,0.016666666666666607
0.00012408503659853607,0.0
0.00012409503619855206,0.0
0.00012410503579856805,0.0
0.00012411503539858407,0.0
0.00012412503499860007,0.0
0.00012413503459861606,0.0
0.00012414503419863206,0.016666666666666607
0.00012415503379864805,0.0
0.00012416503339866407,0.0
0.00012417503299868006,0.016666666666666607
0.00012418503259869606,0.016666666666666607
0.00012419503219871205,0.0
0.00012420503179872805,0.0
0.00012421503139874407,0.0
0.00012422503099876006,0.0
0.00012423503059877605,0.016666666666666607
0.00012424503019879205,0.0
0.00012425502979880804,0.016666666666666607
0.00012426502939882406,0.0
0.00012427502899884006,0.0
0.00012428502859885605,0.0
0.00012429502819887205,0.0
0.00012430502779888804,0.016666666666666607
0.00012431502739890406,0.0
0.00012432502699892005,0.0
0.00012433502659893605,0.016666666666666607
0.00012434502619895204,0.0
0.00012435502579896804,0.0
0.00012436502539898406,0.0
0.00012437502499900005,0.0
0.00012438502459901604,0.016666666666666607
0.00012439502419903204,0.016666666666666607
0.00012440502379904806,0.0
0.00012441502339906405,0.016666666666666607
0.00012442502299908005,0.016666666666666607
0.00012443502259909604,0.016666666666666607
0.00012444502219911203,0.016666666666666607
0.00012445502179912805,0.0
0.00012446502139914405,0.0
0.00012447502099916004,0.016666666666666607
0.00012448502059917604,0.0
0.00012449502019919203,0.0
0.00012450501979920805,0.0
0.00012451501939922404,0.0
0.00012452501899924004,0.0
0.00012453501859925603,0.0
0.00012454501819927203,0.0
0.00012455501779928805,0.016666666666666607
0.00012456501739930404,0.0
0.00012457501699932003,0.0
0.00012458501659933603,0.0
0.00012459501619935202,0.016666666666666607
0.00012460501579936804,0.0
0.00012461501539938404,0.016666666666666607
0.00012462501499940003,0.016666666666666607
0.00012463501459941602,0.016666666666666607
0.00012464501419943202,0.0
0.00012465501379944804,0.0
0.00012466501339946403,0.0
0.00012467501299948003,0.0
0.00012468501259949602,0.0
0.00012469501219951201,0.016666666666666607
0.00012470501179952804,0.016666666666666607
0.00012471501139954403,0.0
0.00012472501099956002,0.0
0.00012473501059957602,0.0
0.000124745010199592,0.016666666666666607
0.00012475500979960803,0.016666666666666607
0.00012476500939962403,0.0
0.00012477500899964002,0.016666666666666607
0.000124785008599656,0.016666666666666607
0.000124795008199672,0.0
0.00012480500779968803,0.016666666666666607
0.00012481500739970402,0.0
0.00012482500699972002,0.0
0.000124835006599736,0.0
0.000124845006199752,0.016666666666666607
0.00012485500579976802,0.016666666666666607
0.00012486500539978402,0.0
0.0001248750049998,0.016666666666666607
0.000124885004599816,0.0
0.00012489500419983203,0.0
0.00012490500379984802,0.016666666666666607
0.00012491500339986401,0.016666666666666607
0.00012492500299988,0.0
0.000124935002599896,0.0
0.00012494500219991202,0.0
0.00012495500179992802,0.0
0.000124965001399944,0.0
0.00012497500099996,0.0
0.000124985000599976,0.0
0.00012499500019999202,0.016666666666666607
0.000125004999800008,0.0
0.000125014999400024,0.0
0.00012502499900004,0.0
0.000125034998600056,0.0
0.00012504499820007202,0.0
0.000125054997800088,0.016666666666666607
0.000125064997400104,0.0
0.00012507499700012,0.0
0.000125084996600136,0.0
0.000125094996200152,0.0
0.000125104995800168,0.0
0.000125114995400184,0.0
0.0001251249950002,0.0
0.000125134994600216,0.0
0.000125144994200232,0.0
0.000125154993800248,0.0
0.000125164993400264,0.0
0.00012517499300028,0.016666666666666607
0.00012518499260029598,0.016666666666666607
0.000125194992200312,0.016666666666666607
0.000125204991800328,0.0
0.000125214991400344,0.0
0.00012522499100035999,0.016666666666666607
0.00012523499060037598,0.0
0.000125244990200392,0.0
0.000125254989800408,0.016666666666666607
0.000125264989400424,0.016666666666666607
0.00012527498900043998,0.016666666666666607
0.00012528498860045598,0.0
0.000125294988200472,0.0
0.000125304987800488,0.016666666666666607
0.00012531498740050398,0.0
0.00012532498700051998,0.016666666666666607
0.000125334986600536,0.0
0.000125344986200552,0.0
0.000125354985800568,0.0
0.00012536498540058398,0.016666666666666607
0.00012537498500059997,0.0
0.000125384984600616,0.016666666666666607
0.000125394984200632,0.0
0.00012540498380064798,0.0
0.00012541498340066398,0.0
0.00012542498300067997,0.0
0.000125434982600696,0.0
0.00012544498220071199,0.016666666666666607
0.00012545498180072798,0.0
0.00012546498140074397,0.0
0.00012547498100075997,0.0
0.000125484980600776,0.0
0.00012549498020079198,0.0
0.00012550497980080798,0.0
0.00012551497940082397,0.016666666666666607
0.00012552497900083996,0.0
0.00012553497860085598,0.0
0.00012554497820087198,0.0
0.00012555497780088797,0.0
0.00012556497740090397,0.016666666666666607
0.00012557497700091996,0.0
0.00012558497660093598,0.016666666666666607
0.00012559497620095197,0.0
0.00012560497580096797,0.0
0.00012561497540098396,0.016666666666666607
0.00012562497500099996,0.0
0.00012563497460101598,0.016666666666666607
0.00012564497420103197,0.0
0.00012565497380104796,0.016666666666666607
0.00012566497340106396,0.0
0.00012567497300107995,0.0
0.00012568497260109597,0.0
0.00012569497220111197,0.0
0.00012570497180112796,0.016666666666666607
0.00012571497140114395,0.016666666666666607
0.00012572497100115995,0.0
0.00012573497060117597,0.0
0.00012574497020119196,0.0
0.00012575496980120796,0.0
0.00012576496940122395,0.0
0.00012577496900123994,0.016666666666666607
0.00012578496860125596,0.0
0.00012579496820127196,0.0
0.00012580496780128795,0.0
0.00012581496740130395,0.0
0.00012582496700131997,0.0
0.00012583496660133596,0.0
0.00012584496620135196,0.0
0.00012585496580136795,0.016666666666666607
0.00012586496540138394,0.0
0.00012587496500139996,0.0
0.00012588496460141596,0.0
0.00012589496420143195,0.0
0.00012590496380144795,0.0
0.00012591496340146394,0.0
0.00012592496300147996,0.0
0.00012593496260149595,0.0
0.00012594496220151195,0.0
0.00012595496180152794,0.0
0.00012596496140154394,0.016666666666666607
0.00012597496100155996,0.0
0.00012598496060157595,0.0
0.00012599496020159194,0.016666666666666607
0.00012600495980160794,0.0
0.00012601495940162393,0.016666666666666607
0.00012602495900163995,0.016666666666666607
0.00012603495860165595,0.016666666666666607
0.00012604495820167194,0.0
0.00012605495780168793,0.0
0.00012606495740170393,0.0
0.00012607495700171995,0.0
0.00012608495660173594,0.016666666666666607
0.00012609495620175194,0.0
0.00012610495580176793,0.0
0.00012611495540178392,0.0
0.00012612495500179994,0.0
0.00012613495460181594,0.0
0.00012614495420183193,0.016666666666666607
0.00012615495380184793,0.0
0.00012616495340186392,0.016666666666666607
0.00012617495300187994,0.0
0.00012618495260189593,0.0
0.00012619495220191193,0.016666666666666607
0.00012620495180192792,0.0
0.00012621495140194392,0.0
0.00012622495100195994,0.0
0.00012623495060197593,0.0
0.00012624495020199192,0.016666666666666607
0.00012625494980200792,0.0
0.00012626494940202394,0.0
0.00012627494900203993,0.0
0.00012628494860205593,0.016666666666666607
0.00012629494820207192,0.0
0.00012630494780208791,0.0
0.00012631494740210394,0.016666666666666607
0.00012632494700211993,0.016666666666666607
0.00012633494660213592,0.0
0.00012634494620215192,0.0
0.0001263549458021679,0.0
0.00012636494540218393,0.016666666666666607
0.00012637494500219993,0.016666666666666607
0.00012638494460221592,0.0
0.0001263949442022319,0.016666666666666607
0.0001264049438022479,0.0
0.00012641494340226393,0.0
0.00012642494300227992,0.0
0.00012643494260229592,0.016666666666666607
0.0001264449422023119,0.016666666666666607
0.0001264549418023279,0.016666666666666607
0.00012646494140234392,0.016666666666666607
0.00012647494100235992,0.0
0.0001264849406023759,0.0
0.0001264949402023919,0.0
0.0001265049398024079,0.0
0.00012651493940242392,0.0
0.00012652493900243991,0.0
0.0001265349386024559,0.016666666666666607
0.0001265449382024719,0.0
0.0001265549378024879,0.0
0.00012656493740250392,0.016666666666666607
0.0001265749370025199,0.0
0.0001265849366025359,0.016666666666666607
0.0001265949362025519,0.0
0.0001266049358025679,0.0
0.0001266149354025839,0.016666666666666607
0.0001266249350025999,0.0
0.0001266349346026159,0.0
0.0001266449342026319,0.0
0.0001266549338026479,0.0
0.0001266649334026639,0.0
0.0001266749330026799,0.0
0.0001266849326026959,0.0
0.0001266949322027119,0.0
0.00012670493180272788,0.0
0.0001267149314027439,0.0
0.0001267249310027599,0.0
0.0001267349306027759,0.0
0.0001267449302027919,0.0
0.0001267549298028079,0.0
0.0001267649294028239,0.0
0.0001267749290028399,0.0
0.0001267849286028559,0.0
0.00012679492820287188,0.0
0.0001268049278028879,0.0
0.0001268149274029039,0.0
0.0001268249270029199,0.0
0.00012683492660293589,0.0
0.00012684492620295188,0.0
0.0001268549258029679,0.0
0.0001268649254029839,0.0
0.0001268749250029999,0.0
0.00012688492460301588,0.0
0.00012689492420303188,0.0
0.0001269049238030479,0.0
0.0001269149234030639,0.0
0.00012692492300307988,0.0
0.00012693492260309588,0.016666666666666607
0.00012694492220311187,0.0
0.0001269549218031279,0.0
0.0001269649214031439,0.0
0.00012697492100315988,0.016666666666666607
0.00012698492060317587,0.0
0.00012699492020319187,0.016666666666666607
0.0001270049198032079,0.0
0.00012701491940322388,0.0
0.00012702491900323988,0.0
0.00012703491860325587,0.0
0.00012704491820327186,0.016666666666666607
0.00012705491780328789,0.016666666666666607
0.00012706491740330388,0.016666666666666607
0.00012707491700331987,0.0
0.00012708491660333587,0.0
0.00012709491620335186,0.0
0.00012710491580336788,0.0
0.00012711491540338388,0.016666666666666607
0.00012712491500339987,0.0
0.00012713491460341586,0.016666666666666607
0.00012714491420343186,0.0
0.00012715491380344788,0.0
0.00012716491340346387,0.016666666666666607
0.00012717491300347987,0.016666666666666607
0.00012718491260349586,0.016666666666666607
0.00012719491220351188,0.016666666666666607
0.00012720491180352787,0.0
0.00012721491140354387,0.0
0.00012722491100355986,0.0
0.00012723491060357586,0.0
0.00012724491020359188,0.0
0.00012725490980360787,0.0
0.00012726490940362386,0.0
0.00012727490900363986,0.0
0.00012728490860365585,0.016666666666666607
0.00012729490820367187,0.0
0.00012730490780368787,0.0
0.00012731490740370386,0.0
0.00012732490700371985,0.0
0.00012733490660373585,0.0
0.00012734490620375187,0.0
0.00012735490580376786,0.0
0.00012736490540378386,0.0
0.00012737490500379985,0.016666666666666607
0.00012738490460381584,0.016666666666666607
0.00012739490420383187,0.0
0.00012740490380384786,0.0
0.00012741490340386385,0.016666666666666607
0.00012742490300387985,0.016666666666666607
0.00012743490260389584,0.0
0.00012744490220391186,0.0
0.00012745490180392786,0.016666666666666607
0.00012746490140394385,0.0
0.00012747490100395984,0.016666666666666607
0.00012748490060397584,0.016666666666666607
0.00012749490020399186,0.0
0.00012750489980400785,0.0
0.00012751489940402385,0.0
0.00012752489900403984,0.0
0.00012753489860405583,0.0
0.00012754489820407185,0.0
0.00012755489780408785,0.0
0.00012756489740410384,0.0
0.00012757489700411984,0.0
0.00012758489660413583,0.0
0.00012759489620415185,0.0
0.00012760489580416784,0.0
0.00012761489540418384,0.0
0.00012762489500419983,0.016666666666666607
0.00012763489460421583,0.0
0.00012764489420423185,0.016666666666666607
0.00012765489380424784,0.016666666666666607
0.00012766489340426383,0.016666666666666607
0.00012767489300427983,0.016666666666666607
0.00012768489260429585,0.0
0.00012769489220431184,0.016666666666666607
0.00012770489180432784,0.016666666666666607
0.00012771489140434383,0.0
0.00012772489100435982,0.0
0.00012773489060437584,0.016666666666666607
0.00012774489020439184,0.0
0.00012775488980440783,0.0
0.00012776488940442383,0.0
0.00012777488900443982,0.0
0.00012778488860445584,0.0
0.00012779488820447183,0.0
0.00012780488780448783,0.0
0.00012781488740450382,0.0
0.00012782488700451982,0.0
0.00012783488660453584,0.0
0.00012784488620455183,0.0
0.00012785488580456782,0.0
0.00012786488540458382,0.016666666666666607
0.0001278748850045998,0.016666666666666607
0.00012788488460461583,0.0
0.00012789488420463183,0.0
0.00012790488380464782,0.0
0.00012791488340466381,0.016666666666666607
0.0001279248830046798,0.0
0.00012793488260469583,0.016666666666666607
0.00012794488220471182,0.0
0.00012795488180472782,0.0
0.0001279648814047438,0.016666666666666607
0.0001279748810047598,0.016666666666666607
0.00012798488060477583,0.0
0.00012799488020479182,0.0
0.0001280048798048078,0.0
0.0001280148794048238,0.0
0.0001280248790048398,0.016666666666666607
0.00012803487860485582,0.0
0.00012804487820487182,0.0
0.0001280548778048878,0.0
0.0001280648774049038,0.0
0.0001280748770049198,0.0
0.00012808487660493582,0.016666666666666607
0.0001280948762049518,0.0
0.0001281048758049678,0.0
0.0001281148754049838,0.016666666666666607
0.0001281248750049998,0.0
0.00012813487460501581,0.0
0.0001281448742050318,0.0
0.0001281548738050478,0.016666666666666607
0.0001281648734050638,0.0
0.00012817487300507982,0.0
0.0001281848726050958,0.016666666666666607
0.0001281948722051118,0.0
0.0001282048718051278,0.0
0.0001282148714051438,0.0
0.0001282248710051598,0.0
0.0001282348706051758,0.016666666666666607
0.0001282448702051918,0.0
0.0001282548698052078,0.0
0.0001282648694052238,0.0
0.0001282748690052398,0.0
0.0001282848686052558,0.0
0.0001282948682052718,0.0
0.0001283048678052878,0.0
0.00012831486740530378,0.0
0.0001283248670053198,0.0
0.0001283348666053358,0.0
0.0001283448662053518,0.0
0.0001283548658053678,0.016666666666666607
0.00012836486540538378,0.0
0.0001283748650053998,0.0
0.0001283848646054158,0.016666666666666607
0.0001283948642054318,0.0
0.00012840486380544778,0.0
0.00012841486340546378,0.016666666666666607
0.0001284248630054798,0.016666666666666607
0.0001284348626054958,0.0
0.00012844486220551179,0.0
0.00012845486180552778,0.016666666666666607
0.00012846486140554377,0.016666666666666607
0.0001284748610055598,0.0
0.0001284848606055758,0.0
0.00012849486020559178,0.0
0.00012850485980560778,0.0
0.00012851485940562377,0.016666666666666607
0.0001285248590056398,0.0
0.00012853485860565578,0.016666666666666607
0.00012854485820567178,0.0
0.00012855485780568777,0.016666666666666607
0.00012856485740570377,0.0
0.0001285748570057198,0.0
0.00012858485660573578,0.016666666666666607
0.00012859485620575177,0.0
0.00012860485580576777,0.0
0.0001286148554057838,0.0
0.00012862485500579978,0.0
0.00012863485460581578,0.0
0.00012864485420583177,0.0
0.00012865485380584776,0.0
0.00012866485340586379,0.0
0.00012867485300587978,0.016666666666666607
0.00012868485260589577,0.016666666666666607
0.00012869485220591177,0.0
0.00012870485180592776,0.016666666666666607
0.00012871485140594378,0.016666666666666607
0.00012872485100595978,0.016666666666666607
0.00012873485060597577,0.016666666666666607
0.00012874485020599176,0.016666666666666607
0.00012875484980600776,0.016666666666666607
0.00012876484940602378,0.016666666666666607
0.00012877484900603977,0.0
0.00012878484860605577,0.0
0.00012879484820607176,0.0
0.00012880484780608775,0.016666666666666607
0.00012881484740610377,0.0
0.00012882484700611977,0.0
0.00012883484660613576,0.0
0.00012884484620615176,0.0
0.00012885484580616775,0.0
0.00012886484540618377,0.0
0.00012887484500619976,0.0
0.00012888484460621576,0.0
0.00012889484420623175,0.0
0.00012890484380624775,0.016666666666666607
0.00012891484340626377,0.016666666666666607
0.00012892484300627976,0.033333333333333215
0.00012893484260629575,0.016666666666666607
0.00012894484220631175,0.016666666666666607
0.00012895484180632774,0.033333333333333215
0.00012896484140634376,0.016666666666666607
0.00012897484100635976,0.033333333333333215
0.00012898484060637575,0.016666666666666607
0.00012899484020639174,0.0
0.00012900483980640774,0.0
0.00012901483940642376,-0.016666666666666607
0.00012902483900643975,-0.016666666666666607
0.00012903483860645575,-0.016666666666666607
0.00012904483820647174,-0.016666666666666607
0.00012905483780648773,-0.016666666666666607
0.00012906483740650376,-0.033333333333333215
0.00012907483700651975,-0.016666666666666607
0.00012908483660653574,-0.016666666666666607
0.00012909483620655174,0.0
0.00012910483580656776,0.0
0.00012911483540658375,0.0
0.00012912483500659975,0.016666666666666607
0.00012913483460661574,0.016666666666666607
0.00012914483420663173,0.016666666666666607
0.00012915483380664775,0.016666666666666607
0.00012916483340666375,0.016666666666666607
0.00012917483300667974,0.016666666666666607
0.00012918483260669574,0.016666666666666607
0.00012919483220671173,0.016666666666666607
0.00012920483180672775,0.016666666666666607
0.00012921483140674374,0.016666666666666607
0.00012922483100675974,0.016666666666666607
0.00012923483060677573,0.0
0.00012924483020679173,0.0
0.00012925482980680775,0.0
0.00012926482940682374,0.0
0.00012927482900683973,0.016666666666666607
0.00012928482860685573,0.0
0.00012929482820687172,0.0
0.00012930482780688774,0.0
0.00012931482740690374,0.0
0.00012932482700691973,0.0
0.00012933482660693572,0.0
0.00012934482620695172,0.0
0.00012935482580696774,0.0
0.00012936482540698373,0.0
0.00012937482500699973,0.0
0.00012938482460701572,0.0
0.00012939482420703171,0.0
0.00012940482380704773,0.016666666666666607
0.00012941482340706373,0.0
0.00012942482300707972,0.0
0.00012943482260709572,0.016666666666666607
0.0001294448222071117,0.0
0.00012945482180712773,0.016666666666666607
0.00012946482140714372,0.016666666666666607
0.00012947482100715972,0.033333333333333215
0.0001294848206071757,0.016666666666666607
0.0001294948202071917,0.016666666666666607
0.00012950481980720773,0.016666666666666607
0.00012951481940722372,0.016666666666666607
0.00012952481900723971,0.0
0.0001295348186072557,0.0
0.00012954481820727173,0.016666666666666607
0.00012955481780728772,0.0
0.00012956481740730372,0.0
0.0001295748170073197,0.0
0.0001295848166073357,0.0
0.00012959481620735173,0.0
0.00012960481580736772,0.0
0.0001296148154073837,0.0
0.0001296248150073997,-0.016666666666666607
0.0001296348146074157,0.0
0.00012964481420743172,0.0
0.00012965481380744772,0.0
0.0001296648134074637,0.0
0.0001296748130074797,0.0
0.0001296848126074957,0.0
0.00012969481220751172,0.0
0.0001297048118075277,0.016666666666666607
0.0001297148114075437,0.0
0.0001297248110075597,0.016666666666666607
0.0001297348106075757,0.016666666666666607
0.00012974481020759171,0.0
0.0001297548098076077,0.016666666666666607
0.0001297648094076237,0.0
0.0001297748090076397,0.016666666666666607
0.0001297848086076557,0.0
0.0001297948082076717,0.016666666666666607
0.0001298048078076877,0.0
0.0001298148074077037,0.016666666666666607
0.0001298248070077197,0.0
0.00012983480660773569,0.0
0.0001298448062077517,0.0
0.0001298548058077677,0.0
0.0001298648054077837,0.0
0.0001298748050077997,0.0
0.00012988480460781568,0.0
0.0001298948042078317,-0.016666666666666607
0.0001299048038078477,0.0
0.0001299148034078637,0.0
0.00012992480300787968,0.0
0.00012993480260789568,0.0
0.0001299448022079117,0.0
0.0001299548018079277,0.0
0.0001299648014079437,-0.016666666666666607
0.00012997480100795968,0.0
0.00012998480060797567,0.0
0.0001299948002079917,0.016666666666666607
0.0001300047998080077,0.0
0.00013001479940802368,0.0
0.00013002479900803968,0.0
0.0001300347986080557,0.016666666666666607
0.0001300447982080717,0.0
0.00013005479780808769,0.016666666666666607
0.00013006479740810368,0.016666666666666607
0.00013007479700811967,0.0
0.0001300847966081357,0.016666666666666607
0.0001300947962081517,0.0
0.00013010479580816768,0.0
0.00013011479540818368,0.0
0.00013012479500819967,0.0
0.0001301347946082157,0.016666666666666607
0.00013014479420823168,0.0
0.00013015479380824768,0.0
0.00013016479340826367,0.0
0.00013017479300827967,0.0
0.0001301847926082957,-0.016666666666666607
0.00013019479220831168,0.0
0.00013020479180832767,0.0
0.00013021479140834367,0.0
0.00013022479100835966,-0.016666666666666607
0.00013023479060837568,0.0
0.00013024479020839168,0.0
0.00013025478980840767,0.0
0.00013026478940842366,0.0
0.00013027478900843966,0.0
0.00013028478860845568,0.016666666666666607
0.00013029478820847167,0.0
0.00013030478780848767,0.0
0.00013031478740850366,0.0
0.00013032478700851965,0.0
0.00013033478660853568,0.016666666666666607
0.00013034478620855167,0.0
0.00013035478580856766,0.0
0.00013036478540858366,0.0
0.00013037478500859965,0.0
0.00013038478460861567,0.0
0.00013039478420863167,0.0
0.00013040478380864766,0.0
0.00013041478340866365,0.0
0.00013042478300867965,0.0
0.00013043478260869567,0.0
0.00013044478220871166,0.0
0.00013045478180872766,0.0
0.00013046478140874365,0.0
0.00013047478100875967,0.0
0.00013048478060877566,0.0
0.00013049478020879166,0.0
0.00013050477980880765,0.0
0.00013051477940882365,0.0
0.00013052477900883967,0.016666666666666607
0.00013053477860885566,0.0
0.00013054477820887165,0.0
0.00013055477780888765,0.0
0.00013056477740890364,0.016666666666666607
0.00013057477700891966,0.016666666666666607
0.00013058477660893566,0.0
0.00013059477620895165,0.0
0.00013060477580896764,0.0
0.00013061477540898364,0.0
0.00013062477500899966,0.0
0.00013063477460901565,0.0
0.00013064477420903165,0.0
0.00013065477380904764,0.0
0.00013066477340906363,0.0
0.00013067477300907966,0.0
0.00013068477260909565,0.0
0.00013069477220911164,0.0
0.00013070477180912764,0.0
0.00013071477140914363,0.016666666666666607
0.00013072477100915965,0.033333333333333215
0.00013073477060917565,0.016666666666666607
0.00013074477020919164,0.0
0.00013075476980920763,-0.016666666666666607
0.00013076476940922363,0.0
0.00013077476900923965,0.016666666666666607
0.00013078476860925564,0.0
0.00013079476820927164,0.016666666666666607
0.00013080476780928763,0.0
0.00013081476740930362,-0.016666666666666607
0.00013082476700931964,0.0
0.00013083476660933564,0.016666666666666607
0.00013084476620935163,0.0
0.00013085476580936763,0.016666666666666607
0.00013086476540938362,0.016666666666666607
0.00013087476500939964,0.0
0.00013088476460941563,0.0
0.00013089476420943163,0.0
0.00013090476380944762,0.0
0.00013091476340946362,0.016666666666666607
0.00013092476300947964,0.0
0.00013093476260949563,0.016666666666666607
0.00013094476220951162,0.016666666666666607
0.00013095476180952762,0.0
0.00013096476140954364,0.0
0.00013097476100955963,0.016666666666666607
0.00013098476060957563,0.0
0.00013099476020959162,0.0
0.00013100475980960761,0.0
0.00013101475940962363,-0.016666666666666607
0.00013102475900963963,0.0
0.00013103475860965562,0.0
0.00013104475820967162,0.0
0.0001310547578096876,0.0
0.00013106475740970363,0.0
0.00013107475700971962,0.0
0.00013108475660973562,0.0
0.0001310947562097516,0.0
0.0001311047558097676,0.016666666666666607
0.00013111475540978363,0.016666666666666607
0.00013112475500979962,0.016666666666666607
0.00013113475460981561,0.0
0.0001311447542098316,0.016666666666666607
0.0001311547538098476,0.0
0.00013116475340986362,0.016666666666666607
0.00013117475300987962,0.0
0.0001311847526098956,0.0
0.0001311947522099116,0.0
0.0001312047518099276,-0.016666666666666607
0.00013121475140994362,-0.016666666666666607
0.00013122475100995961,0.0
0.0001312347506099756,0.0
0.0001312447502099916,0.0
0.0001312547498100076,0.0
0.00013126474941002362,0.0
0.0001312747490100396,0.0
0.0001312847486100556,0.0
0.0001312947482100716,0.0
0.0001313047478100876,0.0
0.0001313147474101036,0.0
0.0001313247470101196,0.0
0.0001313347466101356,0.016666666666666607
0.0001313447462101516,0.016666666666666607
0.0001313547458101676,0.016666666666666607
0.0001313647454101836,0.016666666666666607
0.0001313747450101996,0.0
0.0001313847446102156,0.0
0.0001313947442102316,0.016666666666666607
0.0001314047438102476,0.016666666666666607
0.0001314147434102636,0.016666666666666607
0.0001314247430102796,0.0
0.0001314347426102956,0.0
0.00013144474221031159,0.0
0.0001314547418103276,0.0
0.0001314647414103436,0.0
0.0001314747410103596,0.0
0.0001314847406103756,0.016666666666666607
0.00013149474021039158,0.0
0.0001315047398104076,0.0
0.0001315147394104236,0.0
0.0001315247390104396,0.0
0.00013153473861045558,0.0
0.00013154473821047158,0.0
0.0001315547378104876,0.0
0.0001315647374105036,0.0
0.0001315747370105196,0.0
0.00013158473661053558,0.0
0.00013159473621055157,0.016666666666666607
0.0001316047358105676,0.0
0.0001316147354105836,0.0
0.00013162473501059958,0.016666666666666607
0.00013163473461061558,0.016666666666666607
0.00013164473421063157,0.0
0.0001316547338106476,0.016666666666666607
0.00013166473341066359,0.0
0.00013167473301067958,0.0
0.00013168473261069557,0.016666666666666607
0.00013169473221071157,0.016666666666666607
0.0001317047318107276,0.0
0.00013171473141074358,0.0
0.00013172473101075958,0.0
0.00013173473061077557,0.0
0.00013174473021079156,-0.016666666666666607
0.00013175472981080758,0.0
0.00013176472941082358,-0.016666666666666607
0.00013177472901083957,0.0
0.00013178472861085557,0.0
0.00013179472821087156,0.0
0.00013180472781088758,0.0
0.00013181472741090357,0.016666666666666607
0.00013182472701091957,0.0
0.00013183472661093556,0.016666666666666607
0.00013184472621095156,0.016666666666666607
0.00013185472581096758,0.016666666666666607
0.00013186472541098357,0.0
0.00013187472501099956,0.016666666666666607
0.00013188472461101556,0.016666666666666607
0.00013189472421103158,0.016666666666666607
0.00013190472381104757,0.016666666666666607
0.00013191472341106357,0.0
0.00013192472301107956,0.0
0.00013193472261109555,0.0
0.00013194472221111158,0.0
0.00013195472181112757,0.0
0.00013196472141114356,0.0
0.00013197472101115956,0.0
0.00013198472061117555,0.0
0.00013199472021119157,0.0
0.00013200471981120757,0.0
0.00013201471941122356,0.0
0.00013202471901123955,0.0
0.00013203471861125555,0.0
0.00013204471821127157,0.0
0.00013205471781128756,0.0
0.00013206471741130356,0.0
0.00013207471701131955,0.016666666666666607
0.00013208471661133554,0.016666666666666607
0.00013209471621135156,0.0
0.00013210471581136756,0.0
0.00013211471541138355,0.016666666666666607
0.00013212471501139955,0.016666666666666607
0.00013213471461141554,0.0
0.00013214471421143156,0.016666666666666607
0.00013215471381144755,0.0
0.00013216471341146355,0.0
0.00013217471301147954,0.0
0.00013218471261149554,0.0
0.00013219471221151156,0.0
0.00013220471181152755,0.0
0.00013221471141154354,0.0
0.00013222471101155954,0.0
0.00013223471061157553,0.0
0.00013224471021159155,0.0
0.00013225470981160755,0.0
0.00013226470941162354,0.0
0.00013227470901163953,0.0
0.00013228470861165553,0.0
0.00013229470821167155,0.016666666666666607
0.00013230470781168754,0.0
0.00013231470741170354,0.0
0.00013232470701171953,0.016666666666666607
0.00013233470661173555,0.0
0.00013234470621175155,0.0
0.00013235470581176754,0.0
0.00013236470541178353,0.0
0.00013237470501179953,0.0
0.00013238470461181555,0.0
0.00013239470421183154,0.016666666666666607
0.00013240470381184754,0.0
0.00013241470341186353,0.016666666666666607
0.00013242470301187952,0.0
0.00013243470261189554,0.0
0.00013244470221191154,0.0
0.00013245470181192753,0.0
0.00013246470141194353,0.0
0.00013247470101195952,0.0
0.00013248470061197554,0.0
0.00013249470021199153,0.016666666666666607
0.00013250469981200753,0.0
0.00013251469941202352,0.0
0.00013252469901203952,0.016666666666666607
0.00013253469861205554,0.016666666666666607
0.00013254469821207153,0.0
0.00013255469781208752,0.0
0.00013256469741210352,0.0
0.0001325746970121195,0.016666666666666607
0.00013258469661213553,0.0
0.00013259469621215153,0.0
0.00013260469581216752,0.0
0.00013261469541218351,0.016666666666666607
0.0001326246950121995,0.0
0.00013263469461221553,0.0
0.00013264469421223152,0.0
0.00013265469381224752,0.016666666666666607
0.0001326646934122635,0.0
0.0001326746930122795,0.0
0.00013268469261229552,0.0
0.00013269469221231152,0.0
0.0001327046918123275,0.0
0.0001327146914123435,0.0
0.0001327246910123595,0.0
0.00013273469061237552,0.0
0.00013274469021239152,0.016666666666666607
0.0001327546898124075,0.0
0.0001327646894124235,0.0
0.0001327746890124395,0.0
0.00013278468861245552,0.016666666666666607
0.0001327946882124715,0.0
0.0001328046878124875,0.016666666666666607
0.0001328146874125035,0.016666666666666607
0.00013282468701251952,0.0
0.00013283468661253551,0.0
0.0001328446862125515,0.0
0.0001328546858125675,0.0
0.0001328646854125835,0.0
0.00013287468501259952,0.0
0.0001328846846126155,0.0
0.0001328946842126315,0.0
0.0001329046838126475,0.0
0.0001329146834126635,0.0
0.0001329246830126795,0.0
0.0001329346826126955,0.0
0.0001329446822127115,0.016666666666666607
0.0001329546818127275,0.0
0.0001329646814127435,0.0
0.0001329746810127595,0.016666666666666607
0.0001329846806127755,0.0
0.0001329946802127915,0.0
0.0001330046798128075,0.0
0.00013301467941282348,0.0
0.0001330246790128395,0.0
0.0001330346786128555,0.016666666666666607
0.0001330446782128715,0.0
0.00013305467781288749,0.0
0.00013306467741290348,0.0
0.0001330746770129195,0.016666666666666607
0.0001330846766129355,0.0
0.0001330946762129515,0.0
0.00013310467581296748,0.016666666666666607
0.00013311467541298348,0.0
0.0001331246750129995,0.0
0.0001331346746130155,0.0
0.00013314467421303148,0.0
0.00013315467381304748,0.0
0.00013316467341306347,0.0
0.0001331746730130795,0.0
0.0001331846726130955,0.0
0.00013319467221311148,0.0
0.00013320467181312747,0.0
0.00013321467141314347,0.016666666666666607
0.0001332246710131595,0.0
0.00013323467061317548,0.0
0.00013324467021319148,0.016666666666666607
0.00013325466981320747,0.0
0.0001332646694132235,0.0
0.00013327466901323949,0.016666666666666607
0.00013328466861325548,0.016666666666666607
0.00013329466821327147,0.0
0.00013330466781328747,0.0
0.0001333146674133035,0.016666666666666607
0.00013332466701331948,0.0
0.00013333466661333548,0.016666666666666607
0.00013334466621335147,0.0
0.00013335466581336746,0.0
0.00013336466541338348,0.0
0.00013337466501339948,0.016666666666666607
0.00013338466461341547,0.0
0.00013339466421343147,0.0
0.00013340466381344746,0.0
0.00013341466341346348,0.0
0.00013342466301347947,0.0
0.00013343466261349547,0.0
0.00013344466221351146,0.0
0.00013345466181352746,0.0
0.00013346466141354348,0.0
0.00013347466101355947,0.0
0.00013348466061357546,0.0
0.00013349466021359146,0.0
0.00013350465981360745,0.0
0.00013351465941362347,0.0
0.00013352465901363947,0.0
0.00013353465861365546,0.0
0.00013354465821367145,0.016666666666666607
0.00013355465781368745,0.016666666666666607
0.00013356465741370347,0.0
0.00013357465701371946,0.016666666666666607
0.00013358465661373546,0.0
0.00013359465621375145,0.0
0.00013360465581376744,0.016666666666666607
0.00013361465541378347,0.0
0.00013362465501379946,0.0
0.00013363465461381545,0.0
0.00013364465421383145,0.0
0.00013365465381384744,0.0
0.00013366465341386346,0.0
0.00013367465301387946,0.0
0.00013368465261389545,0.0
0.00013369465221391144,0.0
0.00013370465181392744,0.016666666666666607
0.00013371465141394346,0.0
0.00013372465101395945,0.0
0.00013373465061397545,0.016666666666666607
0.00013374465021399144,0.0
0.00013375464981400746,0.0
0.00013376464941402345,0.0
0.00013377464901403945,0.016666666666666607
0.00013378464861405544,0.0
0.00013379464821407144,0.016666666666666607
0.00013380464781408746,0.0
0.00013381464741410345,0.0
0.00013382464701411944,0.0
0.00013383464661413544,0.0
0.00013384464621415143,0.0
0.00013385464581416745,0.0
0.00013386464541418345,0.0
0.00013387464501419944,0.0
0.00013388464461421543,0.0
0.00013389464421423143,0.0
0.00013390464381424745,0.0
0.00013391464341426344,0.0
0.00013392464301427944,0.0
0.00013393464261429543,0.0
0.00013394464221431142,0.0
0.00013395464181432745,0.0
0.00013396464141434344,0.0
0.00013397464101435943,0.0
0.00013398464061437543,0.0
0.00013399464021439142,0.016666666666666607
0.00013400463981440744,0.0
0.00013401463941442344,0.0
0.00013402463901443943,0.0
0.00013403463861445542,0.0
0.00013404463821447142,0.0
0.00013405463781448744,0.016666666666666607
0.00013406463741450343,0.0
0.00013407463701451943,0.0
0.00013408463661453542,0.0
0.0001340946362145514,0.0
0.00013410463581456743,0.0
0.00013411463541458343,0.016666666666666607
0.00013412463501459942,0.0
0.00013413463461461542,0.0
0.0001341446342146314,0.0
0.00013415463381464743,0.0
0.00013416463341466342,0.0
0.00013417463301467942,0.0
0.0001341846326146954,0.0
0.00013419463221471143,0.0
0.00013420463181472743,0.016666666666666607
0.00013421463141474342,0.0
0.00013422463101475941,0.0
0.0001342346306147754,0.0
0.00013424463021479143,0.0
0.00013425462981480742,0.0
0.00013426462941482342,0.0
0.0001342746290148394,0.016666666666666607
0.0001342846286148554,0.016666666666666607
0.00013429462821487142,0.0
0.00013430462781488742,0.0
0.0001343146274149034,0.0
0.0001343246270149194,0.016666666666666607
0.0001343346266149354,0.0
0.00013434462621495142,0.0
0.00013435462581496742,0.016666666666666607
0.0001343646254149834,0.0
0.0001343746250149994,0.016666666666666607
0.0001343846246150154,0.0
0.00013439462421503142,0.0
0.0001344046238150474,0.016666666666666607
0.0001344146234150634,0.0
0.0001344246230150794,0.0
0.0001344346226150954,0.016666666666666607
0.00013444462221511141,0.016666666666666607
0.0001344546218151274,0.0
0.0001344646214151434,0.0
0.0001344746210151594,0.0
0.0001344846206151754,0.0
0.0001344946202151914,0.0
0.0001345046198152074,0.0
0.0001345146194152234,0.0
0.0001345246190152394,0.016666666666666607
0.00013453461861525539,0.0
0.0001345446182152714,0.0
0.0001345546178152874,0.0
0.0001345646174153034,0.0
0.0001345746170153194,0.0
0.00013458461661533538,0.0
0.0001345946162153514,0.0
0.0001346046158153674,0.016666666666666607
0.0001346146154153834,0.0
0.00013462461501539938,0.0
0.00013463461461541538,0.0
0.0001346446142154314,0.016666666666666607
0.0001346546138154474,0.016666666666666607
0.00013466461341546339,0.0
0.00013467461301547938,0.0
0.0001346846126154954,0.016666666666666607
0.0001346946122155114,0.0
0.0001347046118155274,0.0
0.00013471461141554338,0.0
0.00013472461101555938,0.0
0.0001347346106155754,0.016666666666666607
0.0001347446102155914,0.0
0.00013475460981560738,0.0
0.00013476460941562338,0.0
0.00013477460901563937,0.016666666666666607
0.0001347846086156554,0.0
0.0001347946082156714,0.0
0.00013480460781568738,0.0
0.00013481460741570337,0.016666666666666607
0.00013482460701571937,0.0
0.0001348346066157354,0.0
0.00013484460621575138,0.0
0.00013485460581576738,0.0
0.00013486460541578337,0.0
0.00013487460501579936,0.0
0.00013488460461581539,0.0
0.00013489460421583138,0.0
0.00013490460381584737,0.016666666666666607
0.00013491460341586337,0.0
0.00013492460301587936,0.0
0.00013493460261589538,0.016666666666666607
0.00013494460221591138,0.0
0.00013495460181592737,0.0
0.00013496460141594336,0.0
0.00013497460101595936,0.0
0.00013498460061597538,0.0
0.00013499460021599137,0.0
0.00013500459981600737,0.0
0.00013501459941602336,0.0
0.00013502459901603935,0.0
0.00013503459861605537,0.0
0.00013504459821607137,0.016666666666666607
0.00013505459781608736,0.016666666666666607
0.00013506459741610336,0.0
0.00013507459701611935,0.0
0.00013508459661613537,0.0
0.00013509459621615136,0.0
0.00013510459581616736,0.0
0.00013511459541618335,0.016666666666666607
0.00013512459501619935,0.016666666666666607
0.00013513459461621537,0.0
0.00013514459421623136,-0.016666666666666607
0.00013515459381624735,0.0
0.00013516459341626335,0.0
0.00013517459301627937,0.0
0.00013518459261629536,0.0
0.00013519459221631136,0.016666666666666607
0.00013520459181632735,0.016666666666666607
0.00013521459141634334,0.0
0.00013522459101635937,0.0
0.00013523459061637536,0.0
0.00013524459021639135,0.016666666666666607
0.00013525458981640735,0.016666666666666607
0.00013526458941642334,0.016666666666666607
0.00013527458901643936,0.0
0.00013528458861645536,0.016666666666666607
0.00013529458821647135,0.0
0.00013530458781648734,0.0
0.00013531458741650334,0.0
0.00013532458701651936,0.0
0.00013533458661653535,0.0
0.00013534458621655135,0.016666666666666607
0.00013535458581656734,0.0
0.00013536458541658333,0.0
0.00013537458501659935,0.016666666666666607
0.00013538458461661535,0.0
0.00013539458421663134,0.0
0.00013540458381664734,0.016666666666666607
0.00013541458341666333,0.016666666666666607
0.00013542458301667935,0.0
0.00013543458261669534,0.016666666666666607
0.00013544458221671134,0.0
0.00013545458181672733,0.0
0.00013546458141674333,0.0
0.00013547458101675935,0.0
0.00013548458061677534,0.0
0.00013549458021679133,0.0
0.00013550457981680733,0.0
0.00013551457941682332,0.0
0.00013552457901683934,0.0
0.00013553457861685534,0.0
0.00013554457821687133,0.0
0.00013555457781688732,0.016666666666666607
0.00013556457741690332,0.0
0.00013557457701691934,0.0
0.00013558457661693533,0.0
0.00013559457621695133,0.0
0.00013560457581696732,0.0
0.00013561457541698334,0.0
0.00013562457501699934,0.016666666666666607
0.00013563457461701533,0.0
0.00013564457421703132,0.0
0.00013565457381704732,0.0
0.00013566457341706334,0.0
0.00013567457301707933,0.0
0.00013568457261709533,0.0
0.00013569457221711132,0.016666666666666607
0.0001357045718171273,0.0
0.00013571457141714333,0.0
0.00013572457101715933,0.0
0.00013573457061717532,0.0
0.00013574457021719132,0.0
0.0001357545698172073,0.0
0.00013576456941722333,0.0
0.00013577456901723932,0.0
0.00013578456861725532,0.0
0.0001357945682172713,0.0
0.0001358045678172873,0.0
0.00013581456741730333,0.016666666666666607
0.00013582456701731932,0.0
0.00013583456661733531,0.0
0.0001358445662173513,0.016666666666666607
0.0001358545658173673,0.0
0.00013586456541738332,0.0
0.00013587456501739932,0.016666666666666607
0.0001358845646174153,0.016666666666666607
0.0001358945642174313,0.016666666666666607
0.0001359045638174473,0.0
0.00013591456341746332,0.0
0.0001359245630174793,0.0
0.0001359345626174953,0.0
0.0001359445622175113,0.0
0.0001359545618175273,0.016666666666666607
0.00013596456141754332,0.0
0.0001359745610175593,0.0
0.0001359845606175753,0.016666666666666607
0.0001359945602175913,0.0
0.0001360045598176073,0.0
0.0001360145594176233,0.0
0.0001360245590176393,0.0
0.0001360345586176553,0.016666666666666607
0.0001360445582176713,0.0
0.0001360545578176873,0.016666666666666607
0.0001360645574177033,0.0
0.0001360745570177193,0.0
0.0001360845566177353,0.016666666666666607
0.0001360945562177513,0.016666666666666607
0.0001361045558177673,0.0
0.0001361145554177833,0.016666666666666607
0.0001361245550177993,0.0
0.0001361345546178153,0.016666666666666607
0.00013614455421783129,0.0
0.0001361545538178473,0.0
0.0001361645534178633,0.016666666666666607
0.0001361745530178793,0.016666666666666607
0.0001361845526178953,0.0
0.00013619455221791128,0.0
0.0001362045518179273,0.016666666666666607
0.0001362145514179433,0.016666666666666607
0.0001362245510179593,0.0
0.00013623455061797528,0.0
0.00013624455021799128,0.0
0.0001362545498180073,0.0
0.0001362645494180233,0.0
0.00013627454901803929,0.016666666666666607
0.00013628454861805528,0.0
0.00013629454821807127,0.016666666666666607
0.0001363045478180873,0.016666666666666607
0.0001363145474181033,0.0
0.00013632454701811928,0.0
0.00013633454661813528,0.0
0.00013634454621815127,0.0
0.0001363545458181673,0.0
0.00013636454541818328,0.0
0.00013637454501819928,0.0
0.00013638454461821527,0.0
0.00013639454421823127,0.0
0.0001364045438182473,0.0
0.00013641454341826328,0.0
0.00013642454301827927,0.0
0.00013643454261829527,0.0
0.00013644454221831126,0.0
0.00013645454181832728,0.0
0.00013646454141834328,0.0
0.00013647454101835927,0.0
0.00013648454061837526,0.0
0.00013649454021839126,0.016666666666666607
0.00013650453981840728,0.0
0.00013651453941842327,0.0
0.00013652453901843927,0.016666666666666607
0.00013653453861845526,0.0
0.00013654453821847128,0.0
0.00013655453781848728,0.0
0.00013656453741850327,0.0
0.00013657453701851926,0.0
0.00013658453661853526,0.0
0.00013659453621855128,0.0
0.00013660453581856727,0.0
0.00013661453541858327,0.0
0.00013662453501859926,0.0
0.00013663453461861525,0.0
0.00013664453421863127,0.0
0.00013665453381864727,0.0
0.00013666453341866326,0.0
0.00013667453301867926,0.0
0.00013668453261869525,0.0
0.00013669453221871127,0.016666666666666607
0.00013670453181872726,0.0
0.00013671453141874326,0.0
0.00013672453101875925,0.0
0.00013673453061877525,0.0
0.00013674453021879127,0.0
0.00013675452981880726,0.016666666666666607
0.00013676452941882325,0.0
0.00013677452901883925,0.0
0.00013678452861885524,0.0
0.00013679452821887126,0.0
0.00013680452781888726,0.016666666666666607
0.00013681452741890325,0.0
0.00013682452701891924,0.0
0.00013683452661893524,0.0
0.00013684452621895126,0.0
0.00013685452581896725,0.016666666666666607
0.00013686452541898325,0.0
0.00013687452501899924,0.016666666666666607
0.00013688452461901523,0.0
0.00013689452421903126,0.0
0.00013690452381904725,0.0
0.00013691452341906324,0.016666666666666607
0.00013692452301907924,0.016666666666666607
0.00013693452261909523,0.0
0.00013694452221911125,0.016666666666666607
0.00013695452181912725,0.0
0.00013696452141914324,0.0
0.00013697452101915923,0.0
0.00013698452061917523,0.0
0.00013699452021919125,0.0
0.00013700451981920724,0.0
0.00013701451941922324,0.0
0.00013702451901923923,0.0
0.00013703451861925525,0.0
0.00013704451821927124,0.0
0.00013705451781928724,0.0
0.00013706451741930323,0.016666666666666607
0.00013707451701931923,0.0
0.00013708451661933525,0.0
0.00013709451621935124,0.016666666666666607
0.00013710451581936723,0.0
0.00013711451541938323,0.0
0.00013712451501939922,0.0
0.00013713451461941524,0.0
0.00013714451421943124,0.0
0.00013715451381944723,0.0
0.00013716451341946322,0.0
0.00013717451301947922,0.0
0.00013718451261949524,0.0
0.00013719451221951123,0.0
0.00013720451181952723,0.0
0.00013721451141954322,0.0
0.00013722451101955921,0.0
0.00013723451061957524,0.0
0.00013724451021959123,0.0
0.00013725450981960722,0.0
0.00013726450941962322,0.016666666666666607
0.0001372745090196392,0.0
0.00013728450861965523,0.016666666666666607
0.00013729450821967123,0.016666666666666607
0.00013730450781968722,0.0
0.0001373145074197032,0.0
0.0001373245070197192,0.0
0.00013733450661973523,0.0
0.00013734450621975122,0.0
0.00013735450581976722,0.0
0.0001373645054197832,0.0
0.0001373745050197992,0.0
0.00013738450461981522,0.0
0.00013739450421983122,0.016666666666666607
0.0001374045038198472,0.016666666666666607
0.0001374145034198632,0.016666666666666607
0.0001374245030198792,0.0
0.00013743450261989522,0.016666666666666607
0.00013744450221991121,0.0
0.0001374545018199272,0.016666666666666607
0.0001374645014199432,0.0
0.00013747450101995922,0.0
0.00013748450061997522,0.016666666666666607
0.0001374945002199912,0.0
0.0001375044998200072,0.016666666666666607
0.0001375144994200232,0.0
0.00013752449902003922,0.0
0.0001375344986200552,0.0
0.0001375444982200712,0.0
0.0001375544978200872,0.016666666666666607
0.0001375644974201032,0.016666666666666607
0.00013757449702011922,0.0
0.0001375844966201352,0.016666666666666607
0.0001375944962201512,0.016666666666666607
0.0001376044958201672,0.0
0.0001376144954201832,0.016666666666666607
0.0001376244950201992,0.016666666666666607
0.0001376344946202152,0.0
0.0001376444942202312,0.0
0.0001376544938202472,0.0
0.0001376644934202632,0.0
0.0001376744930202792,0.016666666666666607
0.0001376844926202952,0.0
0.0001376944922203112,0.0
0.0001377044918203272,0.0
0.00013771449142034318,0.0
0.0001377244910203592,0.016666666666666607
0.0001377344906203752,0.0
0.0001377444902203912,0.0
0.00013775448982040719,0.0
0.00013776448942042318,0.0
0.0001377744890204392,0.0
0.0001377844886204552,0.0
0.0001377944882204712,0.016666666666666607
0.00013780448782048718,0.0
0.00013781448742050318,0.016666666666666607
0.0001378244870205192,0.0
0.0001378344866205352,0.016666666666666607
0.00013784448622055118,0.016666666666666607
0.00013785448582056718,0.0
0.00013786448542058317,0.0
0.0001378744850205992,0.016666666666666607
0.00013788448462061519,0.0
0.00013789448422063118,0.0
0.00013790448382064717,0.0
0.00013791448342066317,0.0
0.0001379244830206792,0.0
0.00013793448262069518,0.016666666666666607
0.00013794448222071118,0.0
0.00013795448182072717,0.0
0.0001379644814207432,0.0
0.00013797448102075918,0.0
0.00013798448062077518,0.0
0.00013799448022079117,0.016666666666666607
0.00013800447982080717,0.0
0.0001380144794208232,0.0
0.00013802447902083918,0.0
0.00013803447862085517,0.0
0.00013804447822087117,0.0
0.00013805447782088716,0.0
0.00013806447742090318,0.0
0.00013807447702091918,0.0
0.00013808447662093517,0.0
0.00013809447622095116,0.0
0.00013810447582096716,0.0
0.00013811447542098318,0.016666666666666607
0.00013812447502099917,0.0
0.00013813447462101517,0.0
0.00013814447422103116,0.016666666666666607
0.00013815447382104716,0.0
0.00013816447342106318,0.0
0.00013817447302107917,0.016666666666666607
0.00013818447262109516,0.0
0.00013819447222111116,0.016666666666666607
0.00013820447182112715,0.016666666666666607
0.00013821447142114317,0.0
0.00013822447102115917,0.016666666666666607
0.00013823447062117516,0.016666666666666607
0.00013824447022119115,0.0
0.00013825446982120715,0.0
0.00013826446942122317,0.0
0.00013827446902123916,0.016666666666666607
0.00013828446862125516,-0.016666666666666607
0.00013829446822127115,0.0
0.00013830446782128714,0.0
0.00013831446742130316,0.016666666666666607
0.00013832446702131916,0.0
0.00013833446662133515,0.016666666666666607
0.00013834446622135115,0.0
0.00013835446582136714,0.0
0.00013836446542138316,0.0
0.00013837446502139915,0.0
0.00013838446462141515,0.016666666666666607
0.00013839446422143114,0.0
0.00013840446382144716,0.016666666666666607
0.00013841446342146316,0.0
0.00013842446302147915,0.0
0.00013843446262149514,0.0
0.00013844446222151114,0.0
0.00013845446182152716,0.0
0.00013846446142154315,0.0
0.00013847446102155915,0.0
0.00013848446062157514,0.0
0.00013849446022159113,0.016666666666666607
0.00013850445982160716,0.0
0.00013851445942162315,0.0
0.00013852445902163914,0.0
0.00013853445862165514,0.0
0.00013854445822167113,0.016666666666666607
0.00013855445782168715,0.0
0.00013856445742170315,0.0
0.00013857445702171914,0.016666666666666607
0.00013858445662173513,0.0
0.00013859445622175113,0.0
0.00013860445582176715,0.016666666666666607
0.00013861445542178314,0.016666666666666607
0.00013862445502179914,0.016666666666666607
0.00013863445462181513,0.0
0.00013864445422183112,0.016666666666666607
0.00013865445382184714,0.016666666666666607
0.00013866445342186314,0.0
0.00013867445302187913,0.0
0.00013868445262189513,0.0
0.00013869445222191112,0.016666666666666607
0.00013870445182192714,0.0
0.00013871445142194313,0.016666666666666607
0.00013872445102195913,0.0
0.00013873445062197512,0.0
0.00013874445022199112,0.0
0.00013875444982200714,0.0
0.00013876444942202313,0.0
0.00013877444902203912,0.0
0.00013878444862205512,0.0
0.0001387944482220711,0.0
0.00013880444782208713,0.016666666666666607
0.00013881444742210313,0.016666666666666607
0.00013882444702211912,0.016666666666666607
0.00013883444662213511,0.0
0.0001388444462221511,0.0
0.00013885444582216713,0.0
0.00013886444542218312,0.0
0.00013887444502219912,0.016666666666666607
0.0001388844446222151,0.0
0.00013889444422223113,0.0
0.00013890444382224713,0.0
0.00013891444342226312,0.016666666666666607
0.0001389244430222791,0.0
0.0001389344426222951,0.0
0.00013894444222231113,0.0
0.00013895444182232712,0.0
0.00013896444142234312,0.016666666666666607
0.0001389744410223591,0.0
0.0001389844406223751,0.0
0.00013899444022239112,0.0
0.00013900443982240712,0.0
0.0001390144394224231,0.0
0.0001390244390224391,0.016666666666666607
0.0001390344386224551,0.0
0.00013904443822247112,0.016666666666666607
0.00013905443782248711,0.016666666666666607
0.0001390644374225031,0.0
0.0001390744370225191,0.0
0.0001390844366225351,0.0
0.00013909443622255112,0.0
0.0001391044358225671,0.016666666666666607
0.0001391144354225831,0.0
0.0001391244350225991,0.0
0.0001391344346226151,0.0
0.0001391444342226311,0.016666666666666607
0.0001391544338226471,0.016666666666666607
0.0001391644334226631,0.0
0.0001391744330226791,0.0
0.0001391844326226951,0.016666666666666607
0.0001391944322227111,0.0
0.0001392044318227271,0.0
0.0001392144314227431,0.0
0.0001392244310227591,0.0
0.00013923443062277508,0.016666666666666607
0.0001392444302227911,0.0
0.0001392544298228071,0.0
0.0001392644294228231,0.0
0.0001392744290228391,0.0
0.00013928442862285508,0.0
0.0001392944282228711,0.0
0.0001393044278228871,0.0
0.0001393144274229031,0.016666666666666607
0.00013932442702291908,0.0
0.0001393344266229351,0.0
0.0001393444262229511,0.0
0.0001393544258229671,0.0
0.00013936442542298309,0.0
0.00013937442502299908,0.0
0.0001393844246230151,0.0
0.0001393944242230311,0.0
0.0001394044238230471,0.0
0.00013941442342306308,0.0
0.00013942442302307908,0.0
0.0001394344226230951,0.0
0.0001394444222231111,0.0
0.00013945442182312708,0.0
0.00013946442142314308,0.0
0.00013947442102315907,0.0
0.0001394844206231751,0.0
0.00013949442022319109,0.0
0.00013950441982320708,0.0
0.00013951441942322307,0.016666666666666607
0.00013952441902323907,0.0
0.0001395344186232551,0.0
0.00013954441822327108,0.0
0.00013955441782328708,0.016666666666666607
0.00013956441742330307,0.0
0.00013957441702331906,0.0
0.00013958441662333508,0.016666666666666607
0.00013959441622335108,0.016666666666666607
0.00013960441582336707,0.0
0.00013961441542338307,0.016666666666666607
0.00013962441502339906,0.0
0.00013963441462341508,0.0
0.00013964441422343107,0.0
0.00013965441382344707,0.0
0.00013966441342346306,0.0
0.00013967441302347906,0.016666666666666607
0.00013968441262349508,0.0
0.00013969441222351107,0.0
0.00013970441182352707,0.0
0.00013971441142354306,0.0
0.00013972441102355905,0.0
0.00013973441062357507,0.0
0.00013974441022359107,0.0
0.00013975440982360706,0.016666666666666607
0.00013976440942362306,0.0
0.00013977440902363905,0.0
0.00013978440862365507,0.0
0.00013979440822367106,0.016666666666666607
0.00013980440782368706,0.0
0.00013981440742370305,0.0
0.00013982440702371907,0.016666666666666607
0.00013983440662373507,0.0
0.00013984440622375106,0.0
0.00013985440582376705,0.0
0.00013986440542378305,0.0
0.00013987440502379907,0.016666666666666607
0.00013988440462381506,0.0
0.00013989440422383106,0.016666666666666607
0.00013990440382384705,0.0
0.00013991440342386304,0.016666666666666607
0.00013992440302387906,0.0
0.00013993440262389506,0.0
0.00013994440222391105,0.0
0.00013995440182392705,0.016666666666666607
0.00013996440142394304,0.0
0.00013997440102395906,0.0
0.00013998440062397505,0.0
0.00013999440022399105,0.0
0.00014000439982400704,0.0
0.00014001439942402304,0.0
0.00014002439902403906,0.0
0.00014003439862405505,0.016666666666666607
0.00014004439822407104,0.0
0.00014005439782408704,0.0
0.00014006439742410303,0.0
0.00014007439702411905,0.016666666666666607
0.00014008439662413505,0.0
0.00014009439622415104,0.0
0.00014010439582416703,0.016666666666666607
0.00014011439542418303,0.0
0.00014012439502419905,0.0
0.00014013439462421504,0.0
0.00014014439422423104,0.0
0.00014015439382424703,0.0
0.00014016439342426302,0.0
0.00014017439302427905,0.0
0.00014018439262429504,0.016666666666666607
0.00014019439222431103,0.0
0.00014020439182432703,0.0
0.00014021439142434302,0.0
0.00014022439102435904,0.0
0.00014023439062437504,0.0
0.00014024439022439103,0.0
0.00014025438982440702,0.0
0.00014026438942442304,0.0
0.00014027438902443904,0.0
0.00014028438862445503,0.0
0.00014029438822447103,0.0
0.00014030438782448702,0.0
0.00014031438742450304,0.0
0.00014032438702451903,0.0
0.00014033438662453503,0.016666666666666607
0.00014034438622455102,0.0
0.00014035438582456702,0.0
0.00014036438542458304,0.0
0.00014037438502459903,0.0
0.00014038438462461502,0.0
0.00014039438422463102,0.0
0.000140404383824647,0.0
0.00014041438342466303,0.0
0.00014042438302467903,0.0
0.00014043438262469502,0.0
0.00014044438222471101,0.0
0.000140454381824727,0.0
0.00014046438142474303,0.0
0.00014047438102475902,0.0
0.00014048438062477502,0.0
0.000140494380224791,0.0
0.000140504379824807,0.0
0.00014051437942482303,0.0
0.00014052437902483902,0.0
0.000140534378624855,0.016666666666666607
0.000140544378224871,0.0
0.000140554377824887,0.016666666666666607
0.00014056437742490302,0.0
0.00014057437702491902,0.016666666666666607
0.000140584376624935,0.0
0.000140594376224951,0.016666666666666607
0.000140604375824967,0.0
0.00014061437542498302,0.0
0.000140624375024999,0.0
0.000140634374625015,0.016666666666666607
0.000140644374225031,0.0
0.000140654373825047,0.0
0.00014066437342506301,0.0
0.000140674373025079,0.016666666666666607
0.000140684372625095,0.0
0.000140694372225111,0.016666666666666607
0.000140704371825127,0.0
0.000140714371425143,0.0
0.000140724371025159,0.0
0.000140734370625175,0.016666666666666607
0.000140744370225191,0.0
0.000140754369825207,0.016666666666666607
0.000140764369425223,0.016666666666666607
0.000140774369025239,0.016666666666666607
0.000140784368625255,0.016666666666666607
0.000140794368225271,0.0
0.000140804367825287,0.016666666666666607
0.000140814367425303,0.0
0.000140824367025319,0.0
0.000140834366625335,0.0
0.00014084436622535098,0.0
0.000140854365825367,0.0
0.000140864365425383,0.016666666666666607
0.000140874365025399,0.016666666666666607
0.000140884364625415,0.0
0.00014089436422543098,0.0
0.000140904363825447,0.0
0.000140914363425463,0.0
0.000140924363025479,0.016666666666666607
0.00014093436262549498,0.0
0.00014094436222551098,0.0
0.000140954361825527,0.0
0.000140964361425543,0.0
0.00014097436102555899,0.0
0.00014098436062557498,0.0
0.00014099436022559097,0.016666666666666607
0.000141004359825607,0.0
0.000141014359425623,0.016666666666666607
0.00014102435902563898,0.016666666666666607
0.00014103435862565498,0.0
0.00014104435822567097,0.0
0.000141054357825687,0.0
0.00014106435742570298,0.0
0.00014107435702571898,0.016666666666666607
0.00014108435662573497,0.0
0.00014109435622575097,0.0
0.00014110435582576699,0.0
0.00014111435542578298,0.0
0.00014112435502579897,0.0
0.00014113435462581497,0.0
0.00014114435422583096,0.016666666666666607
0.00014115435382584698,0.0
0.00014116435342586298,0.0
0.00014117435302587897,0.0
0.00014118435262589496,0.016666666666666607
0.00014119435222591096,0.0
0.00014120435182592698,0.016666666666666607
0.00014121435142594297,0.0
0.00014122435102595897,0.016666666666666607
0.00014123435062597496,0.0
0.00014124435022599098,0.0
0.00014125434982600698,-0.016666666666666607
0.00014126434942602297,0.0
0.00014127434902603896,0.0
0.00014128434862605496,0.0
0.00014129434822607098,0.0
0.00014130434782608697,0.0
0.00014131434742610297,0.016666666666666607
0.00014132434702611896,0.016666666666666607
0.00014133434662613495,0.016666666666666607
0.00014134434622615097,0.016666666666666607
0.00014135434582616697,0.016666666666666607
0.00014136434542618296,0.016666666666666607
0.00014137434502619896,0.016666666666666607
0.00014138434462621495,0.0
0.00014139434422623097,0.0
0.00014140434382624696,0.0
0.00014141434342626296,0.016666666666666607
0.00014142434302627895,0.0
0.00014143434262629495,0.0
0.00014144434222631097,0.016666666666666607
0.00014145434182632696,0.0
0.00014146434142634295,0.0
0.00014147434102635895,0.0
0.00014148434062637494,0.0
0.00014149434022639096,0.0
0.00014150433982640696,0.0
0.00014151433942642295,0.0
0.00014152433902643894,0.016666666666666607
0.00014153433862645494,0.016666666666666607
0.00014154433822647096,0.016666666666666607
0.00014155433782648695,0.016666666666666607
0.00014156433742650295,0.0
0.00014157433702651894,0.016666666666666607
0.00014158433662653493,0.0
0.00014159433622655095,0.0
0.00014160433582656695,0.0
0.00014161433542658294,0.0
0.00014162433502659894,0.0
0.00014163433462661493,0.0
0.00014164433422663095,0.0
0.00014165433382664694,0.016666666666666607
0.00014166433342666294,0.0
0.00014167433302667893,0.0
0.00014168433262669495,-0.016666666666666607
0.00014169433222671095,0.0
0.00014170433182672694,0.0
0.00014171433142674293,0.0
0.00014172433102675893,0.0
0.00014173433062677495,0.016666666666666607
0.00014174433022679094,0.016666666666666607
0.00014175432982680694,0.0
0.00014176432942682293,0.0
0.00014177432902683892,0.0
0.00014178432862685495,0.0
0.00014179432822687094,0.0
0.00014180432782688693,0.016666666666666607
0.00014181432742690293,0.0
0.00014182432702691892,0.0
0.00014183432662693494,0.0
0.00014184432622695094,0.0
0.00014185432582696693,0.0
0.00014186432542698292,0.0
0.00014187432502699892,0.016666666666666607
0.00014188432462701494,0.016666666666666607
0.00014189432422703093,0.016666666666666607
0.00014190432382704693,0.0
0.00014191432342706292,0.0
0.00014192432302707891,0.016666666666666607
0.00014193432262709493,0.016666666666666607
0.00014194432222711093,0.016666666666666607
0.00014195432182712692,0.0
0.00014196432142714292,0.0
0.0001419743210271589,0.0
0.00014198432062717493,0.0
0.00014199432022719092,0.0
0.00014200431982720692,0.0
0.0001420143194272229,0.0
0.0001420243190272389,0.0
0.00014203431862725493,0.0
0.00014204431822727092,0.0
0.00014205431782728691,0.0
0.0001420643174273029,0.0
0.0001420743170273189,0.0
0.00014208431662733492,0.016666666666666607
0.00014209431622735092,0.016666666666666607
0.0001421043158273669,0.0
0.0001421143154273829,0.016666666666666607
0.0001421243150273989,0.0
0.00014213431462741492,0.016666666666666607
0.0001421443142274309,0.0
0.0001421543138274469,0.016666666666666607
0.0001421643134274629,0.016666666666666607
0.00014217431302747892,0.016666666666666607
0.00014218431262749492,0.0
0.0001421943122275109,0.0
0.0001422043118275269,0.0
0.0001422143114275429,0.0
0.00014222431102755892,0.0
0.0001422343106275749,0.0
0.0001422443102275909,0.0
0.0001422543098276069,0.0
0.0001422643094276229,0.0
0.00014227430902763891,0.0
0.0001422843086276549,0.0
0.0001422943082276709,0.016666666666666607
0.0001423043078276869,0.0
0.0001423143074277029,0.016666666666666607
0.0001423243070277189,0.016666666666666607
0.0001423343066277349,0.0
0.0001423443062277509,0.0
0.0001423543058277669,0.0
0.00014236430542778289,0.0
0.0001423743050277989,0.016666666666666607
0.0001423843046278149,0.0
0.0001423943042278309,0.016666666666666607
0.0001424043038278469,0.0
0.00014241430342786288,0.0
0.0001424243030278789,0.0
0.0001424343026278949,0.0
0.0001424443022279109,0.0
0.00014245430182792688,-0.016666666666666607
0.00014246430142794288,0.0
0.0001424743010279589,0.0
0.0001424843006279749,0.0
0.0001424943002279909,0.0
0.00014250429982800688,0.0
0.00014251429942802287,0.0
0.0001425242990280389,0.0
0.0001425342986280549,0.0
0.00014254429822807088,0.0
0.00014255429782808688,0.0
0.00014256429742810287,0.016666666666666607
0.0001425742970281189,0.016666666666666607
0.00014258429662813489,0.016666666666666607
0.00014259429622815088,0.0
0.00014260429582816687,0.016666666666666607
0.0001426142954281829,0.016666666666666607
0.0001426242950281989,0.016666666666666607
0.00014263429462821488,0.0
0.00014264429422823088,0.0
0.00014265429382824687,0.0
0.0001426642934282629,0.0
0.00014267429302827888,0.0
0.00014268429262829488,0.0
0.00014269429222831087,0.0
0.00014270429182832687,0.016666666666666607
0.00014271429142834289,0.0
0.00014272429102835888,0.0
0.00014273429062837487,0.0
0.00014274429022839087,0.0
0.00014275428982840686,0.0
0.00014276428942842288,0.0
0.00014277428902843888,0.0
0.00014278428862845487,0.0
0.00014279428822847086,0.0
0.00014280428782848686,0.0
0.00014281428742850288,0.016666666666666607
0.00014282428702851887,0.016666666666666607
0.00014283428662853487,0.016666666666666607
0.00014284428622855086,0.0
0.00014285428582856685,0.0
0.00014286428542858288,0.0
0.00014287428502859887,0.0
0.00014288428462861486,0.0
0.00014289428422863086,0.0
0.00014290428382864685,0.0
0.00014291428342866287,0.016666666666666607
0.00014292428302867887,0.0
0.00014293428262869486,0.0
0.00014294428222871085,0.0
0.00014295428182872685,0.0
0.00014296428142874287,0.0
0.00014297428102875886,0.0
0.00014298428062877486,0.0
0.00014299428022879085,0.0
0.00014300427982880684,0.0
0.00014301427942882286,0.0
0.00014302427902883886,0.0
0.00014303427862885485,0.0
0.00014304427822887085,0.0
0.00014305427782888684,0.0
0.00014306427742890286,0.0
0.00014307427702891885,0.0
0.00014308427662893485,0.0
0.00014309427622895084,0.0
0.00014310427582896686,0.0
0.00014311427542898286,0.016666666666666607
0.00014312427502899885,0.0
0.00014313427462901484,0.0
0.00014314427422903084,0.0
0.00014315427382904686,0.0
0.00014316427342906285,0.0
0.00014317427302907885,0.0
0.00014318427262909484,0.0
0.00014319427222911083,0.0
0.00014320427182912685,0.0
0.00014321427142914285,0.016666666666666607
0.00014322427102915884,0.0
0.00014323427062917484,0.0
0.00014324427022919083,0.0
0.00014325426982920685,0.016666666666666607
0.00014326426942922284,0.016666666666666607
0.00014327426902923884,0.0
0.00014328426862925483,0.0
0.00014329426822927083,0.0
0.00014330426782928685,0.0
0.00014331426742930284,0.0
0.00014332426702931883,0.0
0.00014333426662933483,0.0
0.00014334426622935082,0.0
0.00014335426582936684,0.016666666666666607
0.00014336426542938284,0.0
0.00014337426502939883,0.0
0.00014338426462941482,0.0
0.00014339426422943082,0.0
0.00014340426382944684,0.0
0.00014341426342946283,0.0
0.00014342426302947883,0.0
0.00014343426262949482,0.0
0.00014344426222951081,0.016666666666666607
0.00014345426182952684,0.0
0.00014346426142954283,0.0
0.00014347426102955882,0.0
0.00014348426062957482,0.0
0.0001434942602295908,0.016666666666666607
0.00014350425982960683,0.0
0.00014351425942962283,0.0
0.00014352425902963882,0.016666666666666607
0.00014353425862965481,0.0
0.00014354425822967083,0.0
0.00014355425782968683,0.0
0.00014356425742970282,0.016666666666666607
0.00014357425702971882,0.0
0.0001435842566297348,0.016666666666666607
0.00014359425622975083,0.0
0.00014360425582976682,0.0
0.00014361425542978282,0.0
0.0001436242550297988,0.016666666666666607
0.0001436342546298148,0.016666666666666607
0.00014364425422983083,0.0
0.00014365425382984682,0.016666666666666607
0.00014366425342986281,0.0
0.0001436742530298788,0.0
0.0001436842526298948,0.0
0.00014369425222991082,0.0
0.00014370425182992682,0.0
0.0001437142514299428,0.0
0.0001437242510299588,0.0
0.0001437342506299748,0.0
0.00014374425022999082,0.0
0.0001437542498300068,0.016666666666666607
0.0001437642494300228,0.0
0.0001437742490300388,0.0
0.0001437842486300548,0.0
0.00014379424823007082,0.0
0.0001438042478300868,0.0
0.0001438142474301028,0.016666666666666607
0.0001438242470301188,0.0
0.0001438342466301348,0.0
0.0001438442462301508,0.0
0.0001438542458301668,0.0
0.0001438642454301828,0.0
0.0001438742450301988,0.0
0.0001438842446302148,0.0
0.0001438942442302308,0.016666666666666607
0.0001439042438302468,0.016666666666666607
0.0001439142434302628,0.0
0.0001439242430302788,0.0
0.00014393424263029478,0.0
0.0001439442422303108,0.016666666666666607
0.0001439542418303268,0.0
0.0001439642414303428,0.0
0.00014397424103035879,0.016666666666666607
0.00014398424063037478,0.0
0.0001439942402303908,0.0
0.0001440042398304068,0.0
0.0001440142394304228,0.0
0.00014402423903043878,0.0
0.0001440342386304548,0.0
0.0001440442382304708,0.0
0.0001440542378304868,0.016666666666666607
0.00014406423743050278,0.0
0.00014407423703051878,0.016666666666666607
0.0001440842366305348,0.016666666666666607
0.0001440942362305508,0.016666666666666607
0.0001441042358305668,0.016666666666666607
0.00014411423543058278,0.0
0.00014412423503059877,0.0
0.0001441342346306148,0.0
0.0001441442342306308,0.0
0.00014415423383064678,0.016666666666666607
0.00014416423343066278,0.0
0.00014417423303067877,0.0
0.0001441842326306948,0.0
0.00014419423223071079,0.016666666666666607
0.00014420423183072678,0.0
0.00014421423143074277,0.0
0.00014422423103075877,0.016666666666666607
0.0001442342306307748,0.0
0.00014424423023079078,0.016666666666666607
0.00014425422983080678,0.0
0.00014426422943082277,0.0
0.00014427422903083876,0.016666666666666607
0.00014428422863085478,0.016666666666666607
0.00014429422823087078,0.0
0.00014430422783088677,0.0
0.00014431422743090277,0.016666666666666607
0.00014432422703091876,0.0
0.00014433422663093478,0.0
0.00014434422623095077,0.016666666666666607
0.00014435422583096677,0.0
0.00014436422543098276,0.0
0.00014437422503099876,0.0
0.00014438422463101478,0.0
0.00014439422423103077,0.0
0.00014440422383104676,0.0
0.00014441422343106276,0.0
0.00014442422303107875,0.0
0.00014443422263109477,0.016666666666666607
0.00014444422223111077,0.0
0.00014445422183112676,0.0
0.00014446422143114275,0.0
0.00014447422103115878,0.0
0.00014448422063117477,0.0
0.00014449422023119076,0.0
0.00014450421983120676,0.0
0.00014451421943122275,0.0
0.00014452421903123877,0.016666666666666607
0.00014453421863125477,0.0
0.00014454421823127076,0.0
0.00014455421783128675,0.0
0.00014456421743130275,0.0
0.00014457421703131877,0.0
0.00014458421663133476,0.0
0.00014459421623135076,0.0
0.00014460421583136675,0.0
0.00014461421543138274,0.0
0.00014462421503139876,0.0
0.00014463421463141476,0.0
0.00014464421423143075,0.0
0.00014465421383144675,0.0
0.00014466421343146274,0.0
0.00014467421303147876,0.0
0.00014468421263149475,0.016666666666666607
0.00014469421223151075,0.0
0.00014470421183152674,0.0
0.00014471421143154274,0.016666666666666607
0.00014472421103155876,0.0
0.00014473421063157475,0.0
0.00014474421023159074,0.0
0.00014475420983160674,0.016666666666666607
0.00014476420943162273,0.016666666666666607
0.00014477420903163875,0.016666666666666607
0.00014478420863165475,0.0
0.00014479420823167074,0.016666666666666607
0.00014480420783168673,0.0
0.00014481420743170273,0.016666666666666607
0.00014482420703171875,0.0
0.00014483420663173474,0.0
0.00014484420623175074,0.0
0.00014485420583176673,0.0
0.00014486420543178272,0.0
0.00014487420503179874,0.0
0.00014488420463181474,0.0
0.00014489420423183073,0.016666666666666607
0.00014490420383184673,0.0
0.00014491420343186272,0.016666666666666607
0.00014492420303187874,0.0
0.00014493420263189473,0.0
0.00014494420223191073,0.0
0.00014495420183192672,0.0
0.00014496420143194274,0.0
0.00014497420103195874,0.016666666666666607
0.00014498420063197473,0.0
0.00014499420023199072,0.016666666666666607
0.00014500419983200672,0.0
0.00014501419943202274,0.0
0.00014502419903203873,0.0
0.00014503419863205473,0.0
0.00014504419823207072,0.0
0.00014505419783208672,0.0
0.00014506419743210274,0.0
0.00014507419703211873,0.0
0.00014508419663213472,0.0
0.00014509419623215072,0.0
0.0001451041958321667,0.016666666666666607
0.00014511419543218273,0.0
0.00014512419503219873,0.0
0.00014513419463221472,0.0
0.00014514419423223071,0.0
0.0001451541938322467,0.0
0.00014516419343226273,0.016666666666666607
0.00014517419303227872,0.0
0.00014518419263229472,0.0
0.0001451941922323107,0.016666666666666607
0.0001452041918323267,0.0
0.00014521419143234272,0.0
0.00014522419103235872,0.0
0.0001452341906323747,0.016666666666666607
0.0001452441902323907,0.016666666666666607
0.0001452541898324067,0.0
0.00014526418943242272,0.0
0.00014527418903243871,0.0
0.0001452841886324547,0.0
0.0001452941882324707,0.0
0.0001453041878324867,0.0
0.00014531418743250272,0.016666666666666607
0.0001453241870325187,0.0
0.0001453341866325347,0.0
0.0001453441862325507,0.0
0.0001453541858325667,0.016666666666666607
0.0001453641854325827,0.0
0.0001453741850325987,0.0
0.0001453841846326147,0.0
0.0001453941842326307,0.0
0.00014540418383264672,0.0
0.0001454141834326627,0.016666666666666607
0.0001454241830326787,0.0
0.0001454341826326947,0.0
0.0001454441822327107,0.0
0.0001454541818327267,0.016666666666666607
0.0001454641814327427,0.0
0.0001454741810327587,0.0
0.0001454841806327747,0.0
0.0001454941802327907,0.0
0.0001455041798328067,0.0
0.0001455141794328227,0.0
0.0001455241790328387,0.0
0.0001455341786328547,0.0
0.00014554417823287068,0.0
0.0001455541778328867,0.0
0.0001455641774329027,0.0
0.0001455741770329187,0.0
0.00014558417663293469,0.0
0.00014559417623295068,0.0
0.0001456041758329667,0.016666666666666607
0.0001456141754329827,0.0
0.0001456241750329987,0.0
0.00014563417463301468,0.0
0.00014564417423303068,0.0
0.0001456541738330467,0.016666666666666607
0.0001456641734330627,0.016666666666666607
0.00014567417303307868,0.016666666666666607
0.00014568417263309468,0.0
0.00014569417223311067,0.0
0.0001457041718331267,0.016666666666666607
0.0001457141714331427,0.016666666666666607
0.00014572417103315868,0.0
0.00014573417063317467,0.0
0.00014574417023319067,0.0
0.0001457541698332067,0.0
0.00014576416943322268,0.016666666666666607
0.00014577416903323868,0.016666666666666607
0.00014578416863325467,0.0
0.00014579416823327066,0.0
0.00014580416783328669,-0.016666666666666607
0.00014581416743330268,0.0
0.00014582416703331867,0.016666666666666607
0.00014583416663333467,0.016666666666666607
0.00014584416623335066,0.016666666666666607
0.00014585416583336668,0.016666666666666607
0.00014586416543338268,0.0
0.00014587416503339867,0.0
0.00014588416463341466,0.0
0.00014589416423343068,0.016666666666666607
0.00014590416383344668,0.0
0.00014591416343346267,0.016666666666666607
0.00014592416303347867,0.016666666666666607
0.00014593416263349466,-0.016666666666666607
0.00014594416223351068,-0.016666666666666607
0.00014595416183352667,0.0
0.00014596416143354267,0.0
0.00014597416103355866,0.016666666666666607
0.00014598416063357466,0.033333333333333215
0.00014599416023359068,0.016666666666666607
0.00014600415983360667,0.0
0.00014601415943362266,0.0
0.00014602415903363866,0.0
0.00014603415863365465,0.0
0.00014604415823367067,0.0
0.00014605415783368667,0.016666666666666607
0.00014606415743370266,0.016666666666666607
0.00014607415703371865,0.016666666666666607
0.00014608415663373465,0.0
0.00014609415623375067,0.0
0.00014610415583376666,0.016666666666666607
0.00014611415543378266,0.0
0.00014612415503379865,0.0
0.00014613415463381464,0.016666666666666607
0.00014614415423383067,0.0
0.00014615415383384666,0.0
0.00014616415343386265,0.0
0.00014617415303387865,0.016666666666666607
0.00014618415263389464,0.0
0.00014619415223391066,0.0
0.00014620415183392666,0.0
0.00014621415143394265,0.016666666666666607
0.00014622415103395864,0.0
0.00014623415063397464,0.0
0.00014624415023399066,0.016666666666666607
0.00014625414983400665,0.0
0.00014626414943402265,0.0
0.00014627414903403864,0.0
0.00014628414863405463,0.016666666666666607
0.00014629414823407065,0.016666666666666607
0.00014630414783408665,0.016666666666666607
0.00014631414743410264,0.0
0.00014632414703411864,0.0
0.00014633414663413466,0.0
0.00014634414623415065,0.016666666666666607
0.00014635414583416664,0.016666666666666607
0.00014636414543418264,0.0
0.00014637414503419863,0.0
0.00014638414463421465,-0.016666666666666607
0.00014639414423423065,0.0
0.00014640414383424664,0.0
0.00014641414343426263,-0.016666666666666607
0.00014642414303427863,0.0
0.00014643414263429465,0.0
0.00014644414223431064,0.0
0.00014645414183432664,0.016666666666666607
0.00014646414143434263,0.016666666666666607
0.00014647414103435862,0.016666666666666607
0.00014648414063437464,0.016666666666666607
0.00014649414023439064,0.016666666666666607
0.00014650413983440663,0.0
0.00014651413943442263,0.0
0.00014652413903443862,0.016666666666666607
0.00014653413863445464,0.016666666666666607
0.00014654413823447063,0.016666666666666607
0.00014655413783448663,0.0
0.00014656413743450262,0.0
0.00014657413703451862,0.0
0.00014658413663453464,0.0
0.00014659413623455063,0.0
0.00014660413583456663,0.0
0.00014661413543458262,0.0
0.0001466241350345986,0.0
0.00014663413463461463,0.0
0.00014664413423463063,-0.016666666666666607
0.00014665413383464662,0.0
0.00014666413343466262,0.0
0.0001466741330346786,0.0
0.00014668413263469463,0.0
0.00014669413223471062,0.0
0.00014670413183472662,0.0
0.0001467141314347426,0.016666666666666607
0.0001467241310347586,0.016666666666666607
0.00014673413063477463,0.016666666666666607
0.00014674413023479062,0.016666666666666607
0.00014675412983480661,0.016666666666666607
0.0001467641294348226,0.016666666666666607
0.0001467741290348386,0.016666666666666607
0.00014678412863485462,0.016666666666666607
0.00014679412823487062,0.016666666666666607
0.0001468041278348866,0.0
0.0001468141274349026,0.016666666666666607
0.00014682412703491862,0.0
0.00014683412663493462,0.016666666666666607
0.0001468441262349506,-0.016666666666666607
0.0001468541258349666,0.0
0.0001468641254349826,0.0
0.00014687412503499862,0.0
0.00014688412463501461,0.0
0.0001468941242350306,0.0
0.0001469041238350466,0.0
0.0001469141234350626,0.0
0.00014692412303507862,0.0
0.0001469341226350946,0.0
0.0001469441222351106,0.0
0.0001469541218351266,0.0
0.0001469641214351426,0.0
0.0001469741210351586,0.016666666666666607
0.0001469841206351746,0.0
0.0001469941202351906,0.016666666666666607
0.0001470041198352066,0.0
0.0001470141194352226,0.0
0.0001470241190352386,0.016666666666666607
0.0001470341186352546,0.0
0.0001470441182352706,0.0
0.0001470541178352866,0.016666666666666607
0.00014706411743530258,0.016666666666666607
0.0001470741170353186,0.0
0.0001470841166353346,0.0
0.0001470941162353506,0.016666666666666607
0.0001471041158353666,0.0
0.00014711411543538258,0.0
0.0001471241150353986,0.0
0.0001471341146354146,0.0
0.0001471441142354306,0.0
0.00014715411383544658,0.0
0.00014716411343546258,0.0
0.0001471741130354786,0.0
0.0001471841126354946,0.0
0.00014719411223551059,0.0
0.00014720411183552658,0.0
0.00014721411143554257,0.016666666666666607
0.0001472241110355586,0.0
0.0001472341106355746,0.016666666666666607
0.00014724411023559058,0.0
0.00014725410983560658,0.0
0.0001472641094356226,0.016666666666666607
0.0001472741090356386,0.0
0.00014728410863565458,0.0
0.00014729410823567058,0.0
0.00014730410783568657,0.0
0.0001473141074357026,0.016666666666666607
0.0001473241070357186,0.0
0.00014733410663573458,0.016666666666666607
0.00014734410623575057,0.0
0.00014735410583576657,0.016666666666666607
0.0001473641054357826,0.0
0.00014737410503579858,0.016666666666666607
0.00014738410463581458,0.0
0.00014739410423583057,0.0
0.00014740410383584656,0.0
0.00014741410343586259,0.0
0.00014742410303587858,0.0
0.00014743410263589457,0.0
0.00014744410223591057,0.0
0.00014745410183592656,0.0
0.00014746410143594258,0.0
0.00014747410103595858,0.0
0.00014748410063597457,0.0
0.00014749410023599056,0.0
0.00014750409983600656,0.0
0.00014751409943602258,0.016666666666666607
0.00014752409903603857,0.0
0.00014753409863605457,0.016666666666666607
0.00014754409823607056,0.0
0.00014755409783608655,0.016666666666666607
0.00014756409743610257,0.016666666666666607
0.00014757409703611857,0.0
0.00014758409663613456,0.0
0.00014759409623615056,0.0
0.00014760409583616655,0.0
0.00014761409543618257,0.0
0.00014762409503619856,0.0
0.00014763409463621456,0.0
0.00014764409423623055,0.016666666666666607
0.00014765409383624655,0.0
0.00014766409343626257,0.0
0.00014767409303627856,0.0
0.00014768409263629455,0.0
0.00014769409223631055,0.0
0.00014770409183632654,0.0
0.00014771409143634256,0.016666666666666607
0.00014772409103635856,0.016666666666666607
0.00014773409063637455,0.0
0.00014774409023639054,0.0
0.00014775408983640657,0.0
0.00014776408943642256,0.016666666666666607
0.00014777408903643855,0.016666666666666607
0.00014778408863645455,0.0
0.00014779408823647054,0.0
0.00014780408783648656,0.0
0.00014781408743650256,0.016666666666666607
0.00014782408703651855,0.0
0.00014783408663653454,0.0
0.00014784408623655054,0.016666666666666607
0.00014785408583656656,0.016666666666666607
0.00014786408543658255,0.0
0.00014787408503659855,0.0
0.00014788408463661454,0.0
0.00014789408423663053,0.0
0.00014790408383664655,0.0
0.00014791408343666255,0.0
0.00014792408303667854,0.0
0.00014793408263669454,0.0
0.00014794408223671053,0.0
0.00014795408183672655,0.016666666666666607
0.00014796408143674254,0.0
0.00014797408103675854,0.0
0.00014798408063677453,0.0
0.00014799408023679053,0.0
0.00014800407983680655,0.0
0.00014801407943682254,0.0
0.00014802407903683853,0.016666666666666607
0.00014803407863685453,0.0
0.00014804407823687052,0.0
0.00014805407783688654,0.016666666666666607
0.00014806407743690254,0.0
0.00014807407703691853,0.016666666666666607
0.00014808407663693452,0.0
0.00014809407623695052,0.0
0.00014810407583696654,0.0
0.00014811407543698253,0.0
0.00014812407503699853,0.0
0.00014813407463701452,0.0
0.00014814407423703051,0.0
0.00014815407383704654,0.016666666666666607
0.00014816407343706253,0.0
0.00014817407303707852,0.0
0.00014818407263709452,0.0
0.0001481940722371105,0.0
0.00014820407183712653,0.016666666666666607
0.00014821407143714253,0.0
0.00014822407103715852,0.016666666666666607
0.0001482340706371745,0.0
0.00014824407023719053,0.0
0.00014825406983720653,0.016666666666666607
0.00014826406943722252,0.016666666666666607
0.00014827406903723852,0.016666666666666607
0.0001482840686372545,0.0
0.00014829406823727053,0.016666666666666607
0.00014830406783728652,0.0
0.00014831406743730252,0.0
0.0001483240670373185,0.0
0.0001483340666373345,0.0
0.00014834406623735053,0.0
0.00014835406583736652,0.016666666666666607
0.00014836406543738251,0.016666666666666607
0.0001483740650373985,0.0
0.0001483840646374145,0.0
0.00014839406423743052,0.0
0.00014840406383744652,0.0
0.0001484140634374625,0.0
0.0001484240630374785,0.0
0.0001484340626374945,0.0
0.00014844406223751052,0.016666666666666607
0.0001484540618375265,0.0
0.0001484640614375425,0.016666666666666607
0.0001484740610375585,0.0
0.0001484840606375745,0.0
0.00014849406023759051,0.0
0.0001485040598376065,0.0
0.0001485140594376225,0.0
0.0001485240590376385,0.0
0.0001485340586376545,0.0
0.0001485440582376705,0.0
0.0001485540578376865,0.0
0.0001485640574377025,0.0
0.0001485740570377185,0.0
0.00014858405663773449,0.0
0.0001485940562377505,0.016666666666666607
0.0001486040558377665,0.0
0.0001486140554377825,0.016666666666666607
0.0001486240550377985,0.0
0.00014863405463781448,0.0
0.0001486440542378305,0.016666666666666607
0.0001486540538378465,0.0
0.0001486640534378625,0.0
0.00014867405303787848,0.0
0.0001486840526378945,0.016666666666666607
0.0001486940522379105,0.0
0.0001487040518379265,0.016666666666666607
0.0001487140514379425,0.016666666666666607
0.00014872405103795848,0.0
0.0001487340506379745,0.0
0.0001487440502379905,0.016666666666666607
0.0001487540498380065,0.0
0.00014876404943802248,0.0
0.00014877404903803848,0.0
0.0001487840486380545,0.0
0.0001487940482380705,0.016666666666666607
0.00014880404783808649,0.0
0.00014881404743810248,0.0
0.00014882404703811847,0.016666666666666607
0.0001488340466381345,0.0
0.0001488440462381505,0.0
0.00014885404583816648,0.0
0.00014886404543818248,0.0
0.00014887404503819847,0.0
0.0001488840446382145,0.0
0.00014889404423823048,0.0
0.00014890404383824648,0.016666666666666607
0.00014891404343826247,0.016666666666666607
0.00014892404303827847,0.0
0.0001489340426382945,0.0
0.00014894404223831048,0.0
0.00014895404183832647,0.016666666666666607
0.00014896404143834247,0.016666666666666607
0.00014897404103835846,0.016666666666666607
0.00014898404063837448,0.0
0.00014899404023839048,0.0
0.00014900403983840647,0.016666666666666607
0.00014901403943842246,0.0
0.00014902403903843846,0.016666666666666607
0.00014903403863845448,0.0
0.00014904403823847047,0.016666666666666607
0.00014905403783848647,0.016666666666666607
0.00014906403743850246,0.0
0.00014907403703851845,0.0
0.00014908403663853448,0.0
0.00014909403623855047,0.016666666666666607
0.00014910403583856646,0.016666666666666607
0.00014911403543858246,0.0
0.00014912403503859845,0.0
0.00014913403463861447,0.016666666666666607
0.00014914403423863047,0.0
0.00014915403383864646,0.0
0.00014916403343866245,0.0
0.00014917403303867847,0.0
0.00014918403263869447,0.0
0.00014919403223871046,0.016666666666666607
0.00014920403183872646,0.0
0.00014921403143874245,0.0
0.00014922403103875847,0.0
0.00014923403063877446,0.0
0.00014924403023879046,0.016666666666666607
0.00014925402983880645,0.0
0.00014926402943882245,0.0
0.00014927402903883847,0.0
0.00014928402863885446,0.0
0.00014929402823887045,0.016666666666666607
0.00014930402783888645,0.0
0.00014931402743890244,0.0
0.00014932402703891846,0.0
0.00014933402663893446,0.0
0.00014934402623895045,0.0
0.00014935402583896644,0.0
0.00014936402543898244,0.0
0.00014937402503899846,0.0
0.00014938402463901445,0.0
0.00014939402423903045,0.0
0.00014940402383904644,0.0
0.00014941402343906243,0.0
0.00014942402303907846,0.0
0.00014943402263909445,0.0
0.00014944402223911044,0.016666666666666607
0.00014945402183912644,0.016666666666666607
0.00014946402143914243,0.016666666666666607
0.00014947402103915845,0.016666666666666607
0.00014948402063917445,0.016666666666666607
0.00014949402023919044,0.016666666666666607
0.00014950401983920643,0.016666666666666607
0.00014951401943922243,0.016666666666666607
0.00014952401903923845,0.016666666666666607
0.00014953401863925444,0.0
0.00014954401823927044,0.016666666666666607
0.00014955401783928643,0.016666666666666607
0.00014956401743930242,0.016666666666666607
0.00014957401703931844,0.0
0.00014958401663933444,-0.016666666666666607
0.00014959401623935043,-0.016666666666666607
0.00014960401583936643,-0.016666666666666607
0.00014961401543938245,-0.016666666666666607
0.00014962401503939844,-0.016666666666666607
0.00014963401463941443,-0.016666666666666607
0.00014964401423943043,0.0
0.00014965401383944642,-0.016666666666666607
0.00014966401343946244,-0.016666666666666607
0.00014967401303947844,0.0
0.00014968401263949443,0.0
0.00014969401223951042,0.0
0.00014970401183952642,0.0
0.00014971401143954244,0.016666666666666607
0.00014972401103955843,0.0
0.00014973401063957443,0.016666666666666607
0.00014974401023959042,0.016666666666666607
0.00014975400983960641,0.033333333333333215
0.00014976400943962244,0.016666666666666607
0.00014977400903963843,0.016666666666666607
0.00014978400863965442,0.016666666666666607
0.00014979400823967042,0.016666666666666607
0.0001498040078396864,0.016666666666666607
0.00014981400743970243,0.016666666666666607
0.00014982400703971843,0.0
0.00014983400663973442,0.016666666666666607
0.0001498440062397504,0.016666666666666607
0.0001498540058397664,0.016666666666666607
0.00014986400543978243,0.0
0.00014987400503979842,0.0
0.00014988400463981442,0.0
0.0001498940042398304,0.0
0.0001499040038398464,-0.016666666666666607
0.00014991400343986242,0.0
0.00014992400303987842,-0.016666666666666607
0.0001499340026398944,0.0
0.0001499440022399104,-0.016666666666666607
0.0001499540018399264,0.0
0.00014996400143994242,0.0
0.00014997400103995841,0.0
0.0001499840006399744,0.0
0.0001499940002399904,0.0
0.0001500039998400064,0.0
0.00015001399944002242,0.016666666666666607
0.0001500239990400384,0.0
0.0001500339986400544,0.016666666666666607
0.0001500439982400704,0.016666666666666607
0.0001500539978400864,0.033333333333333215
0.0001500639974401024,0.016666666666666607
0.0001500739970401184,0.016666666666666607
0.0001500839966401344,0.016666666666666607
0.0001500939962401504,0.016666666666666607
0.00015010399584016641,0.016666666666666607
0.0001501139954401824,0.0
0.0001501239950401984,0.0
0.0001501339946402144,0.0
0.0001501439942402304,0.0
0.0001501539938402464,0.0
0.0001501639934402624,0.0
0.0001501739930402784,0.0
0.0001501839926402944,-0.016666666666666607
0.00015019399224031039,0.0
0.0001502039918403264,0.0
0.0001502139914403424,0.0
0.0001502239910403584,0.0
0.0001502339906403744,-0.016666666666666607
0.00015024399024039038,0.0
0.0001502539898404064,0.0
0.0001502639894404224,0.0
0.0001502739890404384,0.016666666666666607
0.00015028398864045438,0.0
0.00015029398824047038,0.0
0.0001503039878404864,0.0
0.0001503139874405024,0.016666666666666607
0.0001503239870405184,0.0
0.00015033398664053438,0.016666666666666607
0.00015034398624055037,0.016666666666666607
0.0001503539858405664,0.016666666666666607
0.0001503639854405824,0.016666666666666607
0.00015037398504059838,0.016666666666666607
0.00015038398464061438,0.0
0.00015039398424063037,0.016666666666666607
0.0001504039838406464,0.016666666666666607
0.00015041398344066239,0.016666666666666607
0.00015042398304067838,0.0
0.00015043398264069437,0.0
0.00015044398224071037,0.0
0.0001504539818407264,0.0
0.00015046398144074238,0.0
0.00015047398104075838,0.0
0.00015048398064077437,0.0
0.00015049398024079036,0.0
0.00015050397984080638,0.0
0.00015051397944082238,0.0
0.00015052397904083837,0.0
0.00015053397864085437,0.0
0.0001505439782408704,0.0
0.00015055397784088638,0.0
0.00015056397744090237,0.016666666666666607
0.00015057397704091837,0.016666666666666607
0.00015058397664093436,0.016666666666666607
0.00015059397624095038,0.016666666666666607
0.00015060397584096638,0.0
0.00015061397544098237,0.016666666666666607
0.00015062397504099836,0.0
0.00015063397464101436,0.0
0.00015064397424103038,0.0
0.00015065397384104637,0.0
0.00015066397344106237,0.0
0.00015067397304107836,0.016666666666666607
0.00015068397264109435,0.0
0.00015069397224111038,0.0
0.00015070397184112637,0.0
0.00015071397144114236,0.0
0.00015072397104115836,0.0
0.00015073397064117435,0.0
0.00015074397024119037,0.0
0.00015075396984120637,0.0
0.00015076396944122236,0.0
0.00015077396904123835,0.0
0.00015078396864125435,0.0
0.00015079396824127037,0.0
0.00015080396784128636,0.0
0.00015081396744130236,0.016666666666666607
0.00015082396704131835,0.0
0.00015083396664133434,0.016666666666666607
0.00015084396624135036,0.016666666666666607
0.00015085396584136636,0.016666666666666607
0.00015086396544138235,0.016666666666666607
0.00015087396504139835,0.016666666666666607
0.00015088396464141434,0.016666666666666607
0.00015089396424143036,0.016666666666666607
0.00015090396384144635,0.0
0.00015091396344146235,0.016666666666666607
0.00015092396304147834,0.0
0.00015093396264149434,0.016666666666666607
0.00015094396224151036,0.0
0.00015095396184152635,0.0
0.00015096396144154234,0.0
0.00015097396104155834,0.0
0.00015098396064157433,0.0
0.00015099396024159035,0.0
0.00015100395984160635,0.0
0.00015101395944162234,0.0
0.00015102395904163833,0.0
0.00015103395864165436,0.0
0.00015104395824167035,0.0
0.00015105395784168634,0.016666666666666607
0.00015106395744170234,0.0
0.00015107395704171833,0.0
0.00015108395664173435,0.0
0.00015109395624175035,0.0
0.00015110395584176634,0.0
0.00015111395544178233,0.0
0.00015112395504179833,0.0
0.00015113395464181435,0.0
0.00015114395424183034,0.016666666666666607
0.00015115395384184634,0.0
0.00015116395344186233,0.0
0.00015117395304187832,0.016666666666666607
0.00015118395264189434,0.0
0.00015119395224191034,0.0
0.00015120395184192633,0.0
0.00015121395144194233,0.0
0.00015122395104195832,0.0
0.00015123395064197434,0.0
0.00015124395024199033,0.0
0.00015125394984200633,0.016666666666666607
0.00015126394944202232,-0.016666666666666607
0.00015127394904203832,0.0
0.00015128394864205434,0.0
0.00015129394824207033,0.0
0.00015130394784208632,0.0
0.00015131394744210232,0.0
0.0001513239470421183,0.0
0.00015133394664213433,0.0
0.00015134394624215033,0.0
0.00015135394584216632,0.0
0.00015136394544218231,0.0
0.0001513739450421983,0.0
0.00015138394464221433,0.0
0.00015139394424223032,0.0
0.00015140394384224632,0.0
0.0001514139434422623,0.0
0.0001514239430422783,0.0
0.00015143394264229433,0.0
0.00015144394224231032,0.0
0.0001514539418423263,0.0
0.0001514639414423423,0.0
0.00015147394104235833,0.0
0.00015148394064237432,0.0
0.00015149394024239032,0.0
0.0001515039398424063,0.0
0.0001515139394424223,0.0
0.00015152393904243832,0.0
0.00015153393864245432,0.0
0.0001515439382424703,0.0
0.0001515539378424863,0.0
0.0001515639374425023,0.0
0.00015157393704251832,0.0
0.00015158393664253431,0.0
0.0001515939362425503,0.0
0.0001516039358425663,0.0
0.0001516139354425823,0.016666666666666607
0.00015162393504259832,0.0
0.0001516339346426143,0.0
0.0001516439342426303,0.0
0.0001516539338426463,0.0
0.0001516639334426623,0.016666666666666607
0.0001516739330426783,0.0
0.0001516839326426943,0.0
0.0001516939322427103,0.0
0.0001517039318427263,0.0
0.0001517139314427423,0.016666666666666607
0.0001517239310427583,0.0
0.0001517339306427743,0.0
0.0001517439302427903,0.0
0.0001517539298428063,0.016666666666666607
0.00015176392944282228,0.0
0.0001517739290428383,0.016666666666666607
0.0001517839286428543,0.0
0.0001517939282428703,0.0
0.00015180392784288629,0.0
0.00015181392744290228,0.0
0.0001518239270429183,0.0
0.0001518339266429343,0.0
0.0001518439262429503,0.0
0.00015185392584296628,0.0
0.00015186392544298228,0.0
0.0001518739250429983,-0.016666666666666607
0.0001518839246430143,0.0
0.00015189392424303028,0.0
0.00015190392384304628,0.0
0.00015191392344306227,0.016666666666666607
0.0001519239230430783,0.016666666666666607
0.0001519339226430943,0.0
0.00015194392224311028,0.0
0.00015195392184312628,0.0
0.0001519639214431423,0.0
0.0001519739210431583,0.016666666666666607
0.00015198392064317428,0.0
0.00015199392024319028,0.016666666666666607
0.00015200391984320627,0.0
0.0001520139194432223,0.0
0.00015202391904323829,0.0
0.00015203391864325428,0.0
0.00015204391824327027,0.0
0.00015205391784328627,0.0
0.0001520639174433023,0.0
0.00015207391704331828,0.0
0.00015208391664333428,0.0
0.00015209391624335027,0.0
0.00015210391584336626,0.0
0.00015211391544338228,0.0
0.00015212391504339828,0.0
0.00015213391464341427,0.016666666666666607
0.00015214391424343027,0.0
0.00015215391384344626,0.0
0.00015216391344346228,0.0
0.00015217391304347827,0.016666666666666607
0.00015218391264349427,0.0
0.00015219391224351026,0.0
0.00015220391184352626,0.0
0.00015221391144354228,0.0
0.00015222391104355827,0.0
0.00015223391064357426,0.0
0.00015224391024359026,0.0
0.00015225390984360625,0.0
0.00015226390944362227,0.0
0.00015227390904363827,0.0
0.00015228390864365426,0.0
0.00015229390824367025,0.0
0.00015230390784368625,-0.016666666666666607
0.00015231390744370227,0.0
0.00015232390704371826,0.0
0.00015233390664373426,0.0
0.00015234390624375025,0.0
0.00015235390584376624,0.016666666666666607
0.00015236390544378227,0.0
0.00015237390504379826,0.0
0.00015238390464381425,0.0
0.00015239390424383025,0.016666666666666607
0.00015240390384384627,0.0
0.00015241390344386226,0.016666666666666607
0.00015242390304387826,0.0
0.00015243390264389425,0.016666666666666607
0.00015244390224391024,0.016666666666666607
0.00015245390184392626,0.0
0.00015246390144394226,0.0
0.00015247390104395825,0.0
0.00015248390064397425,0.016666666666666607
0.00015249390024399024,0.0
0.00015250389984400626,0.0
0.00015251389944402225,0.0
0.00015252389904403825,0.0
0.00015253389864405424,0.0
0.00015254389824407024,0.0
0.00015255389784408626,0.0
0.00015256389744410225,0.016666666666666607
0.00015257389704411824,0.0
0.00015258389664413424,0.0
0.00015259389624415023,0.0
0.00015260389584416625,0.0
0.00015261389544418225,0.0
0.00015262389504419824,0.0
0.00015263389464421423,0.0
0.00015264389424423023,0.0
0.00015265389384424625,0.016666666666666607
0.00015266389344426224,0.0
0.00015267389304427824,0.016666666666666607
0.00015268389264429423,0.016666666666666607
0.00015269389224431022,0.0
0.00015270389184432625,0.0
0.00015271389144434224,0.016666666666666607
0.00015272389104435823,0.0
0.00015273389064437423,0.0
0.00015274389024439022,0.0
0.00015275388984440624,0.0
0.00015276388944442224,0.0
0.00015277388904443823,0.0
0.00015278388864445422,0.0
0.00015279388824447022,0.0
0.00015280388784448624,0.0
0.00015281388744450223,0.016666666666666607
0.00015282388704451823,-0.016666666666666607
0.00015283388664453422,0.0
0.0001528438862445502,0.0
0.00015285388584456623,0.0
0.00015286388544458223,0.0
0.00015287388504459822,0.0
0.00015288388464461422,0.0
0.00015289388424463024,0.0
0.00015290388384464623,0.0
0.00015291388344466222,0.0
0.00015292388304467822,0.0
0.0001529338826446942,0.016666666666666607
0.00015294388224471023,0.0
0.00015295388184472623,0.0
0.00015296388144474222,0.0
0.00015297388104475821,0.0
0.0001529838806447742,0.0
0.00015299388024479023,0.0
0.00015300387984480622,0.0
0.00015301387944482222,0.016666666666666607
0.0001530238790448382,0.0
0.0001530338786448542,0.0
0.00015304387824487023,0.0
0.00015305387784488622,0.0
0.0001530638774449022,0.0
0.0001530738770449182,0.0
0.0001530838766449342,0.0
0.00015309387624495022,0.0
0.00015310387584496622,0.0
0.0001531138754449822,0.0
0.0001531238750449982,0.0
0.0001531338746450142,0.0
0.00015314387424503022,0.0
0.0001531538738450462,0.016666666666666607
0.0001531638734450622,0.0
0.0001531738730450782,0.0
0.0001531838726450942,0.0
0.00015319387224511021,0.0
0.0001532038718451262,0.0
0.0001532138714451422,0.0
0.0001532238710451582,0.0
0.0001532338706451742,0.0
0.0001532438702451902,0.0
0.0001532538698452062,0.0
0.0001532638694452222,0.0
0.0001532738690452382,0.016666666666666607
0.00015328386864525419,0.016666666666666607
0.0001532938682452702,0.0
0.0001533038678452862,0.0
0.0001533138674453022,0.0
0.0001533238670453182,0.0
0.0001533338666453342,0.0
0.0001533438662453502,0.0
0.0001533538658453662,-0.016666666666666607
0.0001533638654453822,0.0
0.00015337386504539818,0.0
0.0001533838646454142,0.0
0.0001533938642454302,0.0
0.0001534038638454462,0.0
0.00015341386344546219,0.0
0.00015342386304547818,0.0
0.0001534338626454942,0.0
0.0001534438622455102,0.0
0.0001534538618455262,0.016666666666666607
0.00015346386144554218,0.0
0.00015347386104555818,0.0
0.0001534838606455742,0.0
0.0001534938602455902,0.0
0.00015350385984560618,0.0
0.00015351385944562218,0.0
0.00015352385904563817,0.0
0.0001535338586456542,0.0
0.0001535438582456702,-0.016666666666666607
0.00015355385784568618,0.0
0.00015356385744570218,0.0
0.00015357385704571817,0.0
0.0001535838566457342,0.0
0.00015359385624575018,0.016666666666666607
0.00015360385584576618,0.016666666666666607
0.00015361385544578217,0.0
0.00015362385504579817,0.0
0.00015363385464581419,0.0
0.00015364385424583018,0.0
0.00015365385384584617,0.0
0.00015366385344586217,0.016666666666666607
0.00015367385304587816,0.0
0.00015368385264589418,0.0
0.00015369385224591018,0.0
0.00015370385184592617,0.0
0.00015371385144594216,0.016666666666666607
0.00015372385104595816,0.0
0.00015373385064597418,0.0
0.00015374385024599017,0.016666666666666607
0.00015375384984600617,0.0
0.00015376384944602216,0.0
0.00015377384904603815,0.0
0.00015378384864605417,0.016666666666666607
0.00015379384824607017,0.0
0.00015380384784608616,0.0
0.00015381384744610216,0.016666666666666607
0.00015382384704611818,0.016666666666666607
0.00015383384664613417,0.0
0.00015384384624615016,0.0
0.00015385384584616616,0.0
0.00015386384544618215,0.016666666666666607
0.00015387384504619817,0.0
0.00015388384464621417,0.0
0.00015389384424623016,0.0
0.00015390384384624615,0.0
0.00015391384344626215,0.016666666666666607
0.00015392384304627817,0.0
0.00015393384264629416,0.0
0.00015394384224631016,0.0
0.00015395384184632615,0.0
0.00015396384144634214,0.016666666666666607
0.00015397384104635817,0.0
0.00015398384064637416,0.0
0.00015399384024639015,0.0
0.00015400383984640615,0.0
0.00015401383944642214,0.016666666666666607
0.00015402383904643816,0.0
0.00015403383864645416,0.0
0.00015404383824647015,0.0
0.00015405383784648614,0.016666666666666607
0.00015406383744650214,0.0
0.00015407383704651816,0.0
0.00015408383664653415,0.0
0.00015409383624655015,0.016666666666666607
0.00015410383584656614,0.0
0.00015411383544658213,0.016666666666666607
0.00015412383504659815,0.0
0.00015413383464661415,0.016666666666666607
0.00015414383424663014,0.0
0.00015415383384664614,0.0
0.00015416383344666213,0.0
0.00015417383304667815,0.016666666666666607
0.00015418383264669414,0.0
0.00015419383224671014,0.0
0.00015420383184672613,0.0
0.00015421383144674213,0.0
0.00015422383104675815,0.0
0.00015423383064677414,0.0
0.00015424383024679013,0.0
0.00015425382984680613,0.016666666666666607
0.00015426382944682212,0.0
0.00015427382904683814,0.0
0.00015428382864685414,0.0
0.00015429382824687013,0.0
0.00015430382784688612,0.0
0.00015431382744690215,0.0
0.00015432382704691814,0.0
0.00015433382664693413,0.016666666666666607
0.00015434382624695013,0.0
0.00015435382584696612,0.0
0.00015436382544698214,0.0
0.00015437382504699814,0.0
0.00015438382464701413,-0.016666666666666607
0.00015439382424703012,0.0
0.00015440382384704612,0.0
0.00015441382344706214,0.016666666666666607
0.00015442382304707813,0.0
0.00015443382264709413,0.0
0.00015444382224711012,0.0
0.0001544538218471261,0.0
0.00015446382144714213,0.0
0.00015447382104715813,0.0
0.00015448382064717412,0.0
0.00015449382024719012,0.0
0.0001545038198472061,0.0
0.00015451381944722213,0.0
0.00015452381904723812,0.0
0.00015453381864725412,0.0
0.0001545438182472701,0.016666666666666607
0.0001545538178472861,0.0
0.00015456381744730213,0.0
0.00015457381704731812,0.0
0.00015458381664733411,0.0
0.0001545938162473501,0.0
0.0001546038158473661,0.0
0.00015461381544738212,0.0
0.00015462381504739812,0.0
0.0001546338146474141,0.016666666666666607
0.0001546438142474301,0.0
0.0001546538138474461,0.0
0.00015466381344746212,0.0
0.0001546738130474781,0.0
0.0001546838126474941,0.016666666666666607
0.0001546938122475101,0.0
0.0001547038118475261,0.0
0.00015471381144754212,0.0
0.0001547238110475581,0.0
0.0001547338106475741,0.0
0.0001547438102475901,0.0
0.00015475380984760612,0.0
0.0001547638094476221,0.0
0.0001547738090476381,0.0
0.0001547838086476541,0.0
0.0001547938082476701,0.0
0.00015480380784768611,0.0
0.0001548138074477021,0.016666666666666607
0.0001548238070477181,0.0
0.0001548338066477341,0.016666666666666607
0.0001548438062477501,0.016666666666666607
0.0001548538058477661,0.0
0.0001548638054477821,0.016666666666666607
0.0001548738050477981,0.0
0.0001548838046478141,0.0
0.00015489380424783009,0.0
0.0001549038038478461,0.0
0.0001549138034478621,0.0
0.0001549238030478781,0.0
0.0001549338026478941,0.0
0.00015494380224791008,0.0
0.0001549538018479261,0.0
0.0001549638014479421,0.0
0.0001549738010479581,0.0
0.00015498380064797408,0.0
0.00015499380024799008,0.0
0.0001550037998480061,0.0
0.0001550137994480221,0.0
0.00015502379904803809,0.0
0.00015503379864805408,0.0
0.00015504379824807007,0.0
0.0001550537978480861,0.016666666666666607
0.0001550637974481021,0.0
0.00015507379704811808,0.016666666666666607
0.00015508379664813408,0.0
0.00015509379624815007,0.016666666666666607
0.0001551037958481661,0.0
0.00015511379544818209,0.0
0.00015512379504819808,0.0
0.00015513379464821407,0.016666666666666607
0.00015514379424823007,0.0
0.0001551537938482461,0.016666666666666607
0.00015516379344826208,0.0
0.00015517379304827808,0.0
0.00015518379264829407,0.0
0.00015519379224831006,0.016666666666666607
0.00015520379184832608,0.0
0.00015521379144834208,0.016666666666666607
0.00015522379104835807,0.0
0.00015523379064837407,0.0
0.00015524379024839009,0.0
0.00015525378984840608,0.0
0.00015526378944842207,0.0
0.00015527378904843807,0.0
0.00015528378864845406,0.016666666666666607
0.00015529378824847008,0.0
0.00015530378784848608,0.0
0.00015531378744850207,0.016666666666666607
0.00015532378704851806,0.0
0.00015533378664853406,0.0
0.00015534378624855008,0.0
0.00015535378584856607,0.0
0.00015536378544858207,0.0
0.00015537378504859806,0.0
0.00015538378464861405,0.0
0.00015539378424863007,0.0
0.00015540378384864607,-0.016666666666666607
0.00015541378344866206,0.0
0.00015542378304867806,0.0
0.00015543378264869405,0.0
0.00015544378224871007,0.0
0.00015545378184872606,0.016666666666666607
0.00015546378144874206,0.0
0.00015547378104875805,0.0
0.00015548378064877405,0.0
0.00015549378024879007,0.016666666666666607
0.00015550377984880606,0.0
0.00015551377944882205,0.016666666666666607
0.00015552377904883805,0.0
0.00015553377864885404,0.0
0.00015554377824887006,0.0
0.00015555377784888606,0.016666666666666607
0.00015556377744890205,0.0
0.00015557377704891804,0.0
0.00015558377664893404,0.016666666666666607
0.00015559377624895006,0.0
0.00015560377584896605,0.0
0.00015561377544898205,0.016666666666666607
0.00015562377504899804,0.0
0.00015563377464901403,0.0
0.00015564377424903006,0.0
0.00015565377384904605,0.0
0.00015566377344906204,0.0
0.00015567377304907804,0.0
0.00015568377264909406,0.0
0.00015569377224911005,0.0
0.00015570377184912605,0.0
0.00015571377144914204,0.0
0.00015572377104915803,0.0
0.00015573377064917405,0.0
0.00015574377024919005,0.0
0.00015575376984920604,0.0
0.00015576376944922204,0.0
0.00015577376904923803,0.0
0.00015578376864925405,0.0
0.00015579376824927004,0.0
0.00015580376784928604,0.0
0.00015581376744930203,0.0
0.00015582376704931803,0.0
0.00015583376664933405,0.0
0.00015584376624935004,0.016666666666666607
0.00015585376584936603,0.0
0.00015586376544938203,0.0
0.00015587376504939802,0.0
0.00015588376464941404,0.0
0.00015589376424943004,0.0
0.00015590376384944603,0.0
0.00015591376344946202,0.0
0.00015592376304947802,0.0
0.00015593376264949404,0.0
0.00015594376224951003,0.0
0.00015595376184952603,0.0
0.00015596376144954202,0.0
0.00015597376104955801,0.0
0.00015598376064957404,0.0
0.00015599376024959003,0.0
0.00015600375984960602,0.0
0.00015601375944962202,0.016666666666666607
0.000156023759049638,0.0
0.00015603375864965403,0.0
0.00015604375824967003,0.0
0.00015605375784968602,0.0
0.000156063757449702,0.0
0.000156073757049718,0.0
0.00015608375664973403,0.0
0.00015609375624975002,0.0
0.00015610375584976602,0.0
0.000156113755449782,0.0
0.000156123755049798,-0.016666666666666607
0.00015613375464981402,0.0
0.00015614375424983002,0.0
0.000156153753849846,0.016666666666666607
0.000156163753449862,0.0
0.00015617375304987803,0.016666666666666607
0.00015618375264989402,0.016666666666666607
0.00015619375224991001,0.0
0.000156203751849926,0.0
0.000156213751449942,0.016666666666666607
0.00015622375104995802,0.0
0.00015623375064997402,0.016666666666666607
0.00015624375024999,0.0
0.000156253749850006,0.0
0.000156263749450022,0.0
0.00015627374905003802,0.0
0.000156283748650054,0.016666666666666607
0.00015629374825007,0.016666666666666607
0.000156303747850086,0.0
0.000156313747450102,0.0
0.00015632374705011802,0.0
0.000156333746650134,0.0
0.00015634374625015,0.0
0.000156353745850166,0.0
0.000156363745450182,0.0
0.000156373745050198,0.0
0.000156383744650214,0.0
0.00015639374425023,0.0
0.000156403743850246,0.0
0.000156413743450262,0.0
0.000156423743050278,0.0
0.000156433742650294,0.0
0.00015644374225031,0.016666666666666607
0.000156453741850326,0.0
0.00015646374145034198,0.016666666666666607
0.000156473741050358,0.0
0.000156483740650374,0.016666666666666607
0.00015649374025039,0.016666666666666607
0.00015650373985040599,0.0
0.00015651373945042198,0.0
0.000156523739050438,0.0
0.000156533738650454,0.0
0.00015654373825047,0.016666666666666607
0.00015655373785048598,0.016666666666666607
0.00015656373745050198,0.0
0.000156573737050518,0.0
0.000156583736650534,0.0
0.00015659373625054998,-0.016666666666666607
0.00015660373585056598,0.0
0.000156613735450582,0.0
0.000156623735050598,0.0
0.000156633734650614,0.0
0.00015664373425062998,0.0
0.00015665373385064597,0.0
0.000156663733450662,0.0
0.000156673733050678,0.0
0.00015668373265069398,0.0
0.00015669373225070998,0.0
0.00015670373185072597,0.0
0.000156713731450742,0.0
0.00015672373105075799,0.0
0.00015673373065077398,0.0
0.00015674373025078997,0.0
0.00015675372985080597,0.0
0.000156763729450822,0.0
0.00015677372905083798,0.016666666666666607
0.00015678372865085398,0.0
0.00015679372825086997,0.016666666666666607
0.00015680372785088596,0.0
0.00015681372745090198,0.016666666666666607
0.00015682372705091798,0.0
0.00015683372665093397,0.0
0.00015684372625094997,0.0
0.00015685372585096596,0.016666666666666607
0.00015686372545098198,0.016666666666666607
0.00015687372505099797,0.016666666666666607
0.00015688372465101397,0.0
0.00015689372425102996,0.0
0.00015690372385104596,0.0
0.00015691372345106198,0.0
0.00015692372305107797,0.0
0.00015693372265109396,0.0
0.00015694372225110996,0.0
0.00015695372185112595,-0.016666666666666607
0.00015696372145114197,0.0
0.00015697372105115797,0.0
0.00015698372065117396,0.0
0.00015699372025118995,0.0
0.00015700371985120595,0.016666666666666607
0.00015701371945122197,0.0
0.00015702371905123796,0.0
0.00015703371865125396,0.016666666666666607
0.00015704371825126995,0.0
0.00015705371785128594,0.0
0.00015706371745130196,0.0
0.00015707371705131796,0.0
0.00015708371665133395,0.0
0.00015709371625134995,0.0
0.00015710371585136597,0.0
0.00015711371545138196,0.0
0.00015712371505139795,0.0
0.00015713371465141395,0.0
0.00015714371425142994,0.0
0.00015715371385144596,0.0
0.00015716371345146196,-0.016666666666666607
0.00015717371305147795,0.016666666666666607
0.00015718371265149394,0.0
0.00015719371225150994,0.0
0.00015720371185152596,0.0
0.00015721371145154195,0.0
0.00015722371105155795,0.0
0.00015723371065157394,0.0
0.00015724371025158993,0.0
0.00015725370985160596,0.016666666666666607
0.00015726370945162195,0.0
0.00015727370905163794,0.0
0.00015728370865165394,0.0
0.00015729370825166993,0.016666666666666607
0.00015730370785168595,0.0
0.00015731370745170195,0.0
0.00015732370705171794,0.0
0.00015733370665173393,0.0
0.00015734370625174993,0.0
0.00015735370585176595,0.0
0.00015736370545178194,0.0
0.00015737370505179794,0.0
0.00015738370465181393,0.0
0.00015739370425182992,0.0
0.00015740370385184594,0.0
0.00015741370345186194,0.0
0.00015742370305187793,0.016666666666666607
0.00015743370265189393,0.0
0.00015744370225190992,0.0
0.00015745370185192594,0.0
0.00015746370145194193,0.0
0.00015747370105195793,0.0
0.00015748370065197392,0.0
0.00015749370025198992,0.0
0.00015750369985200594,0.0
0.00015751369945202193,0.016666666666666607
0.00015752369905203792,0.016666666666666607
0.00015753369865205392,0.016666666666666607
0.00015754369825206994,0.0
0.00015755369785208593,0.016666666666666607
0.00015756369745210193,0.0
0.00015757369705211792,0.0
0.00015758369665213391,0.0
0.00015759369625214994,0.0
0.00015760369585216593,0.0
0.00015761369545218192,0.0
0.00015762369505219792,0.0
0.0001576336946522139,0.0
0.00015764369425222993,0.0
0.00015765369385224593,0.0
0.00015766369345226192,0.0
0.0001576736930522779,0.0
0.0001576836926522939,0.0
0.00015769369225230993,0.0
0.00015770369185232592,0.0
0.00015771369145234192,0.0
0.0001577236910523579,0.016666666666666607
0.0001577336906523739,0.0
0.00015774369025238992,0.0
0.00015775368985240592,0.016666666666666607
0.0001577636894524219,0.0
0.0001577736890524379,0.0
0.0001577836886524539,0.0
0.00015779368825246992,0.0
0.00015780368785248591,0.0
0.0001578136874525019,0.0
0.0001578236870525179,0.0
0.0001578336866525339,0.0
0.00015784368625254992,0.0
0.0001578536858525659,0.0
0.0001578636854525819,0.0
0.0001578736850525979,0.0
0.0001578836846526139,0.0
0.0001578936842526299,0.0
0.0001579036838526459,-0.016666666666666607
0.0001579136834526619,0.0
0.0001579236830526779,0.0
0.0001579336826526939,0.0
0.0001579436822527099,0.016666666666666607
0.0001579536818527259,0.0
0.0001579636814527419,0.0
0.0001579736810527579,0.016666666666666607
0.00015798368065277388,0.0
0.0001579936802527899,0.0
0.0001580036798528059,0.0
0.0001580136794528219,0.0
0.0001580236790528379,0.016666666666666607
0.0001580336786528539,0.016666666666666607
0.0001580436782528699,0.0
0.0001580536778528859,0.0
0.0001580636774529019,0.0
0.00015807367705291788,0.0
0.0001580836766529339,0.0
0.0001580936762529499,0.016666666666666607
0.0001581036758529659,0.0
0.00015811367545298189,0.0
0.00015812367505299788,0.0
0.0001581336746530139,0.0
0.0001581436742530299,0.0
0.0001581536738530459,0.0
0.00015816367345306188,0.0
0.00015817367305307788,0.0
0.0001581836726530939,0.0
0.0001581936722531099,0.0
0.00015820367185312588,0.0
0.00015821367145314188,0.016666666666666607
0.00015822367105315787,0.0
0.0001582336706531739,0.0
0.0001582436702531899,0.0
0.00015825366985320588,0.016666666666666607
0.00015826366945322187,0.0
0.00015827366905323787,0.0
0.0001582836686532539,0.0
0.00015829366825326988,0.0
0.00015830366785328588,0.0
0.00015831366745330187,0.0
0.00015832366705331786,0.016666666666666607
0.00015833366665333389,0.0
0.00015834366625334988,0.0
0.00015835366585336587,0.0
0.00015836366545338187,0.0
0.00015837366505339786,0.0
0.00015838366465341388,0.0
0.00015839366425342988,0.0
0.00015840366385344587,0.0
0.00015841366345346186,0.0
0.00015842366305347786,0.0
0.00015843366265349388,0.0
0.00015844366225350987,0.0
0.00015845366185352587,0.0
0.00015846366145354186,0.0
0.00015847366105355788,0.0
0.00015848366065357387,0.0
0.00015849366025358987,0.0
0.00015850365985360586,0.0
0.00015851365945362186,0.0
0.00015852365905363788,0.0
0.00015853365865365387,0.0
0.00015854365825366986,0.0
0.00015855365785368586,0.0
0.00015856365745370185,0.0
0.00015857365705371787,0.0
0.00015858365665373387,0.0
0.00015859365625374986,0.0
0.00015860365585376585,0.0
0.00015861365545378185,0.0
0.00015862365505379787,0.0
0.00015863365465381386,0.0
0.00015864365425382986,0.0
0.00015865365385384585,0.0
0.00015866365345386184,0.0
0.00015867365305387786,0.0
0.00015868365265389386,0.0
0.00015869365225390985,0.0
0.00015870365185392585,0.0
0.00015871365145394184,0.0
0.00015872365105395786,0.0
0.00015873365065397385,0.0
0.00015874365025398985,0.0
0.00015875364985400584,0.0
0.00015876364945402184,0.0
0.00015877364905403786,0.0
0.00015878364865405385,0.0
0.00015879364825406984,0.0
0.00015880364785408584,0.016666666666666607
0.00015881364745410183,0.0
0.00015882364705411785,0.0
0.00015883364665413385,0.0
0.00015884364625414984,0.0
0.00015885364585416583,0.0
0.00015886364545418183,0.0
0.00015887364505419785,0.0
0.00015888364465421384,0.0
0.00015889364425422984,0.0
0.00015890364385424583,0.0
0.00015891364345426183,0.016666666666666607
0.00015892364305427785,0.0
0.00015893364265429384,0.0
0.00015894364225430983,0.0
0.00015895364185432583,0.0
0.00015896364145434185,0.0
0.00015897364105435784,0.0
0.00015898364065437384,0.0
0.00015899364025438983,0.0
0.00015900363985440582,0.0
0.00015901363945442184,0.0
0.00015902363905443784,0.0
0.00015903363865445383,0.0
0.00015904363825446983,0.0
0.00015905363785448582,0.0
0.00015906363745450184,0.0
0.00015907363705451783,0.016666666666666607
0.00015908363665453383,0.0
0.00015909363625454982,0.016666666666666607
0.00015910363585456582,0.0
0.00015911363545458184,0.0
0.00015912363505459783,0.0
0.00015913363465461382,0.0
0.00015914363425462982,0.0
0.0001591536338546458,0.0
0.00015916363345466183,0.0
0.00015917363305467783,0.0
0.00015918363265469382,0.0
0.00015919363225470981,0.0
0.0001592036318547258,0.0
0.00015921363145474183,0.016666666666666607
0.00015922363105475782,0.0
0.00015923363065477382,0.0
0.0001592436302547898,0.016666666666666607
0.0001592536298548058,0.0
0.00015926362945482183,0.0
0.00015927362905483782,0.0
0.0001592836286548538,0.0
0.0001592936282548698,0.0
0.0001593036278548858,0.0
0.00015931362745490182,0.0
0.00015932362705491782,0.0
0.0001593336266549338,0.0
0.0001593436262549498,0.016666666666666607
0.0001593536258549658,0.0
0.00015936362545498182,0.016666666666666607
0.0001593736250549978,0.016666666666666607
0.0001593836246550138,0.0
0.0001593936242550298,0.0
0.00015940362385504582,0.0
0.00015941362345506181,0.016666666666666607
0.0001594236230550778,0.0
0.0001594336226550938,0.0
0.0001594436222551098,0.0
0.00015945362185512582,0.0
0.0001594636214551418,0.0
0.0001594736210551578,0.0
0.0001594836206551738,0.0
0.0001594936202551898,0.0
0.0001595036198552058,0.0
0.0001595136194552218,0.0
0.0001595236190552378,0.0
0.0001595336186552538,0.0
0.0001595436182552698,0.0
0.0001595536178552858,0.016666666666666607
0.0001595636174553018,0.0
0.0001595736170553178,0.016666666666666607
0.0001595836166553338,0.0
0.00015959361625534978,0.0
0.0001596036158553658,0.0
0.0001596136154553818,0.0
0.0001596236150553978,0.0
0.0001596336146554138,0.0
0.00015964361425542978,0.0
0.0001596536138554458,0.0
0.0001596636134554618,0.0
0.0001596736130554778,0.0
0.00015968361265549378,0.0
0.00015969361225550978,0.016666666666666607
0.0001597036118555258,0.0
0.0001597136114555418,0.0
0.00015972361105555779,0.0
0.00015973361065557378,0.0
0.00015974361025558977,0.0
0.0001597536098556058,0.0
0.0001597636094556218,0.0
0.00015977360905563778,0.0
0.00015978360865565378,0.0
0.00015979360825566977,0.0
0.0001598036078556858,0.0
0.00015981360745570178,0.0
0.00015982360705571778,0.0
0.00015983360665573377,0.0
0.00015984360625574977,0.0
0.0001598536058557658,0.0
0.00015986360545578178,0.016666666666666607
0.00015987360505579777,0.0
0.00015988360465581377,0.016666666666666607
0.0001598936042558298,0.016666666666666607
0.00015990360385584578,0.0
0.00015991360345586178,0.0
0.00015992360305587777,0.0
0.00015993360265589376,0.0
0.00015994360225590979,0.0
0.00015995360185592578,0.0
0.00015996360145594177,0.016666666666666607
0.00015997360105595777,0.0
0.00015998360065597376,0.0
0.00015999360025598978,0.0
0.00016000359985600578,0.0
0.00016001359945602177,0.0
0.00016002359905603776,0.0
0.00016003359865605376,0.0
0.00016004359825606978,0.0
0.00016005359785608577,0.0
0.00016006359745610177,0.016666666666666607
0.00016007359705611776,0.0
0.00016008359665613375,0.0
0.00016009359625614977,0.0
0.00016010359585616577,0.0
0.00016011359545618176,0.0
0.00016012359505619776,0.016666666666666607
0.00016013359465621375,0.0
0.00016014359425622977,0.0
0.00016015359385624576,0.0
0.00016016359345626176,0.0
0.00016017359305627775,0.0
0.00016018359265629375,0.0
0.00016019359225630977,0.0
0.00016020359185632576,0.0
0.00016021359145634175,0.016666666666666607
0.00016022359105635775,0.0
0.00016023359065637374,0.0
0.00016024359025638976,0.0
0.00016025358985640576,0.0
0.00016026358945642175,0.0
0.00016027358905643774,0.0
0.00016028358865645374,0.016666666666666607
0.00016029358825646976,0.0
0.00016030358785648575,0.0
0.00016031358745650175,0.0
0.00016032358705651774,0.0
0.00016033358665653376,0.016666666666666607
0.00016034358625654975,0.0
0.00016035358585656575,0.0
0.00016036358545658174,0.0
0.00016037358505659774,0.0
0.00016038358465661376,0.0
0.00016039358425662975,0.016666666666666607
0.00016040358385664574,0.0
0.00016041358345666174,0.0
0.00016042358305667773,0.0
0.00016043358265669375,0.0
0.00016044358225670975,0.0
0.00016045358185672574,0.0
0.00016046358145674174,0.0
0.00016047358105675773,0.0
0.00016048358065677375,0.0
0.00016049358025678974,0.0
0.00016050357985680574,0.0
0.00016051357945682173,0.016666666666666607
0.00016052357905683773,0.0
0.00016053357865685375,0.0
0.00016054357825686974,0.0
0.00016055357785688573,0.0
0.00016056357745690173,0.0
0.00016057357705691772,0.0
0.00016058357665693374,0.016666666666666607
0.00016059357625694974,0.0
0.00016060357585696573,0.016666666666666607
0.00016061357545698172,0.0
0.00016062357505699772,0.0
0.00016063357465701374,0.0
0.00016064357425702973,0.0
0.00016065357385704573,0.0
0.00016066357345706172,0.0
0.00016067357305707771,0.016666666666666607
0.00016068357265709373,0.0
0.00016069357225710973,0.016666666666666607
0.00016070357185712572,0.0
0.00016071357145714172,0.0
0.0001607235710571577,0.0
0.00016073357065717373,0.0
0.00016074357025718972,0.0
0.00016075356985720572,0.0
0.0001607635694572217,0.0
0.0001607735690572377,0.016666666666666607
0.00016078356865725373,0.0
0.00016079356825726972,0.0
0.00016080356785728571,-0.016666666666666607
0.0001608135674573017,0.0
0.00016082356705731773,0.0
0.00016083356665733372,0.0
0.00016084356625734972,0.016666666666666607
0.0001608535658573657,0.0
0.0001608635654573817,0.0
0.00016087356505739773,0.0
0.00016088356465741372,0.0
0.0001608935642574297,0.0
0.0001609035638574457,0.016666666666666607
0.0001609135634574617,0.0
0.00016092356305747772,0.0
0.00016093356265749372,0.0
0.0001609435622575097,0.0
0.0001609535618575257,0.0
0.0001609635614575417,0.0
0.00016097356105755772,0.0
0.0001609835606575737,0.0
0.0001609935602575897,0.0
0.0001610035598576057,0.0
0.0001610135594576217,0.0
0.00016102355905763771,0.0
0.0001610335586576537,0.016666666666666607
0.0001610435582576697,0.016666666666666607
0.0001610535578576857,0.0
0.0001610635574577017,0.0
0.0001610735570577177,0.016666666666666607
0.0001610835566577337,0.016666666666666607
0.0001610935562577497,0.0
0.0001611035558577657,0.016666666666666607
0.00016111355545778169,0.0
0.0001611235550577977,0.0
0.0001611335546578137,0.0
0.0001611435542578297,0.0
0.0001611535538578457,0.0
0.00016116355345786168,0.0
0.0001611735530578777,0.0
0.0001611835526578937,0.0
0.0001611935522579097,0.0
0.00016120355185792568,0.0
0.00016121355145794168,0.0
0.0001612235510579577,0.0
0.0001612335506579737,0.0
0.0001612435502579897,0.0
0.00016125354985800568,0.0
0.00016126354945802167,0.0
0.0001612735490580377,0.0
0.0001612835486580537,0.0
0.00016129354825806968,0.0
0.00016130354785808568,0.0
0.0001613135474581017,0.0
0.0001613235470581177,0.0
0.00016133354665813369,0.0
0.00016134354625814968,0.016666666666666607
0.00016135354585816567,0.016666666666666607
0.0001613635454581817,0.0
0.0001613735450581977,0.0
0.00016138354465821368,0.0
0.00016139354425822968,0.0
0.00016140354385824567,0.0
0.0001614135434582617,0.0
0.00016142354305827768,0.0
0.00016143354265829368,0.0
0.00016144354225830967,-0.016666666666666607
0.00016145354185832567,-0.016666666666666607
0.0001614635414583417,0.0
0.00016147354105835768,0.016666666666666607
0.00016148354065837367,0.0
0.00016149354025838967,0.0
0.00016150353985840566,0.0
0.00016151353945842168,0.0
0.00016152353905843768,0.0
0.00016153353865845367,0.016666666666666607
0.00016154353825846966,0.016666666666666607
0.00016155353785848566,0.016666666666666607
0.00016156353745850168,0.0
0.00016157353705851767,0.0
0.00016158353665853367,0.016666666666666607
0.00016159353625854966,0.0
0.00016160353585856565,0.016666666666666607
0.00016161353545858168,0.0
0.00016162353505859767,0.0
0.00016163353465861366,0.0
0.00016164353425862966,0.0
0.00016165353385864565,0.0
0.00016166353345866167,0.0
0.00016167353305867767,0.0
0.00016168353265869366,0.0
0.00016169353225870965,0.0
0.00016170353185872565,0.0
0.00016171353145874167,0.0
0.00016172353105875766,0.0
0.00016173353065877366,0.0
0.00016174353025878965,0.0
0.00016175352985880567,0.0
0.00016176352945882166,0.0
0.00016177352905883766,0.016666666666666607
0.00016178352865885365,0.016666666666666607
0.00016179352825886965,0.0
0.00016180352785888567,0.0
0.00016181352745890166,0.0
0.00016182352705891765,0.0
0.00016183352665893365,-0.016666666666666607
0.00016184352625894964,-0.016666666666666607
0.00016185352585896566,0.016666666666666607
0.00016186352545898166,0.033333333333333215
0.00016187352505899765,0.016666666666666607
0.00016188352465901364,0.016666666666666607
0.00016189352425902964,0.0
0.00016190352385904566,-0.016666666666666607
0.00016191352345906165,0.0
0.00016192352305907765,0.0
0.00016193352265909364,0.016666666666666607
0.00016194352225910963,0.0
0.00016195352185912565,-0.016666666666666607
0.00016196352145914165,-0.016666666666666607
0.00016197352105915764,-0.016666666666666607
0.00016198352065917364,0.0
0.00016199352025918963,0.016666666666666607
0.00016200351985920565,0.016666666666666607
0.00016201351945922165,0.0
0.00016202351905923764,0.0
0.00016203351865925363,-0.016666666666666607
0.00016204351825926963,0.0
0.00016205351785928565,0.0
0.00016206351745930164,0.0
0.00016207351705931764,0.016666666666666607
0.00016208351665933363,0.016666666666666607
0.00016209351625934962,0.0
0.00016210351585936564,-0.016666666666666607
0.00016211351545938164,0.016666666666666607
0.00016212351505939763,0.0
0.00016213351465941363,0.016666666666666607
0.00016214351425942962,0.0
0.00016215351385944564,0.0
0.00016216351345946163,-0.016666666666666607
0.00016217351305947763,0.0
0.00016218351265949362,0.0
0.00016219351225950962,0.0
0.00016220351185952564,0.0
0.00016221351145954163,0.0
0.00016222351105955762,0.0
0.00016223351065957362,0.0
0.00016224351025958964,0.0
0.00016225350985960563,0.0
0.00016226350945962163,0.0
0.00016227350905963762,0.0
0.00016228350865965361,0.0
0.00016229350825966963,0.016666666666666607
0.00016230350785968563,0.016666666666666607
0.00016231350745970162,0.0
0.00016232350705971762,0.0
0.0001623335066597336,0.0
0.00016234350625974963,0.0
0.00016235350585976562,0.0
0.00016236350545978162,0.0
0.0001623735050597976,0.0
0.0001623835046598136,0.0
0.00016239350425982963,0.0
0.00016240350385984562,0.0
0.00016241350345986161,-0.016666666666666607
0.0001624235030598776,0.0
0.0001624335026598936,0.0
0.00016244350225990962,0.0
0.00016245350185992562,0.0
0.0001624635014599416,0.0
0.0001624735010599576,0.0
0.0001624835006599736,0.016666666666666607
0.00016249350025998962,0.0
0.0001625034998600056,0.016666666666666607
0.0001625134994600216,0.0
0.0001625234990600376,0.0
0.0001625334986600536,0.0
0.00016254349826006962,0.0
0.0001625534978600856,0.0
0.0001625634974601016,0.0
0.0001625734970601176,0.0
0.0001625834966601336,0.0
0.0001625934962601496,0.0
0.0001626034958601656,0.0
0.0001626134954601816,0.0
0.0001626234950601976,0.0
0.0001626334946602136,0.0
0.0001626434942602296,-0.016666666666666607
0.0001626534938602456,0.0
0.0001626634934602616,0.0
0.0001626734930602776,0.0
0.0001626834926602936,0.0
0.0001626934922603096,0.0
0.0001627034918603256,0.0
0.0001627134914603416,0.0
0.00016272349106035759,0.0
0.0001627334906603736,0.0
0.0001627434902603896,0.0
0.0001627534898604056,0.0
0.0001627634894604216,0.016666666666666607
0.00016277348906043758,0.016666666666666607
0.0001627834886604536,0.0
0.0001627934882604696,0.0
0.0001628034878604856,0.0
0.00016281348746050158,0.0
0.00016282348706051758,0.016666666666666607
0.0001628334866605336,0.0
0.0001628434862605496,0.0
0.0001628534858605656,0.0
0.00016286348546058158,0.0
0.00016287348506059757,0.0
0.0001628834846606136,0.0
0.0001628934842606296,0.0
0.00016290348386064558,0.0
0.00016291348346066158,0.0
0.00016292348306067757,0.0
0.0001629334826606936,0.0
0.00016294348226070959,0.0
0.00016295348186072558,0.0
0.00016296348146074157,0.0
0.00016297348106075757,0.0
0.0001629834806607736,0.0
0.00016299348026078958,0.016666666666666607
0.00016300347986080558,0.0
0.00016301347946082157,0.0
0.00016302347906083756,0.0
0.00016303347866085358,0.016666666666666607
0.00016304347826086958,0.0
0.00016305347786088557,0.016666666666666607
0.00016306347746090157,0.0
0.00016307347706091756,0.0
0.00016308347666093358,0.0
0.00016309347626094957,0.0
0.00016310347586096557,0.0
0.00016311347546098156,0.0
0.00016312347506099756,0.0
0.00016313347466101358,0.0
0.00016314347426102957,0.0
0.00016315347386104556,0.0
0.00016316347346106156,0.0
0.00016317347306107758,0.0
0.00016318347266109357,0.0
0.00016319347226110957,0.016666666666666607
0.00016320347186112556,0.0
0.00016321347146114155,0.0
0.00016322347106115758,0.0
0.00016323347066117357,0.0
0.00016324347026118956,0.0
0.00016325346986120556,0.0
0.00016326346946122155,0.0
0.00016327346906123757,0.016666666666666607
0.00016328346866125357,0.0
0.00016329346826126956,0.016666666666666607
0.00016330346786128555,0.0
0.00016331346746130155,0.0
0.00016332346706131757,0.0
0.00016333346666133356,0.016666666666666607
0.00016334346626134956,0.0
0.00016335346586136555,0.0
0.00016336346546138154,0.016666666666666607
0.00016337346506139756,0.0
0.00016338346466141356,0.0
0.00016339346426142955,0.0
0.00016340346386144555,0.0
0.00016341346346146154,0.0
0.00016342346306147756,0.016666666666666607
0.00016343346266149355,0.0
0.00016344346226150955,0.0
0.00016345346186152554,0.0
0.00016346346146154154,0.0
0.00016347346106155756,0.0
0.00016348346066157355,0.0
0.00016349346026158954,0.0
0.00016350345986160554,0.016666666666666607
0.00016351345946162153,0.0
0.00016352345906163755,0.016666666666666607
0.00016353345866165355,0.0
0.00016354345826166954,0.0
0.00016355345786168553,0.0
0.00016356345746170153,0.0
0.00016357345706171755,0.0
0.00016358345666173354,0.0
0.00016359345626174954,-0.016666666666666607
0.00016360345586176553,-0.016666666666666607
0.00016361345546178155,0.0
0.00016362345506179755,0.016666666666666607
0.00016363345466181354,0.016666666666666607
0.00016364345426182953,0.016666666666666607
0.00016365345386184553,0.0
0.00016366345346186155,0.0
0.00016367345306187754,-0.016666666666666607
0.00016368345266189354,0.016666666666666607
0.00016369345226190953,0.0
0.00016370345186192552,0.0
0.00016371345146194154,0.016666666666666607
0.00016372345106195754,-0.016666666666666607
0.00016373345066197353,-0.016666666666666607
0.00016374345026198953,0.0
0.00016375344986200552,0.0
0.00016376344946202154,0.016666666666666607
0.00016377344906203753,0.016666666666666607
0.00016378344866205353,0.016666666666666607
0.00016379344826206952,0.0
0.00016380344786208552,-0.016666666666666607
0.00016381344746210154,0.0
0.00016382344706211753,0.0
0.00016383344666213352,0.016666666666666607
0.00016384344626214952,0.016666666666666607
0.0001638534458621655,0.016666666666666607
0.00016386344546218153,0.016666666666666607
0.00016387344506219753,0.0
0.00016388344466221352,0.0
0.00016389344426222951,0.0
0.0001639034438622455,0.0
0.00016391344346226153,0.0
0.00016392344306227752,0.0
0.00016393344266229352,0.0
0.0001639434422623095,0.0
0.0001639534418623255,0.0
0.00016396344146234152,0.0
0.00016397344106235752,0.016666666666666607
0.0001639834406623735,0.0
0.0001639934402623895,0.0
0.0001640034398624055,0.0
0.00016401343946242152,0.0
0.00016402343906243751,0.0
0.0001640334386624535,0.016666666666666607
0.0001640434382624695,0.0
0.0001640534378624855,0.0
0.00016406343746250152,0.016666666666666607
0.0001640734370625175,0.016666666666666607
0.0001640834366625335,0.0
0.0001640934362625495,0.016666666666666607
0.00016410343586256552,0.0
0.0001641134354625815,0.0
0.0001641234350625975,-0.016666666666666607
0.0001641334346626135,0.0
0.0001641434342626295,0.016666666666666607
0.00016415343386264552,0.016666666666666607
0.0001641634334626615,0.0
0.0001641734330626775,0.0
0.0001641834326626935,0.0
0.0001641934322627095,0.0
0.0001642034318627255,0.0
0.0001642134314627415,0.016666666666666607
0.0001642234310627575,0.0
0.0001642334306627735,0.016666666666666607
0.0001642434302627895,0.016666666666666607
0.0001642534298628055,0.016666666666666607
0.0001642634294628215,0.0
0.0001642734290628375,0.016666666666666607
0.0001642834286628535,0.0
0.00016429342826286948,0.016666666666666607
0.0001643034278628855,0.0
0.0001643134274629015,0.0
0.0001643234270629175,0.016666666666666607
0.00016433342666293349,0.016666666666666607
0.00016434342626294948,0.0
0.0001643534258629655,0.0
0.0001643634254629815,0.016666666666666607
0.0001643734250629975,0.0
0.00016438342466301348,0.0
0.00016439342426302948,0.0
0.0001644034238630455,-0.016666666666666607
0.0001644134234630615,0.0
0.00016442342306307748,0.0
0.00016443342266309348,0.0
0.00016444342226310947,0.0
0.0001644534218631255,0.0
0.0001644634214631415,0.0
0.00016447342106315748,0.0
0.00016448342066317347,0.0
0.00016449342026318947,0.0
0.0001645034198632055,0.0
0.00016451341946322148,0.0
0.00016452341906323748,0.0
0.00016453341866325347,0.0
0.0001645434182632695,0.016666666666666607
0.00016455341786328549,0.0
0.00016456341746330148,0.016666666666666607
0.00016457341706331747,0.016666666666666607
0.00016458341666333347,0.0
0.0001645934162633495,0.016666666666666607
0.00016460341586336548,0.0
0.00016461341546338148,0.0
0.00016462341506339747,0.0
0.00016463341466341346,0.0
0.00016464341426342948,0.0
0.00016465341386344548,0.0
0.00016466341346346147,0.0
0.00016467341306347747,0.0
0.00016468341266349346,0.0
0.00016469341226350948,0.0
0.00016470341186352547,0.0
0.00016471341146354147,0.0
0.00016472341106355746,0.0
0.00016473341066357346,0.0
0.00016474341026358948,0.0
0.00016475340986360547,0.0
0.00016476340946362146,0.0
0.00016477340906363746,0.0
0.00016478340866365345,0.0
0.00016479340826366947,0.0
0.00016480340786368547,0.0
0.00016481340746370146,0.016666666666666607
0.00016482340706371745,0.016666666666666607
0.00016483340666373345,0.016666666666666607
0.00016484340626374947,0.0
0.00016485340586376546,0.0
0.00016486340546378146,0.0
0.00016487340506379745,0.0
0.00016488340466381344,0.0
0.00016489340426382947,0.016666666666666607
0.00016490340386384546,0.0
0.00016491340346386145,0.016666666666666607
0.00016492340306387745,0.0
0.00016493340266389344,0.0
0.00016494340226390946,0.0
0.00016495340186392546,0.016666666666666607
0.00016496340146394145,0.0
0.00016497340106395744,0.0
0.00016498340066397344,-0.016666666666666607
0.00016499340026398946,0.0
0.00016500339986400545,0.0
0.00016501339946402145,0.0
0.00016502339906403744,0.0
0.00016503339866405346,0.016666666666666607
0.00016504339826406945,0.0
0.00016505339786408545,0.016666666666666607
0.00016506339746410144,0.0
0.00016507339706411744,0.0
0.00016508339666413346,0.0
0.00016509339626414945,0.0
0.00016510339586416544,0.016666666666666607
0.00016511339546418144,0.016666666666666607
0.00016512339506419743,0.0
0.00016513339466421345,0.0
0.00016514339426422945,0.0
0.00016515339386424544,0.016666666666666607
0.00016516339346426143,0.0
0.00016517339306427743,0.016666666666666607
0.00016518339266429345,0.0
0.00016519339226430944,0.0
0.00016520339186432544,0.0
0.00016521339146434143,0.0
0.00016522339106435742,0.0
0.00016523339066437345,0.0
0.00016524339026438944,0.0
0.00016525338986440543,0.0
0.00016526338946442143,0.0
0.00016527338906443742,0.0
0.00016528338866445344,0.0
0.00016529338826446944,0.0
0.00016530338786448543,0.0
0.00016531338746450142,0.0
0.00016532338706451742,0.0
0.00016533338666453344,0.016666666666666607
0.00016534338626454943,0.0
0.00016535338586456543,0.0
0.00016536338546458142,0.0
0.0001653733850645974,0.016666666666666607
0.00016538338466461343,0.0
0.00016539338426462943,0.016666666666666607
0.00016540338386464542,0.0
0.00016541338346466142,0.0
0.0001654233830646774,0.0
0.00016543338266469343,-0.016666666666666607
0.00016544338226470942,0.0
0.00016545338186472542,0.0
0.0001654633814647414,0.0
0.00016547338106475743,0.0
0.00016548338066477343,0.0
0.00016549338026478942,0.0
0.00016550337986480541,0.0
0.0001655133794648214,0.0
0.00016552337906483743,0.016666666666666607
0.00016553337866485342,0.016666666666666607
0.00016554337826486942,0.0
0.0001655533778648854,0.016666666666666607
0.0001655633774649014,0.0
0.00016557337706491742,0.0
0.00016558337666493342,0.0
0.0001655933762649494,0.0
0.0001656033758649654,0.0
0.0001656133754649814,0.0
0.00016562337506499742,0.0
0.00016563337466501341,0.0
0.0001656433742650294,0.016666666666666607
0.0001656533738650454,0.0
0.0001656633734650614,0.0
0.00016567337306507742,0.0
0.0001656833726650934,0.0
0.0001656933722651094,0.016666666666666607
0.0001657033718651254,0.0
0.0001657133714651414,0.016666666666666607
0.0001657233710651574,0.0
0.0001657333706651734,0.0
0.0001657433702651894,0.0
0.0001657533698652054,0.0
0.0001657633694652214,0.0
0.0001657733690652374,0.016666666666666607
0.0001657833686652534,0.0
0.0001657933682652694,0.0
0.0001658033678652854,0.0
0.00016581336746530139,0.016666666666666607
0.0001658233670653174,0.0
0.0001658333666653334,0.0
0.0001658433662653494,0.0
0.0001658533658653654,0.0
0.00016586336546538138,0.0
0.0001658733650653974,0.0
0.0001658833646654134,0.0
0.0001658933642654294,0.0
0.00016590336386544538,0.0
0.00016591336346546138,0.016666666666666607
0.0001659233630654774,0.0
0.0001659333626654934,0.0
0.00016594336226550939,0.0
0.00016595336186552538,0.0
0.0001659633614655414,0.0
0.0001659733610655574,0.0
0.0001659833606655734,0.0
0.00016599336026558938,0.0
0.00016600335986560538,0.0
0.0001660133594656214,0.0
0.0001660233590656374,0.0
0.00016603335866565338,0.0
0.00016604335826566938,0.0
0.00016605335786568537,0.0
0.0001660633574657014,0.016666666666666607
0.0001660733570657174,0.0
0.00016608335666573338,0.0
0.00016609335626574937,0.0
0.00016610335586576537,-0.016666666666666607
0.0001661133554657814,0.0
0.00016612335506579738,0.0
0.00016613335466581338,0.0
0.00016614335426582937,0.0
0.00016615335386584536,0.0
0.00016616335346586139,0.0
0.00016617335306587738,0.0
0.00016618335266589337,0.016666666666666607
0.00016619335226590937,0.0
0.00016620335186592536,0.0
0.00016621335146594138,0.0
0.00016622335106595738,0.016666666666666607
0.00016623335066597337,0.0
0.00016624335026598936,0.0
0.00016625334986600536,0.0
0.00016626334946602138,0.0
0.00016627334906603737,0.0
0.00016628334866605337,0.0
0.00016629334826606936,0.0
0.00016630334786608535,0.0
0.00016631334746610137,0.0
0.00016632334706611737,0.0
0.00016633334666613336,0.0
0.00016634334626614936,0.0
0.00016635334586616535,0.0
0.00016636334546618137,0.0
0.00016637334506619736,0.0
0.00016638334466621336,0.0
0.00016639334426622935,0.0
0.00016640334386624537,0.0
0.00016641334346626137,0.016666666666666607
0.00016642334306627736,0.016666666666666607
0.00016643334266629335,0.0
0.00016644334226630935,0.0
0.00016645334186632537,0.0
0.00016646334146634136,0.016666666666666607
0.00016647334106635736,0.0
0.00016648334066637335,0.0
0.00016649334026638934,0.0
0.00016650333986640537,0.0
0.00016651333946642136,0.0
0.00016652333906643735,0.0
0.00016653333866645335,0.0
0.00016654333826646934,0.0
0.00016655333786648536,0.0
0.00016656333746650136,0.016666666666666607
0.00016657333706651735,0.0
0.00016658333666653334,0.016666666666666607
0.00016659333626654934,0.0
0.00016660333586656536,0.0
0.00016661333546658135,0.016666666666666607
0.00016662333506659735,0.0
0.00016663333466661334,0.0
0.00016664333426662933,0.0
0.00016665333386664535,0.0
0.00016666333346666135,0.0
0.00016667333306667734,0.0
0.00016668333266669334,0.0
0.00016669333226670933,0.0
0.00016670333186672535,0.0
0.00016671333146674134,0.016666666666666607
0.00016672333106675734,0.0
0.00016673333066677333,0.0
0.00016674333026678933,0.016666666666666607
0.00016675332986680535,0.0
0.00016676332946682134,0.0
0.00016677332906683733,0.0
0.00016678332866685333,0.016666666666666607
0.00016679332826686932,0.0
0.00016680332786688534,0.0
0.00016681332746690134,0.0
0.00016682332706691733,0.0
0.00016683332666693332,0.0
0.00016684332626694932,0.0
0.00016685332586696534,0.0
0.00016686332546698133,0.0
0.00016687332506699733,0.0
0.00016688332466701332,0.0
0.00016689332426702934,0.0
0.00016690332386704534,0.0
0.00016691332346706133,0.0
0.00016692332306707732,0.0
0.00016693332266709332,0.0
0.00016694332226710934,0.016666666666666607
0.00016695332186712533,0.0
0.00016696332146714133,0.0
0.00016697332106715732,0.0
0.0001669833206671733,0.0
0.00016699332026718933,0.0
0.00016700331986720533,0.0
0.00016701331946722132,0.016666666666666607
0.00016702331906723732,0.0
0.0001670333186672533,0.0
0.00016704331826726933,0.0
0.00016705331786728532,0.0
0.00016706331746730132,0.0
0.0001670733170673173,0.0
0.0001670833166673333,0.0
0.00016709331626734933,0.0
0.00016710331586736532,0.0
0.00016711331546738131,0.0
0.0001671233150673973,0.0
0.0001671333146674133,0.0
0.00016714331426742932,0.016666666666666607
0.00016715331386744532,0.0
0.0001671633134674613,0.0
0.0001671733130674773,0.0
0.0001671833126674933,0.0
0.00016719331226750932,0.0
0.0001672033118675253,0.0
0.0001672133114675413,0.0
0.0001672233110675573,0.0
0.0001672333106675733,0.016666666666666607
0.00016724331026758931,0.0
0.0001672533098676053,0.0
0.0001672633094676213,0.0
0.0001672733090676373,0.0
0.0001672833086676533,0.0
0.0001672933082676693,0.0
0.0001673033078676853,0.0
0.0001673133074677013,0.0
0.0001673233070677173,0.0
0.00016733330666773329,0.0
0.0001673433062677493,0.0
0.0001673533058677653,0.0
0.0001673633054677813,0.0
0.0001673733050677973,0.0
0.0001673833046678133,0.0
0.0001673933042678293,0.0
0.0001674033038678453,0.0
0.0001674133034678613,0.0
0.00016742330306787729,0.0
0.0001674333026678933,0.016666666666666607
0.0001674433022679093,0.0
0.0001674533018679253,0.0
0.0001674633014679413,0.0
0.00016747330106795728,0.0
0.0001674833006679733,0.0
0.0001674933002679893,0.016666666666666607
0.0001675032998680053,0.0
0.00016751329946802128,0.0
0.00016752329906803728,0.0
0.0001675332986680533,0.016666666666666607
0.0001675432982680693,0.0
0.00016755329786808529,0.0
0.00016756329746810128,0.0
0.00016757329706811727,0.0
0.0001675832966681333,0.0
0.0001675932962681493,0.0
0.00016760329586816528,0.0
0.00016761329546818128,0.0
0.00016762329506819727,0.0
0.0001676332946682133,0.0
0.00016764329426822928,0.0
0.00016765329386824528,0.0
0.00016766329346826127,0.0
0.00016767329306827727,0.0
0.0001676832926682933,0.0
0.00016769329226830928,0.016666666666666607
0.00016770329186832527,0.0
0.00016771329146834127,0.0
0.00016772329106835726,0.0
0.00016773329066837328,0.0
0.00016774329026838928,0.0
0.00016775328986840527,0.0
0.00016776328946842126,0.0
0.00016777328906843726,0.0
0.00016778328866845328,0.0
0.00016779328826846927,0.0
0.00016780328786848527,0.0
0.00016781328746850126,0.016666666666666607
0.00016782328706851728,0.0
0.00016783328666853328,0.0
0.00016784328626854927,0.0
0.00016785328586856526,0.0
0.00016786328546858126,0.0
0.00016787328506859728,0.0
0.00016788328466861327,0.0
0.00016789328426862927,0.0
0.00016790328386864526,0.0
0.00016791328346866125,0.0
0.00016792328306867727,-0.016666666666666607
0.00016793328266869327,0.0
0.00016794328226870926,0.0
0.00016795328186872526,0.0
0.00016796328146874125,0.0
0.00016797328106875727,0.016666666666666607
0.00016798328066877326,0.0
0.00016799328026878926,0.0
0.00016800327986880525,0.0
0.00016801327946882125,0.0
0.00016802327906883727,0.0
0.00016803327866885326,0.0
0.00016804327826886925,0.016666666666666607
0.00016805327786888525,0.0
0.00016806327746890124,0.0
0.00016807327706891726,0.0
0.00016808327666893326,0.0
0.00016809327626894925,0.016666666666666607
0.00016810327586896524,0.016666666666666607
0.00016811327546898124,0.0
0.00016812327506899726,0.0
0.00016813327466901325,0.0
0.00016814327426902925,0.016666666666666607
0.00016815327386904524,0.016666666666666607
0.00016816327346906123,0.0
0.00016817327306907726,0.0
0.00016818327266909325,0.0
0.00016819327226910924,0.0
0.00016820327186912524,0.016666666666666607
0.00016821327146914123,0.0
0.00016822327106915725,0.0
0.00016823327066917325,0.0
0.00016824327026918924,0.0
0.00016825326986920523,0.0
0.00016826326946922123,0.016666666666666607
0.00016827326906923725,0.0
0.00016828326866925324,0.0
0.00016829326826926924,0.0
0.00016830326786928523,0.0
0.00016831326746930125,0.0
0.00016832326706931724,0.0
0.00016833326666933324,0.0
0.00016834326626934923,0.0
0.00016835326586936523,0.016666666666666607
0.00016836326546938125,0.016666666666666607
0.00016837326506939724,0.0
0.00016838326466941323,0.016666666666666607
0.00016839326426942923,0.0
0.00016840326386944522,0.016666666666666607
0.00016841326346946124,0.0
0.00016842326306947724,0.0
0.00016843326266949323,0.0
0.00016844326226950922,0.0
0.00016845326186952522,0.0
0.00016846326146954124,0.0
0.00016847326106955723,0.0
0.00016848326066957323,0.016666666666666607
0.00016849326026958922,0.0
0.00016850325986960521,0.0
0.00016851325946962124,0.0
0.00016852325906963723,0.0
0.00016853325866965322,0.0
0.00016854325826966922,0.0
0.0001685532578696852,0.0
0.00016856325746970123,0.0
0.00016857325706971723,0.016666666666666607
0.00016858325666973322,0.0
0.0001685932562697492,0.0
0.0001686032558697652,0.0
0.00016861325546978123,0.0
0.00016862325506979722,0.0
0.00016863325466981322,0.0
0.0001686432542698292,0.0
0.0001686532538698452,0.016666666666666607
0.00016866325346986122,0.0
0.00016867325306987722,0.0
0.0001686832526698932,0.0
0.0001686932522699092,0.0
0.0001687032518699252,0.0
0.00016871325146994122,0.0
0.00016872325106995721,0.0
0.0001687332506699732,0.016666666666666607
0.0001687432502699892,0.0
0.00016875324987000522,0.0
0.00016876324947002122,0.0
0.0001687732490700372,0.0
0.0001687832486700532,0.0
0.0001687932482700692,0.016666666666666607
0.00016880324787008522,0.0
0.0001688132474701012,0.0
0.0001688232470701172,0.0
0.0001688332466701332,0.0
0.0001688432462701492,0.0
0.00016885324587016521,0.016666666666666607
0.0001688632454701812,0.0
0.0001688732450701972,0.0
0.0001688832446702132,0.0
0.0001688932442702292,0.016666666666666607
0.0001689032438702452,0.0
0.0001689132434702612,0.0
0.0001689232430702772,0.0
0.0001689332426702932,0.0
0.0001689432422703092,0.016666666666666607
0.0001689532418703252,0.0
0.0001689632414703412,0.0
0.0001689732410703572,0.0
0.0001689832406703732,0.0
0.00016899324027038918,0.0
0.0001690032398704052,0.0
0.0001690132394704212,0.0
0.0001690232390704372,0.0
0.00016903323867045319,0.0
0.00016904323827046918,0.0
0.0001690532378704852,0.0
0.0001690632374705012,0.0
0.0001690732370705172,0.0
0.00016908323667053318,0.0
0.00016909323627054918,0.016666666666666607
0.0001691032358705652,0.0
0.0001691132354705812,0.016666666666666607
0.00016912323507059718,-0.016666666666666607
0.00016913323467061318,0.0
0.00016914323427062917,0.0
0.0001691532338706452,0.0
0.00016916323347066119,0.016666666666666607
0.00016917323307067718,0.0
0.00016918323267069317,0.0
0.00016919323227070917,0.0
0.0001692032318707252,0.0
0.00016921323147074118,0.0
0.00016922323107075718,0.0
0.00016923323067077317,0.0
0.0001692432302707892,0.0
0.00016925322987080518,0.0
0.00016926322947082118,0.0
0.00016927322907083717,0.0
0.00016928322867085317,0.016666666666666607
0.0001692932282708692,0.0
0.00016930322787088518,0.0
0.00016931322747090117,0.0
0.00016932322707091717,0.0
0.00016933322667093316,0.0
0.00016934322627094918,0.0
0.00016935322587096518,0.0
0.00016936322547098117,0.0
0.00016937322507099716,0.0
0.00016938322467101316,0.0
0.00016939322427102918,0.0
0.00016940322387104517,0.0
0.00016941322347106117,0.016666666666666607
0.00016942322307107716,0.0
0.00016943322267109315,0.0
0.00016944322227110918,0.0
0.00016945322187112517,0.0
0.00016946322147114116,0.0
0.00016947322107115716,0.016666666666666607
0.00016948322067117315,0.0
0.00016949322027118917,0.016666666666666607
0.00016950321987120517,0.016666666666666607
0.00016951321947122116,0.0
0.00016952321907123715,0.0
0.00016953321867125315,0.0
0.00016954321827126917,0.016666666666666607
0.00016955321787128516,0.0
0.00016956321747130116,0.0
0.00016957321707131715,0.0
0.00016958321667133314,0.0
0.00016959321627134916,0.016666666666666607
0.00016960321587136516,0.0
0.00016961321547138115,0.0
0.00016962321507139715,0.0
0.00016963321467141314,0.0
0.00016964321427142916,0.0
0.00016965321387144515,0.0
0.00016966321347146115,0.0
0.00016967321307147714,0.0
0.00016968321267149316,0.016666666666666607
0.00016969321227150916,0.0
0.00016970321187152515,0.0
0.00016971321147154114,0.0
0.00016972321107155714,0.0
0.00016973321067157316,0.016666666666666607
0.00016974321027158915,0.0
0.00016975320987160515,0.0
0.00016976320947162114,0.0
0.00016977320907163713,0.0
0.00016978320867165316,0.0
0.00016979320827166915,0.0
0.00016980320787168514,0.0
0.00016981320747170114,0.016666666666666607
0.00016982320707171713,0.0
0.00016983320667173315,0.0
0.00016984320627174915,0.0
0.00016985320587176514,0.0
0.00016986320547178113,0.0
0.00016987320507179713,0.0
0.00016988320467181315,0.0
0.00016989320427182914,0.0
0.00016990320387184514,0.0
0.00016991320347186113,0.0
0.00016992320307187712,0.0
0.00016993320267189314,0.0
0.00016994320227190914,0.0
0.00016995320187192513,0.0
0.00016996320147194113,0.0
0.00016997320107195712,0.016666666666666607
0.00016998320067197314,0.016666666666666607
0.00016999320027198913,0.0
0.00017000319987200513,0.0
0.00017001319947202112,0.0
0.00017002319907203712,0.0
0.00017003319867205314,0.016666666666666607
0.00017004319827206913,0.0
0.00017005319787208512,0.0
0.00017006319747210112,0.0
0.0001700731970721171,0.0
0.00017008319667213313,0.0
0.00017009319627214913,0.016666666666666607
0.00017010319587216512,0.0
0.00017011319547218111,0.0
0.0001701231950721971,0.0
0.00017013319467221313,0.0
0.00017014319427222912,0.0
0.00017015319387224512,0.016666666666666607
0.0001701631934722611,0.0
0.00017017319307227713,0.016666666666666607
0.00017018319267229313,0.0
0.00017019319227230912,0.016666666666666607
0.0001702031918723251,0.0
0.0001702131914723411,0.0
0.00017022319107235713,0.0
0.00017023319067237312,0.0
0.00017024319027238912,0.0
0.0001702531898724051,0.0
0.0001702631894724211,0.0
0.00017027318907243712,0.016666666666666607
0.00017028318867245312,0.0
0.0001702931882724691,0.0
0.0001703031878724851,0.0
0.0001703131874725011,0.0
0.00017032318707251712,0.0
0.00017033318667253311,0.0
0.0001703431862725491,0.0
0.0001703531858725651,0.0
0.0001703631854725811,0.0
0.00017037318507259712,0.0
0.0001703831846726131,0.016666666666666607
0.0001703931842726291,0.016666666666666607
0.0001704031838726451,0.0
0.0001704131834726611,0.0
0.0001704231830726771,0.0
0.0001704331826726931,0.0
0.0001704431822727091,0.0
0.0001704531818727251,0.0
0.0001704631814727411,0.0
0.0001704731810727571,0.0
0.0001704831806727731,0.0
0.0001704931802727891,0.0
0.0001705031798728051,0.0
0.00017051317947282108,0.0
0.0001705231790728371,0.0
0.0001705331786728531,0.0
0.0001705431782728691,0.0
0.0001705531778728851,0.0
0.00017056317747290108,0.0
0.0001705731770729171,0.016666666666666607
0.0001705831766729331,0.0
0.0001705931762729491,0.0
0.00017060317587296508,0.0
0.0001706131754729811,0.0
0.0001706231750729971,0.016666666666666607
0.0001706331746730131,0.0
0.00017064317427302909,0.0
0.00017065317387304508,0.0
0.0001706631734730611,0.016666666666666607
0.0001706731730730771,0.0
0.0001706831726730931,0.0
0.00017069317227310908,0.016666666666666607
0.00017070317187312508,0.0
0.0001707131714731411,0.0
0.0001707231710731571,0.0
0.00017073317067317308,0.016666666666666607
0.00017074317027318908,0.0
0.00017075316987320507,0.0
0.0001707631694732211,0.0
0.00017077316907323709,0.0
0.00017078316867325308,0.0
0.00017079316827326907,0.0
0.00017080316787328507,0.0
0.0001708131674733011,0.0
0.00017082316707331708,0.0
0.00017083316667333308,0.016666666666666607
0.00017084316627334907,0.0
0.00017085316587336506,0.0
0.00017086316547338108,0.0
0.00017087316507339708,0.016666666666666607
0.00017088316467341307,0.0
0.00017089316427342907,0.0
0.00017090316387344506,0.0
0.00017091316347346108,0.0
0.00017092316307347707,0.0
0.00017093316267349307,0.0
0.00017094316227350906,0.0
0.00017095316187352506,0.0
0.00017096316147354108,0.0
0.00017097316107355707,0.0
0.00017098316067357306,0.0
0.00017099316027358906,0.0
0.00017100315987360505,0.0
0.00017101315947362107,0.016666666666666607
0.00017102315907363707,0.0
0.00017103315867365306,0.0
0.00017104315827366905,0.0
0.00017105315787368505,0.0
0.00017106315747370107,0.0
0.00017107315707371706,0.0
0.00017108315667373306,0.0
0.00017109315627374905,0.0
0.00017110315587376507,0.0
0.00017111315547378107,0.016666666666666607
0.00017112315507379706,0.0
0.00017113315467381305,0.0
0.00017114315427382905,0.016666666666666607
0.00017115315387384507,0.0
0.00017116315347386106,0.0
0.00017117315307387706,0.0
0.00017118315267389305,0.0
0.00017119315227390904,0.0
0.00017120315187392506,0.0
0.00017121315147394106,0.016666666666666607
0.00017122315107395705,0.0
0.00017123315067397305,0.0
0.00017124315027398904,0.0
0.00017125314987400506,0.0
0.00017126314947402105,0.0
0.00017127314907403705,0.0
0.00017128314867405304,0.0
0.00017129314827406904,0.016666666666666607
0.00017130314787408506,0.016666666666666607
0.00017131314747410105,0.0
0.00017132314707411704,0.016666666666666607
0.00017133314667413304,0.0
0.00017134314627414903,0.0
0.00017135314587416505,0.0
0.00017136314547418105,0.0
0.00017137314507419704,0.016666666666666607
0.00017138314467421303,0.0
0.00017139314427422903,0.0
0.00017140314387424505,-0.016666666666666607
0.00017141314347426104,0.0
0.00017142314307427704,0.0
0.00017143314267429303,0.0
0.00017144314227430902,0.016666666666666607
0.00017145314187432505,0.016666666666666607
0.00017146314147434104,0.016666666666666607
0.00017147314107435703,0.0
0.00017148314067437303,0.0
0.00017149314027438902,0.0
0.00017150313987440504,0.0
0.00017151313947442104,0.016666666666666607
0.00017152313907443703,0.0
0.00017153313867445302,0.0
0.00017154313827446904,0.0
0.00017155313787448504,0.0
0.00017156313747450103,-0.016666666666666607
0.00017157313707451703,0.0
0.00017158313667453302,0.0
0.00017159313627454904,0.0
0.00017160313587456503,0.0
0.00017161313547458103,0.0
0.00017162313507459702,0.0
0.00017163313467461302,0.0
0.00017164313427462904,0.0
0.00017165313387464503,0.016666666666666607
0.00017166313347466102,0.016666666666666607
0.00017167313307467702,0.0
0.000171683132674693,0.0
0.00017169313227470903,0.0
0.00017170313187472503,0.0
0.00017171313147474102,0.0
0.00017172313107475701,0.0
0.000171733130674773,0.0
0.00017174313027478903,0.0
0.00017175312987480502,0.0
0.00017176312947482102,0.0
0.000171773129074837,0.0
0.000171783128674853,0.0
0.00017179312827486903,0.0
0.00017180312787488502,0.0
0.000171813127474901,0.016666666666666607
0.000171823127074917,0.016666666666666607
0.000171833126674933,0.0
0.00017184312627494902,0.0
0.00017185312587496502,0.0
0.000171863125474981,0.0
0.000171873125074997,0.0
0.000171883124675013,0.0
0.00017189312427502902,0.016666666666666607
0.000171903123875045,0.0
0.000171913123475061,0.0
0.000171923123075077,0.016666666666666607
0.000171933122675093,0.016666666666666607
0.00017194312227510901,0.0
0.000171953121875125,0.0
0.000171963121475141,0.0
0.000171973121075157,0.016666666666666607
0.000171983120675173,0.0
0.000171993120275189,0.0
0.000172003119875205,0.0
0.000172013119475221,0.0
0.000172023119075237,0.0
0.000172033118675253,0.0
0.000172043118275269,0.0
0.000172053117875285,0.016666666666666607
0.000172063117475301,0.0
0.000172073117075317,0.0
0.000172083116675333,0.0
0.000172093116275349,0.016666666666666607
0.000172103115875365,0.0
0.000172113115475381,0.016666666666666607
0.00017212311507539698,0.0
0.000172133114675413,0.0
0.000172143114275429,0.0
0.000172153113875445,0.0
0.000172163113475461,0.0
0.00017217311307547698,0.0
0.000172183112675493,0.0
0.000172193112275509,0.0
0.000172203111875525,0.0
0.00017221311147554098,0.0
0.00017222311107555698,0.0
0.000172233110675573,0.0
0.000172243110275589,0.016666666666666607
0.00017225310987560499,0.0
0.00017226310947562098,0.0
0.00017227310907563697,0.0
0.000172283108675653,0.0
0.000172293108275669,0.016666666666666607
0.00017230310787568498,0.0
0.00017231310747570098,0.0
0.00017232310707571697,0.0
0.000172333106675733,0.0
0.00017234310627574898,0.0
0.00017235310587576498,0.016666666666666607
0.00017236310547578097,0.016666666666666607
0.00017237310507579697,0.016666666666666607
0.00017238310467581299,0.0
0.00017239310427582898,0.016666666666666607
0.00017240310387584497,0.0
0.00017241310347586097,0.0
0.00017242310307587696,0.0
0.00017243310267589298,0.0
0.00017244310227590898,0.0
0.00017245310187592497,0.0
0.00017246310147594096,0.0
0.00017247310107595698,0.0
0.00017248310067597298,0.0
0.00017249310027598897,0.0
0.00017250309987600497,0.0
0.00017251309947602096,0.016666666666666607
0.00017252309907603698,0.0
0.00017253309867605297,0.016666666666666607
0.00017254309827606897,0.0
0.00017255309787608496,0.0
0.00017256309747610096,-0.016666666666666607
0.00017257309707611698,0.016666666666666607
0.00017258309667613297,0.0
0.00017259309627614896,0.0
0.00017260309587616496,0.016666666666666607
0.00017261309547618095,0.0
0.00017262309507619697,0.016666666666666607
0.00017263309467621297,0.016666666666666607
0.00017264309427622896,0.0
0.00017265309387624495,0.0
0.00017266309347626095,0.0
0.00017267309307627697,0.0
0.00017268309267629296,0.0
0.00017269309227630896,0.016666666666666607
0.00017270309187632495,0.0
0.00017271309147634094,0.0
0.00017272309107635697,0.0
0.00017273309067637296,0.0
0.00017274309027638895,0.0
0.00017275308987640495,0.0
0.00017276308947642094,0.0
0.00017277308907643696,0.016666666666666607
0.00017278308867645296,0.0
0.00017279308827646895,0.0
0.00017280308787648494,0.0
0.00017281308747650094,0.0
0.00017282308707651696,0.0
0.00017283308667653295,0.0
0.00017284308627654895,0.0
0.00017285308587656494,0.0
0.00017286308547658093,0.0
0.00017287308507659695,0.0
0.00017288308467661295,0.0
0.00017289308427662894,0.0
0.00017290308387664494,0.0
0.00017291308347666093,0.016666666666666607
0.00017292308307667695,0.0
0.00017293308267669294,0.0
0.00017294308227670894,0.0
0.00017295308187672493,0.0
0.00017296308147674095,0.0
0.00017297308107675695,0.0
0.00017298308067677294,0.0
0.00017299308027678893,0.016666666666666607
0.00017300307987680493,0.0
0.00017301307947682095,0.0
0.00017302307907683694,0.0
0.00017303307867685294,0.0
0.00017304307827686893,0.0
0.00017305307787688492,0.016666666666666607
0.00017306307747690095,0.016666666666666607
0.00017307307707691694,0.016666666666666607
0.00017308307667693293,0.0
0.00017309307627694893,0.0
0.00017310307587696492,0.0
0.00017311307547698094,0.0
0.00017312307507699694,0.0
0.00017313307467701293,0.0
0.00017314307427702892,0.0
0.00017315307387704492,0.0
0.00017316307347706094,0.0
0.00017317307307707693,0.0
0.00017318307267709293,0.0
0.00017319307227710892,0.0
0.0001732030718771249,0.0
0.00017321307147714093,0.0
0.00017322307107715693,0.016666666666666607
0.00017323307067717292,0.0
0.00017324307027718892,0.0
0.0001732530698772049,0.0
0.00017326306947722093,0.0
0.00017327306907723692,0.016666666666666607
0.00017328306867725292,0.016666666666666607
0.0001732930682772689,0.0
0.0001733030678772849,0.0
0.00017331306747730093,0.0
0.00017332306707731692,0.0
0.00017333306667733291,0.0
0.0001733430662773489,0.0
0.0001733530658773649,0.0
0.00017336306547738092,0.0
0.00017337306507739692,0.0
0.0001733830646774129,0.0
0.0001733930642774289,0.0
0.00017340306387744493,0.0
0.00017341306347746092,0.0
0.0001734230630774769,0.0
0.0001734330626774929,0.0
0.0001734430622775089,0.0
0.00017345306187752492,0.016666666666666607
0.00017346306147754092,0.016666666666666607
0.0001734730610775569,0.016666666666666607
0.0001734830606775729,0.016666666666666607
0.0001734930602775889,0.016666666666666607
0.00017350305987760492,0.0
0.0001735130594776209,0.016666666666666607
0.0001735230590776369,0.0
0.0001735330586776529,0.016666666666666607
0.0001735430582776689,0.0
0.00017355305787768491,0.0
0.0001735630574777009,0.0
0.0001735730570777169,0.0
0.0001735830566777329,0.0
0.0001735930562777489,0.0
0.0001736030558777649,0.0
0.0001736130554777809,-0.016666666666666607
0.0001736230550777969,0.0
0.0001736330546778129,0.0
0.00017364305427782889,0.0
0.0001736530538778449,0.0
0.0001736630534778609,0.016666666666666607
0.0001736730530778769,0.0
0.0001736830526778929,0.0
0.00017369305227790888,0.0
0.0001737030518779249,0.0
0.0001737130514779409,0.016666666666666607
0.0001737230510779569,0.0
0.00017373305067797288,0.0
0.00017374305027798888,0.016666666666666607
0.0001737530498780049,0.016666666666666607
0.0001737630494780209,0.016666666666666607
0.0001737730490780369,0.016666666666666607
0.00017378304867805288,0.0
0.00017379304827806887,0.0
0.0001738030478780849,0.016666666666666607
0.0001738130474781009,0.016666666666666607
0.00017382304707811688,0.0
0.00017383304667813288,0.0
0.00017384304627814887,0.0
0.0001738530458781649,0.0
0.00017386304547818089,0.0
0.00017387304507819688,0.0
0.00017388304467821287,0.0
0.0001738930442782289,0.0
0.0001739030438782449,0.0
0.00017391304347826088,0.016666666666666607
0.00017392304307827688,0.0
0.00017393304267829287,0.0
0.0001739430422783089,0.0
0.00017395304187832488,0.016666666666666607
0.00017396304147834088,0.0
0.00017397304107835687,0.016666666666666607
0.00017398304067837287,0.016666666666666607
0.00017399304027838889,0.016666666666666607
0.00017400303987840488,0.0
0.00017401303947842087,0.016666666666666607
0.00017402303907843687,0.016666666666666607
0.00017403303867845286,0.0
0.00017404303827846888,0.0
0.00017405303787848488,0.016666666666666607
0.00017406303747850087,0.0
0.00017407303707851686,0.0
0.00017408303667853286,0.016666666666666607
0.00017409303627854888,0.0
0.00017410303587856487,0.0
0.00017411303547858087,0.0
0.00017412303507859686,0.0
0.00017413303467861285,0.0
0.00017414303427862887,0.0
0.00017415303387864487,0.016666666666666607
0.00017416303347866086,0.016666666666666607
0.00017417303307867686,0.016666666666666607
0.00017418303267869285,0.0
0.00017419303227870887,0.0
0.00017420303187872486,0.0
0.00017421303147874086,0.0
0.00017422303107875685,0.0
0.00017423303067877285,0.0
0.00017424303027878887,0.016666666666666607
0.00017425302987880486,0.016666666666666607
0.00017426302947882085,0.0
0.00017427302907883685,0.0
0.00017428302867885284,0.0
0.00017429302827886886,0.016666666666666607
0.00017430302787888486,0.016666666666666607
0.00017431302747890085,0.0
0.00017432302707891685,0.016666666666666607
0.00017433302667893284,0.0
0.00017434302627894886,0.0
0.00017435302587896485,0.016666666666666607
0.00017436302547898085,0.016666666666666607
0.00017437302507899684,0.0
0.00017438302467901286,0.0
0.00017439302427902886,0.016666666666666607
0.00017440302387904485,0.0
0.00017441302347906084,0.016666666666666607
0.00017442302307907684,0.0
0.00017443302267909286,0.0
0.00017444302227910885,0.0
0.00017445302187912485,0.0
0.00017446302147914084,0.016666666666666607
0.00017447302107915683,0.016666666666666607
0.00017448302067917285,0.016666666666666607
0.00017449302027918885,0.0
0.00017450301987920484,0.0
0.00017451301947922084,0.0
0.00017452301907923683,0.016666666666666607
0.00017453301867925285,0.0
0.00017454301827926884,0.0
0.00017455301787928484,0.016666666666666607
0.00017456301747930083,0.0
0.00017457301707931683,0.0
0.00017458301667933285,0.0
0.00017459301627934884,0.0
0.00017460301587936483,0.0
0.00017461301547938083,0.0
0.00017462301507939682,0.0
0.00017463301467941284,0.0
0.00017464301427942884,0.0
0.00017465301387944483,0.0
0.00017466301347946082,0.0
0.00017467301307947682,0.0
0.00017468301267949284,0.016666666666666607
0.00017469301227950883,0.0
0.00017470301187952483,0.016666666666666607
0.00017471301147954082,0.016666666666666607
0.00017472301107955681,0.016666666666666607
0.00017473301067957284,0.0
0.00017474301027958883,0.0
0.00017475300987960482,0.0
0.00017476300947962082,0.0
0.0001747730090796368,0.016666666666666607
0.00017478300867965283,0.0
0.00017479300827966883,0.0
0.00017480300787968482,0.0
0.0001748130074797008,0.0
0.00017482300707971683,0.0
0.00017483300667973283,0.016666666666666607
0.00017484300627974882,0.016666666666666607
0.00017485300587976482,0.0
0.0001748630054797808,0.016666666666666607
0.00017487300507979683,0.0
0.00017488300467981282,0.0
0.00017489300427982882,0.016666666666666607
0.0001749030038798448,0.016666666666666607
0.0001749130034798608,0.016666666666666607
0.00017492300307987683,0.0
0.00017493300267989282,0.0
0.00017494300227990881,0.0
0.0001749530018799248,0.0
0.0001749630014799408,0.0
0.00017497300107995682,0.0
0.00017498300067997282,0.0
0.0001749930002799888,0.0
0.0001750029998800048,0.0
0.0001750129994800208,0.0
0.00017502299908003682,0.0
0.0001750329986800528,0.016666666666666607
0.0001750429982800688,0.0
0.0001750529978800848,0.016666666666666607
0.0001750629974801008,0.0
0.00017507299708011682,0.0
0.0001750829966801328,0.016666666666666607
0.0001750929962801488,0.0
0.0001751029958801648,0.016666666666666607
0.0001751129954801808,0.016666666666666607
0.0001751229950801968,0.0
0.0001751329946802128,0.016666666666666607
0.0001751429942802288,0.016666666666666607
0.0001751529938802448,0.0
0.0001751629934802608,0.0
0.0001751729930802768,0.0
0.0001751829926802928,0.0
0.0001751929922803088,0.0
0.0001752029918803248,0.0
0.00017521299148034078,0.0
0.0001752229910803568,0.0
0.0001752329906803728,0.0
0.0001752429902803888,0.0
0.00017525298988040479,0.0
0.00017526298948042078,0.0
0.0001752729890804368,0.016666666666666607
0.0001752829886804528,0.0
0.0001752929882804688,0.0
0.00017530298788048478,0.016666666666666607
0.0001753129874805008,0.0
0.0001753229870805168,0.016666666666666607
0.0001753329866805328,0.0
0.00017534298628054878,0.0
0.00017535298588056478,0.016666666666666607
0.0001753629854805808,0.0
0.0001753729850805968,0.0
0.0001753829846806128,0.016666666666666607
0.00017539298428062878,0.0
0.00017540298388064477,0.0
0.0001754129834806608,0.0
0.0001754229830806768,0.0
0.00017543298268069278,0.0
0.00017544298228070878,0.0
0.00017545298188072477,0.0
0.0001754629814807408,-0.016666666666666607
0.00017547298108075679,0.0
0.00017548298068077278,0.0
0.00017549298028078877,0.0
0.00017550297988080477,0.0
0.0001755129794808208,0.016666666666666607
0.00017552297908083678,0.0
0.00017553297868085278,0.016666666666666607
0.00017554297828086877,0.0
0.00017555297788088476,0.016666666666666607
0.00017556297748090078,0.0
0.00017557297708091678,0.0
0.00017558297668093277,0.016666666666666607
0.00017559297628094877,0.0
0.00017560297588096476,0.0
0.00017561297548098078,0.0
0.00017562297508099677,0.0
0.00017563297468101277,0.016666666666666607
0.00017564297428102876,0.0
0.00017565297388104476,0.0
0.00017566297348106078,0.016666666666666607
0.00017567297308107677,0.0
0.00017568297268109276,0.0
0.00017569297228110876,-0.016666666666666607
0.00017570297188112475,0.0
0.00017571297148114077,0.016666666666666607
0.00017572297108115677,0.0
0.00017573297068117276,0.0
0.00017574297028118875,0.0
0.00017575296988120477,0.0
0.00017576296948122077,0.0
0.00017577296908123676,0.0
0.00017578296868125276,0.0
0.00017579296828126875,0.0
0.00017580296788128477,0.016666666666666607
0.00017581296748130076,0.0
0.00017582296708131676,0.016666666666666607
0.00017583296668133275,0.016666666666666607
0.00017584296628134875,0.0
0.00017585296588136477,0.0
0.00017586296548138076,-0.016666666666666607
0.00017587296508139676,-0.016666666666666607
0.00017588296468141275,0.016666666666666607
0.00017589296428142874,0.033333333333333215
0.00017590296388144476,0.0
0.00017591296348146076,0.0
0.00017592296308147675,-0.016666666666666607
0.00017593296268149275,-0.016666666666666607
0.00017594296228150874,0.0
0.00017595296188152476,0.0
0.00017596296148154075,0.016666666666666607
0.00017597296108155675,0.0
0.00017598296068157274,-0.016666666666666607
0.00017599296028158874,0.0
0.00017600295988160476,-0.016666666666666607
0.00017601295948162075,0.0
0.00017602295908163674,0.016666666666666607
0.00017603295868165274,0.016666666666666607
0.00017604295828166873,0.016666666666666607
0.00017605295788168475,0.016666666666666607
0.00017606295748170075,-0.016666666666666607
0.00017607295708171674,0.0
0.00017608295668173273,0.0
0.00017609295628174873,0.016666666666666607
0.00017610295588176475,0.016666666666666607
0.00017611295548178074,0.016666666666666607
0.00017612295508179674,0.0
0.00017613295468181273,0.0
0.00017614295428182872,0.0
0.00017615295388184474,0.0
0.00017616295348186074,0.0
0.00017617295308187673,0.016666666666666607
0.00017618295268189273,0.0
0.00017619295228190872,0.0
0.00017620295188192474,0.0
0.00017621295148194073,0.0
0.00017622295108195673,0.0
0.00017623295068197272,0.0
0.00017624295028198874,0.0
0.00017625294988200474,0.0
0.00017626294948202073,0.0
0.00017627294908203672,0.0
0.00017628294868205272,0.016666666666666607
0.00017629294828206874,0.0
0.00017630294788208473,0.0
0.00017631294748210073,0.016666666666666607
0.00017632294708211672,0.016666666666666607
0.00017633294668213271,0.0
0.00017634294628214874,0.016666666666666607
0.00017635294588216473,0.0
0.00017636294548218072,0.0
0.00017637294508219672,0.0
0.0001763829446822127,0.0
0.00017639294428222873,0.0
0.00017640294388224473,0.0
0.00017641294348226072,0.0
0.0001764229430822767,0.0
0.0001764329426822927,0.0
0.00017644294228230873,-0.016666666666666607
0.00017645294188232472,0.0
0.00017646294148234072,0.0
0.0001764729410823567,0.0
0.0001764829406823727,0.0
0.00017649294028238872,0.0
0.00017650293988240472,0.0
0.0001765129394824207,0.0
0.0001765229390824367,0.0
0.0001765329386824527,0.016666666666666607
0.00017654293828246872,0.016666666666666607
0.00017655293788248471,0.0
0.0001765629374825007,0.0
0.0001765729370825167,0.016666666666666607
0.0001765829366825327,0.0
0.00017659293628254872,0.0
0.0001766029358825647,0.0
0.0001766129354825807,0.0
0.0001766229350825967,0.0
0.0001766329346826127,0.0
0.0001766429342826287,0.0
0.0001766529338826447,0.0
0.0001766629334826607,-0.016666666666666607
0.0001766729330826767,0.0
0.00017668293268269272,0.0
0.0001766929322827087,0.0
0.0001767029318827247,0.0
0.0001767129314827407,0.0
0.0001767229310827567,0.0
0.0001767329306827727,0.0
0.0001767429302827887,0.0
0.0001767529298828047,0.0
0.0001767629294828207,0.0
0.0001767729290828367,0.0
0.0001767829286828527,0.016666666666666607
0.0001767929282828687,0.0
0.0001768029278828847,0.016666666666666607
0.0001768129274829007,0.016666666666666607
0.00017682292708291668,0.0
0.0001768329266829327,0.016666666666666607
0.0001768429262829487,0.0
0.0001768529258829647,0.0
0.00017686292548298069,0.0
0.00017687292508299668,0.0
0.0001768829246830127,0.0
0.0001768929242830287,0.0
0.0001769029238830447,0.0
0.00017691292348306068,0.0
0.00017692292308307668,0.0
0.0001769329226830927,0.0
0.0001769429222831087,0.0
0.00017695292188312468,0.0
0.00017696292148314068,0.0
0.00017697292108315667,0.0
0.0001769829206831727,0.0
0.0001769929202831887,0.016666666666666607
0.00017700291988320468,0.016666666666666607
0.00017701291948322067,0.0
0.00017702291908323667,0.0
0.0001770329186832527,0.0
0.00017704291828326868,0.0
0.00017705291788328468,0.0
0.00017706291748330067,0.0
0.00017707291708331666,0.0
0.00017708291668333269,0.0
0.00017709291628334868,0.0
0.00017710291588336467,0.0
0.00017711291548338067,0.0
0.00017712291508339666,0.0
0.00017713291468341268,0.0
0.00017714291428342868,0.0
0.00017715291388344467,0.0
0.00017716291348346066,0.0
0.00017717291308347668,0.0
0.00017718291268349268,0.0
0.00017719291228350867,0.0
0.00017720291188352467,0.0
0.00017721291148354066,0.0
0.00017722291108355668,0.0
0.00017723291068357267,0.0
0.00017724291028358867,0.0
0.00017725290988360466,0.0
0.00017726290948362066,0.0
0.00017727290908363668,0.0
0.00017728290868365267,0.0
0.00017729290828366866,0.016666666666666607
0.00017730290788368466,0.0
0.00017731290748370065,0.0
0.00017732290708371667,0.0
0.00017733290668373267,0.0
0.00017734290628374866,0.0
0.00017735290588376465,0.0
0.00017736290548378065,0.016666666666666607
0.00017737290508379667,0.0
0.00017738290468381266,0.0
0.00017739290428382866,0.0
0.00017740290388384465,0.0
0.00017741290348386064,0.016666666666666607
0.00017742290308387667,0.016666666666666607
0.00017743290268389266,0.016666666666666607
0.00017744290228390865,0.0
0.00017745290188392465,0.0
0.00017746290148394064,0.016666666666666607
0.00017747290108395666,0.0
0.00017748290068397266,0.0
0.00017749290028398865,0.0
0.00017750289988400464,0.0
0.00017751289948402064,0.0
0.00017752289908403666,0.0
0.00017753289868405265,-0.016666666666666607
0.00017754289828406865,0.0
0.00017755289788408464,0.0
0.00017756289748410063,0.0
0.00017757289708411665,0.0
0.00017758289668413265,0.0
0.00017759289628414864,0.0
0.00017760289588416464,0.016666666666666607
0.00017761289548418066,0.0
0.00017762289508419665,0.0
0.00017763289468421264,0.016666666666666607
0.00017764289428422864,0.0
0.00017765289388424463,0.0
0.00017766289348426065,0.0
0.00017767289308427665,0.0
0.00017768289268429264,0.0
0.00017769289228430863,0.0
0.00017770289188432463,0.0
0.00017771289148434065,0.0
0.00017772289108435664,0.0
0.00017773289068437264,0.0
0.00017774289028438863,0.0
0.00017775288988440462,0.0
0.00017776288948442064,0.0
0.00017777288908443664,0.0
0.00017778288868445263,0.016666666666666607
0.00017779288828446863,0.0
0.00017780288788448462,0.0
0.00017781288748450064,0.0
0.00017782288708451663,0.0
0.00017783288668453263,0.016666666666666607
0.00017784288628454862,0.0
0.00017785288588456462,0.0
0.00017786288548458064,0.0
0.00017787288508459663,0.0
0.00017788288468461262,0.0
0.00017789288428462862,0.016666666666666607
0.0001779028838846446,0.0
0.00017791288348466063,0.016666666666666607
0.00017792288308467663,0.016666666666666607
0.00017793288268469262,0.0
0.00017794288228470861,0.0
0.0001779528818847246,0.0
0.00017796288148474063,0.0
0.00017797288108475662,0.0
0.00017798288068477262,0.0
0.0001779928802847886,0.0
0.0001780028798848046,0.0
0.00017801287948482063,-0.016666666666666607
0.00017802287908483662,0.0
0.0001780328786848526,0.016666666666666607
0.0001780428782848686,0.0
0.0001780528778848846,0.0
0.00017806287748490062,0.0
0.00017807287708491662,0.0
0.0001780828766849326,0.0
0.0001780928762849486,0.0
0.00017810287588496462,0.0
0.00017811287548498062,0.0
0.0001781228750849966,0.016666666666666607
0.0001781328746850126,0.0
0.0001781428742850286,0.0
0.00017815287388504462,0.0
0.00017816287348506061,0.0
0.0001781728730850766,0.0
0.0001781828726850926,0.0
0.0001781928722851086,0.0
0.00017820287188512462,0.0
0.0001782128714851406,0.0
0.0001782228710851566,0.0
0.0001782328706851726,0.016666666666666607
0.0001782428702851886,0.0
0.0001782528698852046,0.0
0.0001782628694852206,0.0
0.0001782728690852366,0.0
0.0001782828686852526,0.0
0.0001782928682852686,0.016666666666666607
0.0001783028678852846,0.016666666666666607
0.0001783128674853006,0.0
0.0001783228670853166,0.0
0.0001783328666853326,0.0
0.00017834286628534858,0.0
0.0001783528658853646,0.016666666666666607
0.0001783628654853806,0.0
0.0001783728650853966,0.0
0.0001783828646854126,0.0
0.00017839286428542858,0.016666666666666607
0.0001784028638854446,0.016666666666666607
0.0001784128634854606,0.0
0.0001784228630854766,0.0
0.00017843286268549258,0.0
0.00017844286228550858,0.0
0.0001784528618855246,0.0
0.0001784628614855406,0.0
0.00017847286108555659,0.016666666666666607
0.00017848286068557258,0.0
0.00017849286028558857,0.016666666666666607
0.0001785028598856046,0.016666666666666607
0.0001785128594856206,0.016666666666666607
0.00017852285908563658,0.0
0.00017853285868565258,0.0
0.0001785428582856686,0.0
0.0001785528578856846,0.0
0.00017856285748570058,0.0
0.00017857285708571658,0.0
0.00017858285668573257,0.0
0.0001785928562857486,0.016666666666666607
0.0001786028558857646,0.0
0.00017861285548578058,0.0
0.00017862285508579657,0.0
0.00017863285468581257,0.0
0.0001786428542858286,0.0
0.00017865285388584458,0.0
0.00017866285348586058,0.0
0.00017867285308587657,0.0
0.00017868285268589256,0.0
0.00017869285228590859,0.0
0.00017870285188592458,0.0
0.00017871285148594057,0.0
0.00017872285108595657,0.0
0.00017873285068597256,0.0
0.00017874285028598858,0.0
0.00017875284988600458,0.0
0.00017876284948602057,0.0
0.00017877284908603656,0.0
0.00017878284868605256,-0.016666666666666607
0.00017879284828606858,0.0
0.00017880284788608457,0.0
0.00017881284748610057,0.016666666666666607
0.00017882284708611656,0.0
0.00017883284668613255,0.0
0.00017884284628614857,0.0
0.00017885284588616457,0.0
0.00017886284548618056,0.0
0.00017887284508619656,0.0
0.00017888284468621255,0.0
0.00017889284428622857,0.0
0.00017890284388624456,0.0
0.00017891284348626056,0.0
0.00017892284308627655,0.0
0.00017893284268629255,0.0
0.00017894284228630857,0.0
0.00017895284188632456,0.0
0.00017896284148634055,0.0
0.00017897284108635655,0.0
0.00017898284068637254,0.016666666666666607
0.00017899284028638856,0.0
0.00017900283988640456,0.0
0.00017901283948642055,0.0
0.00017902283908643654,0.0
0.00017903283868645257,0.0
0.00017904283828646856,0.016666666666666607
0.00017905283788648455,0.0
0.00017906283748650055,0.0
0.00017907283708651654,0.0
0.00017908283668653256,0.0
0.00017909283628654856,0.0
0.00017910283588656455,0.0
0.00017911283548658054,0.0
0.00017912283508659654,0.0
0.00017913283468661256,0.016666666666666607
0.00017914283428662855,0.0
0.00017915283388664455,0.0
0.00017916283348666054,0.0
0.00017917283308667653,0.0
0.00017918283268669255,0.0
0.00017919283228670855,0.0
0.00017920283188672454,0.0
0.00017921283148674054,0.0
0.00017922283108675653,0.0
0.00017923283068677255,0.0
0.00017924283028678854,0.0
0.00017925282988680454,0.0
0.00017926282948682053,0.0
0.00017927282908683653,0.0
0.00017928282868685255,0.0
0.00017929282828686854,0.0
0.00017930282788688453,0.0
0.00017931282748690053,0.0
0.00017932282708691652,0.016666666666666607
0.00017933282668693254,0.0
0.00017934282628694854,0.0
0.00017935282588696453,0.0
0.00017936282548698052,0.0
0.00017937282508699652,0.0
0.00017938282468701254,0.0
0.00017939282428702853,0.0
0.00017940282388704453,0.0
0.00017941282348706052,0.0
0.00017942282308707651,0.0
0.00017943282268709253,0.0
0.00017944282228710853,0.0
0.00017945282188712452,0.0
0.00017946282148714052,0.0
0.00017947282108715654,0.0
0.00017948282068717253,0.0
0.00017949282028718852,0.0
0.00017950281988720452,0.0
0.0001795128194872205,0.0
0.00017952281908723653,0.0
0.00017953281868725253,0.0
0.00017954281828726852,0.0
0.00017955281788728451,0.0
0.0001795628174873005,0.0
0.00017957281708731653,0.0
0.00017958281668733252,0.0
0.00017959281628734852,0.0
0.0001796028158873645,0.0
0.0001796128154873805,0.0
0.00017962281508739653,0.0
0.00017963281468741252,0.0
0.00017964281428742851,0.0
0.0001796528138874445,0.016666666666666607
0.0001796628134874605,0.0
0.00017967281308747652,0.0
0.00017968281268749252,0.0
0.0001796928122875085,0.0
0.0001797028118875245,0.0
0.0001797128114875405,0.016666666666666607
0.00017972281108755652,0.0
0.0001797328106875725,0.0
0.0001797428102875885,0.0
0.0001797528098876045,0.0
0.0001797628094876205,0.0
0.00017977280908763651,0.0
0.0001797828086876525,0.0
0.0001797928082876685,0.0
0.0001798028078876845,0.0
0.0001798128074877005,0.0
0.0001798228070877165,0.0
0.0001798328066877325,0.0
0.0001798428062877485,0.0
0.0001798528058877645,0.0
0.00017986280548778049,0.0
0.0001798728050877965,0.0
0.0001798828046878125,0.0
0.0001798928042878285,0.0
0.0001799028038878445,0.0
0.00017991280348786048,0.0
0.0001799228030878765,0.0
0.0001799328026878925,0.0
0.0001799428022879085,0.0
0.00017995280188792448,0.0
0.0001799628014879405,0.0
0.0001799728010879565,0.0
0.0001799828006879725,0.0
0.0001799928002879885,0.0
0.00018000279988800448,0.0
0.0001800127994880205,0.0
0.0001800227990880365,0.0
0.0001800327986880525,0.0
0.00018004279828806848,0.0
0.00018005279788808448,0.0
0.0001800627974881005,0.0
0.0001800727970881165,0.0
0.00018008279668813249,0.016666666666666607
0.00018009279628814848,0.016666666666666607
0.00018010279588816447,0.0
0.0001801127954881805,0.0
0.0001801227950881965,0.0
0.00018013279468821248,0.016666666666666607
0.00018014279428822848,0.0
0.00018015279388824447,0.016666666666666607
0.0001801627934882605,0.0
0.00018017279308827648,0.0
0.00018018279268829248,0.0
0.00018019279228830847,0.0
0.00018020279188832447,0.0
0.0001802127914883405,0.0
0.00018022279108835648,0.0
0.00018023279068837247,0.0
0.00018024279028838847,0.0
0.00018025278988840446,0.0
0.00018026278948842048,0.0
0.00018027278908843648,0.0
0.00018028278868845247,0.0
0.00018029278828846846,0.0
0.00018030278788848446,0.0
0.00018031278748850048,0.0
0.00018032278708851647,0.0
0.00018033278668853247,0.0
0.00018034278628854846,0.0
0.00018035278588856445,0.0
0.00018036278548858048,0.016666666666666607
0.00018037278508859647,0.0
0.00018038278468861246,0.0
0.00018039278428862846,0.0
0.00018040278388864445,0.0
0.00018041278348866047,0.0
0.00018042278308867647,0.0
0.00018043278268869246,0.016666666666666607
0.00018044278228870845,0.0
0.00018045278188872447,0.016666666666666607
0.00018046278148874047,0.0
0.00018047278108875646,0.0
0.00018048278068877246,0.0
0.00018049278028878845,0.016666666666666607
0.00018050277988880447,0.0
0.00018051277948882046,0.0
0.00018052277908883646,0.0
0.00018053277868885245,0.0
0.00018054277828886845,0.0
0.00018055277788888447,0.0
0.00018056277748890046,0.0
0.00018057277708891645,0.0
0.00018058277668893245,0.0
0.00018059277628894844,0.016666666666666607
0.00018060277588896446,0.0
0.00018061277548898046,0.0
0.00018062277508899645,0.0
0.00018063277468901244,0.0
0.00018064277428902844,0.0
0.00018065277388904446,0.016666666666666607
0.00018066277348906045,0.0
0.00018067277308907645,0.0
0.00018068277268909244,0.0
0.00018069277228910843,0.016666666666666607
0.00018070277188912446,0.0
0.00018071277148914045,0.0
0.00018072277108915644,0.0
0.00018073277068917244,0.0
0.00018074277028918843,0.0
0.00018075276988920445,0.0
0.00018076276948922045,0.0
0.00018077276908923644,0.0
0.00018078276868925243,0.0
0.00018079276828926843,0.0
0.00018080276788928445,0.0
0.00018081276748930044,0.0
0.00018082276708931644,0.0
0.00018083276668933243,0.0
0.00018084276628934842,0.016666666666666607
0.00018085276588936444,0.0
0.00018086276548938044,0.0
0.00018087276508939643,0.0
0.00018088276468941243,0.0
0.00018089276428942845,0.016666666666666607
0.00018090276388944444,0.0
0.00018091276348946043,0.0
0.00018092276308947643,0.0
0.00018093276268949242,0.0
0.00018094276228950844,0.0
0.00018095276188952444,0.0
0.00018096276148954043,0.0
0.00018097276108955642,0.0
0.00018098276068957242,0.0
0.00018099276028958844,0.0
0.00018100275988960443,0.0
0.00018101275948962043,0.0
0.00018102275908963642,0.0
0.00018103275868965241,0.0
0.00018104275828966843,0.0
0.00018105275788968443,0.0
0.00018106275748970042,0.0
0.00018107275708971642,0.0
0.0001810827566897324,0.0
0.00018109275628974843,0.0
0.00018110275588976442,0.0
0.00018111275548978042,0.0
0.0001811227550897964,0.0
0.0001811327546898124,0.016666666666666607
0.00018114275428982843,0.0
0.00018115275388984442,0.0
0.00018116275348986041,0.0
0.0001811727530898764,0.0
0.0001811827526898924,0.0
0.00018119275228990842,0.0
0.00018120275188992442,0.0
0.0001812127514899404,0.0
0.0001812227510899564,0.0
0.0001812327506899724,0.0
0.00018124275028998842,0.0
0.00018125274989000441,0.016666666666666607
0.0001812627494900204,0.0
0.0001812727490900364,0.016666666666666607
0.0001812827486900524,0.0
0.00018129274829006842,0.0
0.0001813027478900844,0.0
0.0001813127474901004,0.0
0.0001813227470901164,0.016666666666666607
0.0001813327466901324,0.016666666666666607
0.0001813427462901484,0.0
0.0001813527458901644,0.0
0.0001813627454901804,0.0
0.0001813727450901964,0.0
0.00018138274469021241,0.0
0.0001813927442902284,0.0
0.0001814027438902444,0.016666666666666607
0.0001814127434902604,0.016666666666666607
0.0001814227430902764,0.0
0.0001814327426902924,0.0
0.0001814427422903084,0.0
0.0001814527418903244,0.0
0.0001814627414903404,0.0
0.00018147274109035639,0.0
0.0001814827406903724,0.0
0.0001814927402903884,0.0
0.0001815027398904044,0.0
0.0001815127394904204,0.0
0.00018152273909043638,0.0
0.0001815327386904524,0.0
0.0001815427382904684,0.0
0.0001815527378904844,0.0
0.00018156273749050038,0.0
0.00018157273709051638,0.0
0.0001815827366905324,0.016666666666666607
0.0001815927362905484,0.0
0.0001816027358905644,0.0
0.00018161273549058038,0.0
0.00018162273509059637,0.0
0.0001816327346906124,0.016666666666666607
0.0001816427342906284,0.0
0.00018165273389064438,0.0
0.00018166273349066038,-0.016666666666666607
0.00018167273309067637,0.0
0.0001816827326906924,0.0
0.00018169273229070839,0.0
0.00018170273189072438,0.0
0.00018171273149074037,0.0
0.00018172273109075637,0.0
0.0001817327306907724,0.0
0.00018174273029078838,0.0
0.00018175272989080438,0.0
0.00018176272949082037,0.0
0.00018177272909083636,0.0
0.00018178272869085238,0.0
0.00018179272829086838,0.0
0.00018180272789088437,0.0
0.00018181272749090037,0.0
0.0001818227270909164,0.0
0.00018183272669093238,0.0
0.00018184272629094837,0.0
0.00018185272589096437,0.0
0.00018186272549098036,-0.016666666666666607
0.00018187272509099638,0.0
0.00018188272469101238,0.0
0.00018189272429102837,0.0
0.00018190272389104436,0.0
0.00018191272349106036,0.016666666666666607
0.00018192272309107638,0.0
0.00018193272269109237,0.0
0.00018194272229110837,0.016666666666666607
0.00018195272189112436,0.0
0.00018196272149114035,0.0
0.00018197272109115638,0.0
0.00018198272069117237,0.0
0.00018199272029118836,0.0
0.00018200271989120436,0.0
0.00018201271949122035,0.0
0.00018202271909123637,-0.016666666666666607
0.00018203271869125237,0.0
0.00018204271829126836,0.0
0.00018205271789128435,0.0
0.00018206271749130035,0.0
0.00018207271709131637,0.016666666666666607
0.00018208271669133236,0.0
0.00018209271629134836,0.0
0.00018210271589136435,0.0
0.00018211271549138034,0.0
0.00018212271509139636,0.0
0.00018213271469141236,0.0
0.00018214271429142835,0.0
0.00018215271389144435,0.016666666666666607
0.00018216271349146034,0.0
0.00018217271309147636,0.0
0.00018218271269149235,0.0
0.00018219271229150835,0.016666666666666607
0.00018220271189152434,0.0
0.00018221271149154034,0.016666666666666607
0.00018222271109155636,0.0
0.00018223271069157235,0.0
0.00018224271029158834,0.0
0.00018225270989160434,0.0
0.00018226270949162033,0.0
0.00018227270909163635,0.0
0.00018228270869165235,0.0
0.00018229270829166834,0.0
0.00018230270789168433,0.0
0.00018231270749170036,0.016666666666666607
0.00018232270709171635,-0.016666666666666607
0.00018233270669173234,0.0
0.00018234270629174834,0.0
0.00018235270589176433,0.0
0.00018236270549178035,0.0
0.00018237270509179635,0.0
0.00018238270469181234,0.0
0.00018239270429182833,0.0
0.00018240270389184433,0.0
0.00018241270349186035,0.016666666666666607
0.00018242270309187634,0.0
0.00018243270269189234,0.0
0.00018244270229190833,0.0
0.00018245270189192432,0.0
0.00018246270149194034,0.0
0.00018247270109195634,0.0
0.00018248270069197233,0.0
0.00018249270029198833,0.0
0.00018250269989200432,0.0
0.00018251269949202034,0.0
0.00018252269909203633,0.0
0.00018253269869205233,0.016666666666666607
0.00018254269829206832,0.0
0.00018255269789208432,0.0
0.00018256269749210034,0.0
0.00018257269709211633,0.016666666666666607
0.00018258269669213232,0.0
0.00018259269629214832,0.016666666666666607
0.0001826026958921643,0.0
0.00018261269549218033,0.0
0.00018262269509219633,0.0
0.00018263269469221232,0.016666666666666607
0.00018264269429222831,0.0
0.0001826526938922443,0.0
0.00018266269349226033,0.0
0.00018267269309227632,0.0
0.00018268269269229232,0.0
0.0001826926922923083,0.0
0.0001827026918923243,0.0
0.00018271269149234032,0.0
0.00018272269109235632,0.0
0.0001827326906923723,0.016666666666666607
0.0001827426902923883,0.0
0.00018275268989240433,0.0
0.00018276268949242032,0.0
0.00018277268909243632,0.0
0.0001827826886924523,0.0
0.0001827926882924683,0.0
0.00018280268789248432,0.0
0.00018281268749250032,0.0
0.0001828226870925163,0.0
0.0001828326866925323,0.0
0.0001828426862925483,0.0
0.00018285268589256432,0.0
0.00018286268549258031,0.0
0.0001828726850925963,0.0
0.0001828826846926123,0.016666666666666607
0.0001828926842926283,0.016666666666666607
0.00018290268389264432,0.016666666666666607
0.0001829126834926603,0.016666666666666607
0.0001829226830926763,0.0
0.0001829326826926923,0.016666666666666607
0.0001829426822927083,0.016666666666666607
0.0001829526818927243,0.0
0.0001829626814927403,-0.016666666666666607
0.0001829726810927563,-0.016666666666666607
0.0001829826806927723,-0.016666666666666607
0.0001829926802927883,-0.016666666666666607
0.0001830026798928043,-0.016666666666666607
0.0001830126794928203,0.0
0.0001830226790928363,-0.016666666666666607
0.0001830326786928523,0.0
0.00018304267829286828,-0.016666666666666607
0.0001830526778928843,0.0
0.0001830626774929003,0.016666666666666607
0.0001830726770929163,0.033333333333333215
0.00018308267669293229,0.016666666666666607
0.00018309267629294828,0.033333333333333215
0.0001831026758929643,0.016666666666666607
0.0001831126754929803,0.016666666666666607
0.0001831226750929963,0.016666666666666607
0.00018313267469301228,0.016666666666666607
0.00018314267429302828,0.016666666666666607
0.0001831526738930443,-0.016666666666666607
0.0001831626734930603,-0.016666666666666607
0.00018317267309307628,-0.016666666666666607
0.00018318267269309228,-0.016666666666666607
0.00018319267229310827,0.0
0.0001832026718931243,-0.016666666666666607
0.0001832126714931403,0.0
0.00018322267109315628,-0.016666666666666607
0.00018323267069317227,-0.016666666666666607
0.0001832426702931883,0.0
0.0001832526698932043,0.016666666666666607
0.00018326266949322028,0.016666666666666607
0.00018327266909323628,0.033333333333333215
0.00018328266869325227,0.016666666666666607
0.0001832926682932683,0.016666666666666607
0.00018330266789328429,0.016666666666666607
0.00018331266749330028,0.016666666666666607
0.00018332266709331627,0.0
0.00018333266669333227,0.0
0.0001833426662933483,0.0
0.00018335266589336428,0.0
0.00018336266549338028,-0.016666666666666607
0.00018337266509339627,0.0
0.00018338266469341226,0.0
0.00018339266429342828,0.0
0.00018340266389344428,0.0
0.00018341266349346027,0.0
0.00018342266309347627,0.0
0.00018343266269349226,0.0
0.00018344266229350828,0.016666666666666607
0.00018345266189352427,0.016666666666666607
0.00018346266149354027,0.0
0.00018347266109355626,0.0
0.00018348266069357226,0.0
0.00018349266029358828,0.0
0.00018350265989360427,0.0
0.00018351265949362026,0.0
0.00018352265909363626,0.0
0.00018353265869365225,0.0
0.00018354265829366827,0.0
0.00018355265789368427,0.0
0.00018356265749370026,0.016666666666666607
0.00018357265709371625,0.016666666666666607
0.00018358265669373225,0.0
0.00018359265629374827,0.0
0.00018360265589376426,0.0
0.00018361265549378026,0.0
0.00018362265509379625,0.016666666666666607
0.00018363265469381224,0.0
0.00018364265429382827,0.0
0.00018365265389384426,0.0
0.00018366265349386025,0.0
0.00018367265309387625,0.0
0.00018368265269389227,0.0
0.00018369265229390826,0.0
0.00018370265189392426,0.0
0.00018371265149394025,0.0
0.00018372265109395624,0.0
0.00018373265069397226,0.0
0.00018374265029398826,0.016666666666666607
0.00018375264989400425,0.0
0.00018376264949402025,0.016666666666666607
0.00018377264909403624,0.016666666666666607
0.00018378264869405226,0.0
0.00018379264829406825,0.0
0.00018380264789408425,0.0
0.00018381264749410024,0.0
0.00018382264709411624,0.0
0.00018383264669413226,-0.016666666666666607
0.00018384264629414825,-0.016666666666666607
0.00018385264589416424,0.0
0.00018386264549418024,-0.016666666666666607
0.00018387264509419623,-0.016666666666666607
0.00018388264469421225,0.0
0.00018389264429422825,0.0
0.00018390264389424424,0.0
0.00018391264349426023,0.016666666666666607
0.00018392264309427623,0.016666666666666607
0.00018393264269429225,0.016666666666666607
0.00018394264229430824,0.016666666666666607
0.00018395264189432424,0.016666666666666607
0.00018396264149434023,0.0
0.00018397264109435622,0.016666666666666607
0.00018398264069437225,0.016666666666666607
0.00018399264029438824,0.016666666666666607
0.00018400263989440423,0.0
0.00018401263949442023,0.0
0.00018402263909443622,-0.016666666666666607
0.00018403263869445224,0.0
0.00018404263829446824,-0.016666666666666607
0.00018405263789448423,-0.016666666666666607
0.00018406263749450022,-0.016666666666666607
0.00018407263709451622,0.0
0.00018408263669453224,0.0
0.00018409263629454823,0.0
0.00018410263589456423,0.016666666666666607
0.00018411263549458022,0.016666666666666607
0.0001841226350945962,0.0
0.00018413263469461223,0.016666666666666607
0.00018414263429462823,0.016666666666666607
0.00018415263389464422,0.0
0.00018416263349466022,0.016666666666666607
0.00018417263309467624,0.016666666666666607
0.00018418263269469223,0.0
0.00018419263229470822,0.0
0.00018420263189472422,0.0
0.0001842126314947402,0.0
0.00018422263109475623,0.0
0.00018423263069477223,0.0
0.00018424263029478822,0.0
0.00018425262989480421,0.0
0.0001842626294948202,0.0
0.00018427262909483623,0.0
0.00018428262869485222,0.016666666666666607
0.00018429262829486822,0.016666666666666607
0.0001843026278948842,0.0
0.0001843126274949002,0.016666666666666607
0.00018432262709491623,0.0
0.00018433262669493222,0.016666666666666607
0.0001843426262949482,0.016666666666666607
0.0001843526258949642,0.016666666666666607
0.0001843626254949802,0.0
0.00018437262509499622,0.016666666666666607
0.00018438262469501222,0.0
0.0001843926242950282,-0.016666666666666607
0.0001844026238950442,0.0
0.0001844126234950602,0.0
0.00018442262309507622,0.0
0.0001844326226950922,0.0
0.0001844426222951082,0.0
0.0001844526218951242,0.0
0.0001844626214951402,0.016666666666666607
0.00018447262109515621,0.0
0.0001844826206951722,0.016666666666666607
0.0001844926202951882,0.016666666666666607
0.0001845026198952042,0.016666666666666607
0.0001845126194952202,0.016666666666666607
0.0001845226190952362,0.016666666666666607
0.0001845326186952522,0.016666666666666607
0.0001845426182952682,0.016666666666666607
0.0001845526178952842,0.0
0.00018456261749530019,0.0
0.0001845726170953162,0.0
0.0001845826166953322,0.0
0.0001845926162953482,-0.016666666666666607
0.0001846026158953642,-0.016666666666666607
0.0001846126154953802,-0.016666666666666607
0.0001846226150953962,0.0
0.0001846326146954122,0.0
0.0001846426142954282,0.0
0.00018465261389544418,0.0
0.0001846626134954602,0.0
0.0001846726130954762,0.0
0.0001846826126954922,0.016666666666666607
0.00018469261229550819,0.016666666666666607
0.00018470261189552418,0.0
0.0001847126114955402,0.016666666666666607
0.0001847226110955562,0.016666666666666607
0.0001847326106955722,0.0
0.00018474261029558818,0.0
0.00018475260989560418,0.016666666666666607
0.0001847626094956202,0.0
0.0001847726090956362,0.0
0.00018478260869565218,-0.016666666666666607
0.00018479260829566818,0.0
0.00018480260789568417,0.0
0.0001848126074957002,-0.016666666666666607
0.0001848226070957162,0.0
0.00018483260669573218,0.0
0.00018484260629574817,0.0
0.00018485260589576417,0.0
0.0001848626054957802,0.0
0.00018487260509579618,0.016666666666666607
0.00018488260469581218,0.016666666666666607
0.00018489260429582817,0.016666666666666607
0.00018490260389584416,0.016666666666666607
0.00018491260349586019,0.016666666666666607
0.00018492260309587618,0.0
0.00018493260269589217,0.0
0.00018494260229590817,0.0
0.00018495260189592416,0.0
0.00018496260149594018,0.0
0.00018497260109595618,0.0
0.00018498260069597217,0.0
0.00018499260029598816,0.0
0.00018500259989600416,0.0
0.00018501259949602018,0.0
0.00018502259909603617,0.0
0.00018503259869605217,0.016666666666666607
0.00018504259829606816,0.0
0.00018505259789608415,0.0
0.00018506259749610017,0.0
0.00018507259709611617,0.016666666666666607
0.00018508259669613216,0.016666666666666607
0.00018509259629614816,0.016666666666666607
0.00018510259589616418,0.016666666666666607
0.00018511259549618017,0.016666666666666607
0.00018512259509619616,0.0
0.00018513259469621216,0.0
0.00018514259429622815,0.0
0.00018515259389624417,0.0
0.00018516259349626017,0.0
0.00018517259309627616,0.0
0.00018518259269629215,-0.016666666666666607
0.00018519259229630815,0.0
0.00018520259189632417,-0.016666666666666607
0.00018521259149634016,0.0
0.00018522259109635616,0.0
0.00018523259069637215,0.0
0.00018524259029638814,0.0
0.00018525258989640417,0.016666666666666607
0.00018526258949642016,0.016666666666666607
0.00018527258909643615,0.016666666666666607
0.00018528258869645215,0.016666666666666607
0.00018529258829646814,0.016666666666666607
0.00018530258789648416,0.016666666666666607
0.00018531258749650016,0.0
0.00018532258709651615,0.016666666666666607
0.00018533258669653214,0.0
0.00018534258629654814,0.0
0.00018535258589656416,0.0
0.00018536258549658015,0.0
0.00018537258509659615,0.0
0.00018538258469661214,0.0
0.00018539258429662813,0.0
0.00018540258389664415,0.0
0.00018541258349666015,0.0
0.00018542258309667614,0.0
0.00018543258269669214,0.0
0.00018544258229670813,0.0
0.00018545258189672415,0.0
0.00018546258149674014,0.016666666666666607
0.00018547258109675614,0.016666666666666607
0.00018548258069677213,0.0
0.00018549258029678813,0.0
0.00018550257989680415,0.0
0.00018551257949682014,0.0
0.00018552257909683613,0.0
0.00018553257869685213,0.0
0.00018554257829686815,0.0
0.00018555257789688414,0.0
0.00018556257749690014,0.0
0.00018557257709691613,0.0
0.00018558257669693212,0.0
0.00018559257629694815,0.0
0.00018560257589696414,0.0
0.00018561257549698013,0.0
0.00018562257509699613,0.0
0.00018563257469701212,0.0
0.00018564257429702814,0.0
0.00018565257389704414,0.0
0.00018566257349706013,0.016666666666666607
0.00018567257309707612,0.016666666666666607
0.00018568257269709212,0.016666666666666607
0.00018569257229710814,0.016666666666666607
0.00018570257189712413,0.0
0.00018571257149714013,0.016666666666666607
0.00018572257109715612,0.0
0.0001857325706971721,0.0
0.00018574257029718813,0.0
0.00018575256989720413,0.0
0.00018576256949722012,0.0
0.00018577256909723612,0.0
0.0001857825686972521,0.0
0.00018579256829726813,0.0
0.00018580256789728412,0.0
0.00018581256749730012,0.0
0.0001858225670973161,0.0
0.0001858325666973321,0.0
0.00018584256629734813,0.0
0.00018585256589736412,0.016666666666666607
0.00018586256549738011,0.0
0.0001858725650973961,0.0
0.0001858825646974121,0.016666666666666607
0.00018589256429742812,0.0
0.00018590256389744412,0.016666666666666607
0.0001859125634974601,0.0
0.0001859225630974761,0.0
0.0001859325626974921,0.0
0.00018594256229750812,0.0
0.0001859525618975241,0.0
0.0001859625614975401,0.0
0.0001859725610975561,0.0
0.0001859825606975721,0.0
0.00018599256029758812,0.0
0.0001860025598976041,0.016666666666666607
0.0001860125594976201,0.0
0.0001860225590976361,0.0
0.00018603255869765212,0.0
0.0001860425582976681,0.0
0.0001860525578976841,0.016666666666666607
0.0001860625574977001,0.016666666666666607
0.0001860725570977161,0.016666666666666607
0.00018608255669773211,0.0
0.0001860925562977481,0.016666666666666607
0.0001861025558977641,0.0
0.0001861125554977801,0.016666666666666607
0.0001861225550977961,0.0
0.0001861325546978121,0.0
0.0001861425542978281,0.0
0.0001861525538978441,0.0
0.0001861625534978601,0.0
0.00018617255309787609,0.0
0.0001861825526978921,0.0
0.0001861925522979081,0.0
0.0001862025518979241,0.0
0.0001862125514979401,0.0
0.00018622255109795608,0.0
0.0001862325506979721,0.016666666666666607
0.0001862425502979881,0.0
0.0001862525498980041,0.0
0.00018626254949802008,0.0
0.00018627254909803608,0.016666666666666607
0.0001862825486980521,0.0
0.0001862925482980681,0.0
0.00018630254789808409,0.0
0.00018631254749810008,0.0
0.00018632254709811607,0.0
0.0001863325466981321,0.016666666666666607
0.0001863425462981481,0.0
0.00018635254589816408,0.0
0.00018636254549818008,0.0
0.00018637254509819607,0.0
0.0001863825446982121,0.0
0.00018639254429822808,0.0
0.00018640254389824408,0.016666666666666607
0.00018641254349826007,0.016666666666666607
0.00018642254309827607,0.016666666666666607
0.0001864325426982921,0.0
0.00018644254229830808,0.016666666666666607
0.00018645254189832407,0.016666666666666607
0.00018646254149834007,0.0
0.0001864725410983561,0.0
0.00018648254069837208,0.0
0.00018649254029838808,0.0
0.00018650253989840407,0.0
0.00018651253949842006,0.0
0.00018652253909843609,0.0
0.00018653253869845208,0.0
0.00018654253829846807,0.0
0.00018655253789848407,0.0
0.00018656253749850006,0.0
0.00018657253709851608,0.0
0.00018658253669853208,0.0
0.00018659253629854807,0.0
0.00018660253589856406,0.0
0.00018661253549858006,0.0
0.00018662253509859608,0.016666666666666607
0.00018663253469861207,0.0
0.00018664253429862807,0.0
0.00018665253389864406,0.0
0.00018666253349866005,0.016666666666666607
0.00018667253309867607,0.016666666666666607
0.00018668253269869207,0.0
0.00018669253229870806,0.016666666666666607
0.00018670253189872406,0.0
0.00018671253149874005,0.0
0.00018672253109875607,0.0
0.00018673253069877206,0.0
0.00018674253029878806,0.0
0.00018675252989880405,0.0
0.00018676252949882005,-0.016666666666666607
0.00018677252909883607,0.0
0.00018678252869885206,0.0
0.00018679252829886805,0.016666666666666607
0.00018680252789888405,0.0
0.00018681252749890004,0.0
0.00018682252709891606,0.0
0.00018683252669893206,0.0
0.00018684252629894805,0.0
0.00018685252589896404,0.0
0.00018686252549898004,0.0
0.00018687252509899606,0.0
0.00018688252469901205,0.0
0.00018689252429902805,0.016666666666666607
0.00018690252389904404,0.0
0.00018691252349906003,0.0
0.00018692252309907606,0.016666666666666607
0.00018693252269909205,0.016666666666666607
0.00018694252229910804,0.0
0.00018695252189912404,0.0
0.00018696252149914006,0.0
0.00018697252109915605,0.0
0.00018698252069917205,0.0
0.00018699252029918804,0.016666666666666607
0.00018700251989920403,0.0
0.00018701251949922005,0.016666666666666607
0.00018702251909923605,0.0
0.00018703251869925204,0.0
0.00018704251829926804,0.0
0.00018705251789928403,0.016666666666666607
0.00018706251749930005,0.0
0.00018707251709931604,0.0
0.00018708251669933204,0.0
0.00018709251629934803,0.0
0.00018710251589936403,0.0
0.00018711251549938005,0.0
0.00018712251509939604,0.0
0.00018713251469941203,0.0
0.00018714251429942803,0.0
0.00018715251389944402,0.0
0.00018716251349946004,0.0
0.00018717251309947604,0.0
0.00018718251269949203,0.0
0.00018719251229950802,0.0
0.00018720251189952402,0.0
0.00018721251149954004,0.0
0.00018722251109955603,0.0
0.00018723251069957203,0.016666666666666607
0.00018724251029958802,0.0
0.00018725250989960401,0.016666666666666607
0.00018726250949962004,0.0
0.00018727250909963603,0.0
0.00018728250869965202,0.0
0.00018729250829966802,0.0
0.000187302507899684,0.0
0.00018731250749970003,0.0
0.00018732250709971603,0.016666666666666607
0.00018733250669973202,0.0
0.000187342506299748,0.0
0.000187352505899764,0.0
0.00018736250549978003,0.0
0.00018737250509979602,0.0
0.00018738250469981202,0.0
0.000187392504299828,0.0
0.000187402503899844,0.0
0.00018741250349986002,0.0
0.00018742250309987602,0.0
0.000187432502699892,0.0
0.000187442502299908,0.0
0.00018745250189992403,0.0
0.00018746250149994002,0.0
0.00018747250109995601,0.0
0.000187482500699972,0.0
0.000187492500299988,0.0
0.00018750249990000402,0.0
0.00018751249950002002,0.0
0.000187522499100036,0.016666666666666607
0.000187532498700052,0.0
0.000187542498300068,0.0
0.00018755249790008402,0.016666666666666607
0.0001875624975001,0.0
0.000187572497100116,0.0
0.000187582496700132,0.0
0.000187592496300148,0.0
0.00018760249590016402,0.0
0.00018761249550018,0.0
0.000187622495100196,0.0
0.000187632494700212,0.0
0.000187642494300228,0.0
0.000187652493900244,0.0
0.00018766249350026,0.0
0.000187672493100276,0.0
0.000187682492700292,-0.016666666666666607
0.000187692492300308,0.0
0.000187702491900324,0.0
0.00018771249150034,0.0
0.000187722491100356,0.0
0.000187732490700372,0.0
0.00018774249030038798,0.0
0.000187752489900404,0.0
0.00018776248950042,0.0
0.000187772489100436,0.016666666666666607
0.00018778248870045199,0.0
0.00018779248830046798,0.0
0.000187802487900484,0.0
0.0001878124875005,0.0
0.000187822487100516,0.0
0.00018783248670053198,0.0
0.00018784248630054798,0.0
0.000187852485900564,0.0
0.00018786248550058,0.0
0.00018787248510059598,0.0
0.00018788248470061198,0.0
0.000187892484300628,0.0
0.000187902483900644,0.0
0.00018791248350065999,0.0
0.00018792248310067598,0.016666666666666607
0.00018793248270069197,0.0
0.000187942482300708,0.0
0.000187952481900724,0.0
0.00018796248150073998,0.016666666666666607
0.00018797248110075598,0.0
0.00018798248070077197,0.0
0.000187992480300788,0.0
0.00018800247990080398,0.0
0.00018801247950081998,0.016666666666666607
0.00018802247910083597,0.0
0.00018803247870085197,0.016666666666666607
0.000188042478300868,0.0
0.00018805247790088398,0.0
0.00018806247750089997,0.0
0.00018807247710091597,0.0
0.00018808247670093196,0.0
0.00018809247630094798,0.016666666666666607
0.00018810247590096398,0.0
0.00018811247550097997,0.0
0.00018812247510099597,0.0
0.00018813247470101196,0.0
0.00018814247430102798,0.0
0.00018815247390104397,0.0
0.00018816247350105997,0.0
0.00018817247310107596,0.0
0.00018818247270109196,0.016666666666666607
0.00018819247230110798,0.016666666666666607
0.00018820247190112397,0.0
0.00018821247150113996,0.0
0.00018822247110115596,0.0
0.00018823247070117195,0.0
0.00018824247030118797,0.0
0.00018825246990120397,0.0
0.00018826246950121996,0.016666666666666607
0.00018827246910123595,0.016666666666666607
0.00018828246870125195,0.0
0.00018829246830126797,0.0
0.00018830246790128396,0.0
0.00018831246750129996,0.016666666666666607
0.00018832246710131595,0.0
0.00018833246670133194,0.0
0.00018834246630134796,0.0
0.00018835246590136396,0.0
0.00018836246550137995,0.0
0.00018837246510139595,0.0
0.00018838246470141197,0.0
0.00018839246430142796,0.016666666666666607
0.00018840246390144395,0.0
0.00018841246350145995,0.016666666666666607
0.00018842246310147594,0.0
0.00018843246270149196,0.0
0.00018844246230150796,0.0
0.00018845246190152395,0.0
0.00018846246150153994,0.0
0.00018847246110155594,0.0
0.00018848246070157196,0.0
0.00018849246030158795,0.0
0.00018850245990160395,0.0
0.00018851245950161994,-0.016666666666666607
0.00018852245910163593,0.0
0.00018853245870165196,0.0
0.00018854245830166795,0.0
0.00018855245790168394,0.0
0.00018856245750169994,0.0
0.00018857245710171593,0.016666666666666607
0.00018858245670173195,0.0
0.00018859245630174795,0.0
0.00018860245590176394,0.0
0.00018861245550177993,0.0
0.00018862245510179593,0.0
0.00018863245470181195,0.0
0.00018864245430182794,0.0
0.00018865245390184394,0.0
0.00018866245350185993,0.0
0.00018867245310187592,0.0
0.00018868245270189194,0.0
0.00018869245230190794,0.016666666666666607
0.00018870245190192393,0.016666666666666607
0.00018871245150193993,0.0
0.00018872245110195592,0.016666666666666607
0.00018873245070197194,0.0
0.00018874245030198793,0.0
0.00018875244990200393,0.016666666666666607
0.00018876244950201992,0.0
0.00018877244910203592,0.016666666666666607
0.00018878244870205194,0.0
0.00018879244830206793,0.0
0.00018880244790208392,0.0
0.00018881244750209992,0.0
0.00018882244710211594,0.0
0.00018883244670213193,0.0
0.00018884244630214793,0.0
0.00018885244590216392,0.016666666666666607
0.00018886244550217991,0.0
0.00018887244510219594,0.0
0.00018888244470221193,0.0
0.00018889244430222792,0.0
0.00018890244390224392,0.0
0.0001889124435022599,0.0
0.00018892244310227593,0.0
0.00018893244270229193,0.0
0.00018894244230230792,0.0
0.0001889524419023239,0.016666666666666607
0.0001889624415023399,0.0
0.00018897244110235593,0.016666666666666607
0.00018898244070237192,0.0
0.00018899244030238792,0.0
0.0001890024399024039,0.016666666666666607
0.0001890124395024199,0.016666666666666607
0.00018902243910243592,0.0
0.00018903243870245192,0.0
0.0001890424383024679,0.0
0.0001890524379024839,0.0
0.0001890624375024999,0.0
0.00018907243710251592,0.016666666666666607
0.00018908243670253191,0.0
0.0001890924363025479,0.016666666666666607
0.0001891024359025639,0.0
0.0001891124355025799,0.0
0.00018912243510259592,0.0
0.0001891324347026119,0.0
0.0001891424343026279,0.0
0.0001891524339026439,0.016666666666666607
0.0001891624335026599,0.016666666666666607
0.0001891724331026759,0.0
0.0001891824327026919,0.0
0.0001891924323027079,0.0
0.0001892024319027239,0.0
0.0001892124315027399,0.0
0.0001892224311027559,0.0
0.0001892324307027719,0.0
0.0001892424303027879,0.0
0.0001892524299028039,0.0
0.00018926242950281988,0.0
0.0001892724291028359,0.0
0.0001892824287028519,0.0
0.0001892924283028679,0.0
0.0001893024279028839,0.016666666666666607
0.0001893124275028999,0.0
0.0001893224271029159,0.0
0.0001893324267029319,0.0
0.0001893424263029479,0.016666666666666607
0.00018935242590296388,0.0
0.0001893624255029799,0.016666666666666607
0.0001893724251029959,0.0
0.0001893824247030119,0.0
0.00018939242430302789,0.016666666666666607
0.00018940242390304388,0.0
0.0001894124235030599,0.0
0.0001894224231030759,0.0
0.0001894324227030919,0.0
0.00018944242230310788,0.0
0.00018945242190312388,0.0
0.0001894624215031399,-0.016666666666666607
0.0001894724211031559,0.0
0.00018948242070317188,0.0
0.00018949242030318788,0.016666666666666607
0.00018950241990320387,0.0
0.0001895124195032199,0.0
0.00018952241910323589,0.016666666666666607
0.00018953241870325188,0.016666666666666607
0.00018954241830326787,0.016666666666666607
0.00018955241790328387,0.0
0.0001895624175032999,0.0
0.00018957241710331588,0.016666666666666607
0.00018958241670333188,0.0
0.00018959241630334787,0.0
0.00018960241590336386,0.0
0.00018961241550337988,0.0
0.00018962241510339588,0.0
0.00018963241470341187,0.0
0.00018964241430342787,0.0
0.00018965241390344386,0.0
0.00018966241350345988,0.0
0.00018967241310347587,0.016666666666666607
0.00018968241270349187,0.016666666666666607
0.00018969241230350786,0.0
0.00018970241190352386,0.0
0.00018971241150353988,0.0
0.00018972241110355587,0.0
0.00018973241070357187,0.0
0.00018974241030358786,0.016666666666666607
0.00018975240990360388,0.0
0.00018976240950361987,0.0
0.00018977240910363587,0.0
0.00018978240870365186,0.0
0.00018979240830366786,0.0
0.00018980240790368388,0.016666666666666607
0.00018981240750369987,0.016666666666666607
0.00018982240710371586,0.0
0.00018983240670373186,0.016666666666666607
0.00018984240630374785,0.0
0.00018985240590376387,0.0
0.00018986240550377987,0.016666666666666607
0.00018987240510379586,0.016666666666666607
0.00018988240470381185,0.0
0.00018989240430382785,0.016666666666666607
0.00018990240390384387,0.0
0.00018991240350385986,0.0
0.00018992240310387586,0.0
0.00018993240270389185,0.0
0.00018994240230390784,0.0
0.00018995240190392386,0.016666666666666607
0.00018996240150393986,0.0
0.00018997240110395585,0.0
0.00018998240070397185,0.0
0.00018999240030398784,0.0
0.00019000239990400386,0.0
0.00019001239950401985,0.0
0.00019002239910403585,0.0
0.00019003239870405184,0.0
0.00019004239830406784,0.0
0.00019005239790408386,0.0
0.00019006239750409985,0.016666666666666607
0.00019007239710411584,0.0
0.00019008239670413184,0.016666666666666607
0.00019009239630414783,0.016666666666666607
0.00019010239590416385,0.0
0.00019011239550417985,0.0
0.00019012239510419584,0.0
0.00019013239470421183,0.016666666666666607
0.00019014239430422783,0.0
0.00019015239390424385,0.0
0.00019016239350425984,0.0
0.00019017239310427584,0.0
0.00019018239270429183,0.0
0.00019019239230430782,0.0
0.00019020239190432385,0.0
0.00019021239150433984,0.0
0.00019022239110435583,0.0
0.00019023239070437183,0.0
0.00019024239030438785,0.0
0.00019025238990440384,0.016666666666666607
0.00019026238950441984,0.0
0.00019027238910443583,0.0
0.00019028238870445182,0.0
0.00019029238830446784,0.0
0.00019030238790448384,0.0
0.00019031238750449983,0.016666666666666607
0.00019032238710451583,0.016666666666666607
0.00019033238670453182,0.0
0.00019034238630454784,0.016666666666666607
0.00019035238590456383,0.0
0.00019036238550457983,0.0
0.00019037238510459582,0.0
0.00019038238470461182,0.0
0.00019039238430462784,0.016666666666666607
0.00019040238390464383,0.0
0.00019041238350465982,0.0
0.00019042238310467582,0.0
0.0001904323827046918,0.0
0.00019044238230470783,0.0
0.00019045238190472383,0.016666666666666607
0.00019046238150473982,0.0
0.00019047238110475581,-0.016666666666666607
0.0001904823807047718,-0.016666666666666607
0.00019049238030478783,0.0
0.00019050237990480382,0.016666666666666607
0.00019051237950481982,0.016666666666666607
0.0001905223791048358,0.0
0.0001905323787048518,0.0
0.00019054237830486783,0.0
0.00019055237790488382,0.0
0.0001905623775048998,0.0
0.0001905723771049158,0.016666666666666607
0.0001905823767049318,0.0
0.00019059237630494782,0.0
0.00019060237590496382,-0.016666666666666607
0.0001906123755049798,0.0
0.0001906223751049958,0.0
0.0001906323747050118,0.0
0.00019064237430502782,0.0
0.0001906523739050438,0.016666666666666607
0.0001906623735050598,0.0
0.0001906723731050758,0.0
0.00019068237270509182,0.0
0.00019069237230510781,0.0
0.0001907023719051238,0.0
0.0001907123715051398,0.016666666666666607
0.0001907223711051558,0.016666666666666607
0.00019073237070517182,0.0
0.0001907423703051878,0.0
0.0001907523699052038,0.0
0.0001907623695052198,0.0
0.0001907723691052358,0.0
0.0001907823687052518,0.0
0.0001907923683052678,0.0
0.0001908023679052838,0.0
0.0001908123675052998,0.0
0.0001908223671053158,0.0
0.0001908323667053318,0.016666666666666607
0.0001908423663053478,0.016666666666666607
0.0001908523659053638,0.016666666666666607
0.0001908623655053798,0.0
0.00019087236510539578,0.0
0.0001908823647054118,0.0
0.0001908923643054278,0.0
0.0001909023639054438,0.0
0.0001909123635054598,0.016666666666666607
0.00019092236310547578,0.0
0.0001909323627054918,0.0
0.0001909423623055078,0.0
0.0001909523619055238,0.0
0.00019096236150553978,0.0
0.00019097236110555578,0.016666666666666607
0.0001909823607055718,0.0
0.0001909923603055878,0.0
0.00019100235990560379,0.0
0.00019101235950561978,0.016666666666666607
0.00019102235910563577,0.0
0.0001910323587056518,0.0
0.0001910423583056678,0.0
0.00019105235790568378,0.0
0.00019106235750569978,0.0
0.00019107235710571577,0.0
0.0001910823567057318,0.0
0.00019109235630574778,0.0
0.00019110235590576378,0.0
0.00019111235550577977,0.0
0.00019112235510579577,0.0
0.00019113235470581179,0.016666666666666607
0.00019114235430582778,0.0
0.00019115235390584377,0.0
0.00019116235350585977,0.0
0.0001911723531058758,0.0
0.00019118235270589178,0.0
0.00019119235230590778,0.016666666666666607
0.00019120235190592377,0.016666666666666607
0.00019121235150593976,0.016666666666666607
0.00019122235110595578,0.0
0.00019123235070597178,0.0
0.00019124235030598777,0.0
0.00019125234990600377,0.0
0.00019126234950601976,0.0
0.00019127234910603578,0.0
0.00019128234870605178,0.0
0.00019129234830606777,0.0
0.00019130234790608376,0.0
0.00019131234750609976,0.0
0.00019132234710611578,0.0
0.00019133234670613177,0.0
0.00019134234630614777,0.0
0.00019135234590616376,0.0
0.00019136234550617975,0.0
0.00019137234510619577,0.016666666666666607
0.00019138234470621177,0.0
0.00019139234430622776,0.016666666666666607
0.00019140234390624376,0.016666666666666607
0.00019141234350625975,0.016666666666666607
0.00019142234310627577,0.0
0.00019143234270629176,0.016666666666666607
0.00019144234230630776,0.0
0.00019145234190632375,0.0
0.00019146234150633975,0.0
0.00019147234110635577,0.016666666666666607
0.00019148234070637176,0.0
0.00019149234030638775,0.0
0.00019150233990640375,0.016666666666666607
0.00019151233950641974,0.016666666666666607
0.00019152233910643576,0.0
0.00019153233870645176,0.0
0.00019154233830646775,0.0
0.00019155233790648374,0.0
0.00019156233750649974,0.0
0.00019157233710651576,0.0
0.00019158233670653175,0.0
0.00019159233630654775,0.0
0.00019160233590656374,0.0
0.00019161233550657976,0.0
0.00019162233510659575,0.0
0.00019163233470661175,0.016666666666666607
0.00019164233430662774,0.0
0.00019165233390664374,0.0
0.00019166233350665976,0.0
0.00019167233310667575,0.016666666666666607
0.00019168233270669174,0.0
0.00019169233230670774,0.0
0.00019170233190672373,0.0
0.00019171233150673975,0.0
0.00019172233110675575,0.016666666666666607
0.00019173233070677174,0.016666666666666607
0.00019174233030678773,0.0
0.00019175232990680373,0.0
0.00019176232950681975,0.0
0.00019177232910683574,0.016666666666666607
0.00019178232870685174,0.0
0.00019179232830686773,0.0
0.00019180232790688372,0.0
0.00019181232750689975,0.0
0.00019182232710691574,0.0
0.00019183232670693173,0.0
0.00019184232630694773,0.0
0.00019185232590696372,0.0
0.00019186232550697974,0.016666666666666607
0.00019187232510699574,0.016666666666666607
0.00019188232470701173,0.0
0.00019189232430702772,0.016666666666666607
0.00019190232390704372,0.0
0.00019191232350705974,0.0
0.00019192232310707573,0.0
0.00019193232270709173,0.0
0.00019194232230710772,0.0
0.00019195232190712371,0.0
0.00019196232150713973,0.0
0.00019197232110715573,0.0
0.00019198232070717172,0.0
0.00019199232030718772,0.0
0.0001920023199072037,0.0
0.00019201231950721973,0.0
0.00019202231910723572,0.0
0.00019203231870725172,0.016666666666666607
0.0001920423183072677,0.0
0.0001920523179072837,0.0
0.00019206231750729973,0.0
0.00019207231710731572,0.0
0.00019208231670733171,0.0
0.0001920923163073477,0.0
0.00019210231590736373,0.0
0.00019211231550737972,0.0
0.00019212231510739572,0.0
0.0001921323147074117,0.0
0.0001921423143074277,0.0
0.00019215231390744373,0.0
0.00019216231350745972,0.0
0.0001921723131074757,0.0
0.0001921823127074917,-0.016666666666666607
0.0001921923123075077,0.0
0.00019220231190752372,0.016666666666666607
0.00019221231150753972,0.016666666666666607
0.0001922223111075557,0.0
0.0001922323107075717,0.0
0.0001922423103075877,0.0
0.00019225230990760372,0.0
0.0001922623095076197,0.0
0.0001922723091076357,0.0
0.0001922823087076517,0.0
0.0001922923083076677,0.0
0.00019230230790768371,-0.016666666666666607
0.0001923123075076997,0.0
0.0001923223071077157,0.0
0.0001923323067077317,0.016666666666666607
0.0001923423063077477,0.016666666666666607
0.0001923523059077637,0.016666666666666607
0.0001923623055077797,0.0
0.0001923723051077957,0.0
0.0001923823047078117,0.0
0.00019239230430782769,0.0
0.0001924023039078437,0.0
0.0001924123035078597,0.0
0.0001924223031078757,0.0
0.0001924323027078917,0.016666666666666607
0.00019244230230790768,0.0
0.0001924523019079237,0.0
0.0001924623015079397,0.016666666666666607
0.0001924723011079557,0.0
0.00019248230070797168,0.0
0.00019249230030798768,0.0
0.0001925022999080037,0.0
0.0001925122995080197,-0.016666666666666607
0.0001925222991080357,0.0
0.00019253229870805168,0.0
0.0001925422983080677,0.0
0.0001925522979080837,0.0
0.0001925622975080997,0.0
0.00019257229710811568,0.0
0.00019258229670813168,0.0
0.0001925922963081477,0.016666666666666607
0.0001926022959081637,0.016666666666666607
0.00019261229550817969,0.016666666666666607
0.00019262229510819568,0.0
0.00019263229470821167,0.0
0.0001926422943082277,0.0
0.0001926522939082437,0.0
0.00019266229350825968,0.0
0.00019267229310827568,0.0
0.00019268229270829167,0.0
0.0001926922923083077,0.0
0.00019270229190832368,0.0
0.00019271229150833968,0.0
0.00019272229110835567,0.0
0.00019273229070837167,0.0
0.00019274229030838769,0.0
0.00019275228990840368,0.0
0.00019276228950841967,0.0
0.00019277228910843567,0.0
0.00019278228870845166,0.0
0.00019279228830846768,0.0
0.00019280228790848368,0.0
0.00019281228750849967,0.0
0.00019282228710851566,0.0
0.00019283228670853166,0.016666666666666607
0.00019284228630854768,0.016666666666666607
0.00019285228590856367,0.016666666666666607
0.00019286228550857967,0.0
0.00019287228510859566,0.0
0.00019288228470861165,0.0
0.00019289228430862768,0.016666666666666607
0.00019290228390864367,0.016666666666666607
0.00019291228350865966,0.0
0.00019292228310867566,0.0
0.00019293228270869165,0.0
0.00019294228230870767,0.0
0.00019295228190872367,0.0
0.00019296228150873966,0.0
0.00019297228110875565,0.0
0.00019298228070877165,0.0
0.00019299228030878767,0.0
0.00019300227990880366,0.0
0.00019301227950881966,0.0
0.00019302227910883565,0.0
0.00019303227870885167,0.016666666666666607
0.00019304227830886766,0.0
0.00019305227790888366,0.0
0.00019306227750889965,0.016666666666666607
0.00019307227710891565,0.0
0.00019308227670893167,0.0
0.00019309227630894766,0.0
0.00019310227590896365,0.0
0.00019311227550897965,0.016666666666666607
0.00019312227510899564,0.016666666666666607
0.00019313227470901166,0.016666666666666607
0.00019314227430902766,0.0
0.00019315227390904365,0.0
0.00019316227350905964,0.0
0.00019317227310907564,0.0
0.00019318227270909166,0.0
0.00019319227230910765,0.016666666666666607
0.00019320227190912365,0.0
0.00019321227150913964,0.0
0.00019322227110915563,0.0
0.00019323227070917165,0.0
0.00019324227030918765,0.0
0.00019325226990920364,0.0
0.00019326226950921964,0.0
0.00019327226910923563,0.0
0.00019328226870925165,0.0
0.00019329226830926764,0.0
0.00019330226790928364,0.0
0.00019331226750929963,0.0
0.00019332226710931563,0.0
0.00019333226670933165,0.016666666666666607
0.00019334226630934764,0.0
0.00019335226590936363,0.016666666666666607
0.00019336226550937963,0.0
0.00019337226510939562,0.016666666666666607
0.00019338226470941164,0.0
0.00019339226430942764,0.0
0.00019340226390944363,0.0
0.00019341226350945962,0.016666666666666607
0.00019342226310947562,0.016666666666666607
0.00019343226270949164,0.0
0.00019344226230950763,0.0
0.00019345226190952363,0.0
0.00019346226150953962,0.0
0.00019347226110955561,0.0
0.00019348226070957164,0.0
0.00019349226030958763,0.0
0.00019350225990960362,0.0
0.00019351225950961962,0.0
0.00019352225910963564,0.0
0.00019353225870965163,0.0
0.00019354225830966763,-0.016666666666666607
0.00019355225790968362,0.0
0.00019356225750969961,0.0
0.00019357225710971563,0.0
0.00019358225670973163,0.016666666666666607
0.00019359225630974762,0.0
0.00019360225590976362,0.0
0.0001936122555097796,0.0
0.00019362225510979563,0.0
0.00019363225470981162,0.0
0.00019364225430982762,0.0
0.0001936522539098436,0.0
0.0001936622535098596,0.0
0.00019367225310987563,0.0
0.00019368225270989162,0.0
0.00019369225230990761,0.0
0.0001937022519099236,0.0
0.0001937122515099396,0.0
0.00019372225110995562,0.016666666666666607
0.00019373225070997162,0.016666666666666607
0.0001937422503099876,-0.016666666666666607
0.0001937522499100036,0.0
0.0001937622495100196,0.0
0.00019377224911003562,0.0
0.0001937822487100516,0.0
0.0001937922483100676,0.016666666666666607
0.0001938022479100836,0.0
0.0001938122475100996,0.0
0.00019382224711011562,0.0
0.0001938322467101316,0.0
0.0001938422463101476,0.016666666666666607
0.0001938522459101636,0.0
0.0001938622455101796,0.0
0.0001938722451101956,0.0
0.0001938822447102116,0.0
0.0001938922443102276,0.0
0.0001939022439102436,0.0
0.0001939122435102596,0.0
0.0001939222431102756,0.0
0.0001939322427102916,0.0
0.0001939422423103076,0.0
0.0001939522419103236,0.0
0.0001939622415103396,0.0
0.0001939722411103556,0.016666666666666607
0.0001939822407103716,0.0
0.0001939922403103876,0.0
0.00019400223991040359,0.0
0.0001940122395104196,0.0
0.0001940222391104356,0.0
0.0001940322387104516,0.0
0.0001940422383104676,0.0
0.00019405223791048358,0.0
0.0001940622375104996,0.0
0.0001940722371105156,0.0
0.0001940822367105316,0.016666666666666607
0.00019409223631054758,0.016666666666666607
0.00019410223591056358,0.0
0.0001941122355105796,0.0
0.0001941222351105956,0.0
0.0001941322347106116,0.0
0.00019414223431062758,0.0
0.00019415223391064357,0.0
0.0001941622335106596,0.0
0.0001941722331106756,0.016666666666666607
0.00019418223271069158,0.0
0.00019419223231070758,0.0
0.00019420223191072357,0.0
0.0001942122315107396,0.0
0.00019422223111075559,0.0
0.00019423223071077158,0.016666666666666607
0.00019424223031078757,0.0
0.00019425222991080357,0.0
0.0001942622295108196,0.0
0.00019427222911083558,0.0
0.00019428222871085158,-0.016666666666666607
0.00019429222831086757,0.016666666666666607
0.00019430222791088356,0.0
0.00019431222751089958,0.0
0.00019432222711091558,0.016666666666666607
0.00019433222671093157,0.0
0.00019434222631094757,0.0
0.00019435222591096356,0.0
0.00019436222551097958,0.0
0.00019437222511099557,0.0
0.00019438222471101157,0.0
0.00019439222431102756,0.0
0.00019440222391104356,0.0
0.00019441222351105958,0.0
0.00019442222311107557,0.0
0.00019443222271109156,0.0
0.00019444222231110756,0.016666666666666607
0.00019445222191112358,0.0
0.00019446222151113957,0.0
0.00019447222111115557,0.0
0.00019448222071117156,0.0
0.00019449222031118755,0.0
0.00019450221991120358,0.0
0.00019451221951121957,0.0
0.00019452221911123556,0.0
0.00019453221871125156,0.016666666666666607
0.00019454221831126755,0.016666666666666607
0.00019455221791128357,0.0
0.00019456221751129957,0.0
0.00019457221711131556,0.0
0.00019458221671133155,0.0
0.00019459221631134755,0.0
0.00019460221591136357,0.0
0.00019461221551137956,0.0
0.00019462221511139556,0.0
0.00019463221471141155,0.0
0.00019464221431142754,0.0
0.00019465221391144356,0.0
0.00019466221351145956,0.0
0.00019467221311147555,0.016666666666666607
0.00019468221271149155,0.016666666666666607
0.00019469221231150754,0.0
0.00019470221191152356,0.0
0.00019471221151153955,0.0
0.00019472221111155555,0.0
0.00019473221071157154,0.0
0.00019474221031158754,0.016666666666666607
0.00019475220991160356,0.0
0.00019476220951161955,0.0
0.00019477220911163554,0.0
0.00019478220871165154,0.0
0.00019479220831166753,0.0
0.00019480220791168355,0.0
0.00019481220751169955,0.0
0.00019482220711171554,0.0
0.00019483220671173153,0.0
0.00019484220631174753,0.0
0.00019485220591176355,0.0
0.00019486220551177954,0.0
0.00019487220511179554,0.0
0.00019488220471181153,0.0
0.00019489220431182755,0.0
0.00019490220391184354,0.0
0.00019491220351185954,0.0
0.00019492220311187553,0.0
0.00019493220271189153,0.0
0.00019494220231190755,0.0
0.00019495220191192354,0.0
0.00019496220151193953,0.0
0.00019497220111195553,0.0
0.00019498220071197152,0.016666666666666607
0.00019499220031198754,0.016666666666666607
0.00019500219991200354,0.0
0.00019501219951201953,0.016666666666666607
0.00019502219911203552,0.0
0.00019503219871205152,0.0
0.00019504219831206754,0.0
0.00019505219791208353,0.0
0.00019506219751209953,0.0
0.00019507219711211552,0.0
0.00019508219671213152,0.0
0.00019509219631214754,0.0
0.00019510219591216353,0.0
0.00019511219551217952,0.0
0.00019512219511219552,0.0
0.0001951321947122115,0.0
0.00019514219431222753,0.0
0.00019515219391224353,0.0
0.00019516219351225952,0.0
0.00019517219311227551,0.0
0.0001951821927122915,0.0
0.00019519219231230753,0.0
0.00019520219191232352,0.0
0.00019521219151233952,0.0
0.0001952221911123555,0.0
0.0001952321907123715,0.0
0.00019524219031238752,0.0
0.00019525218991240352,0.016666666666666607
0.0001952621895124195,0.016666666666666607
0.0001952721891124355,0.0
0.0001952821887124515,0.0
0.00019529218831246752,0.0
0.00019530218791248351,0.0
0.0001953121875124995,0.0
0.0001953221871125155,0.0
0.0001953321867125315,0.0
0.00019534218631254752,0.0
0.0001953521859125635,0.0
0.0001953621855125795,0.0
0.0001953721851125955,0.0
0.00019538218471261152,0.0
0.0001953921843126275,0.0
0.0001954021839126435,0.0
0.0001954121835126595,0.0
0.0001954221831126755,0.0
0.00019543218271269152,0.0
0.0001954421823127075,0.0
0.0001954521819127235,0.0
0.0001954621815127395,0.016666666666666607
0.0001954721811127555,-0.016666666666666607
0.0001954821807127715,0.0
0.0001954921803127875,0.0
0.0001955021799128035,0.016666666666666607
0.0001955121795128195,0.0
0.0001955221791128355,0.0
0.0001955321787128515,0.0
0.0001955421783128675,0.0
0.0001955521779128835,0.0
0.0001955621775128995,0.0
0.00019557217711291548,0.0
0.0001955821767129315,0.0
0.0001955921763129475,0.0
0.0001956021759129635,0.0
0.00019561217551297949,0.0
0.00019562217511299548,0.0
0.0001956321747130115,0.0
0.0001956421743130275,0.0
0.0001956521739130435,0.0
0.00019566217351305948,0.0
0.00019567217311307548,0.016666666666666607
0.0001956821727130915,0.0
0.0001956921723131075,0.0
0.00019570217191312348,0.0
0.00019571217151313948,0.0
0.00019572217111315547,0.0
0.0001957321707131715,0.0
0.0001957421703131875,0.0
0.00019575216991320348,0.0
0.00019576216951321947,0.0
0.00019577216911323547,0.0
0.0001957821687132515,0.0
0.00019579216831326748,0.016666666666666607
0.00019580216791328348,0.016666666666666607
0.00019581216751329947,0.0
0.0001958221671133155,0.0
0.00019583216671333149,0.016666666666666607
0.00019584216631334748,0.0
0.00019585216591336347,0.016666666666666607
0.00019586216551337947,0.016666666666666607
0.0001958721651133955,0.016666666666666607
0.00019588216471341148,0.0
0.00019589216431342748,0.0
0.00019590216391344347,0.0
0.00019591216351345946,0.0
0.00019592216311347548,0.0
0.00019593216271349148,0.0
0.00019594216231350747,0.0
0.00019595216191352347,0.0
0.00019596216151353946,0.0
0.00019597216111355548,0.0
0.00019598216071357147,0.0
0.00019599216031358747,0.0
0.00019600215991360346,0.016666666666666607
0.00019601215951361946,0.0
0.00019602215911363548,0.0
0.00019603215871365147,0.0
0.00019604215831366746,0.0
0.00019605215791368346,0.0
0.00019606215751369945,0.0
0.00019607215711371547,0.0
0.00019608215671373147,0.0
0.00019609215631374746,0.016666666666666607
0.00019610215591376345,0.0
0.00019611215551377945,0.0
0.00019612215511379547,0.0
0.00019613215471381146,0.0
0.00019614215431382746,0.0
0.00019615215391384345,0.016666666666666607
0.00019616215351385944,0.0
0.00019617215311387547,0.016666666666666607
0.00019618215271389146,0.0
0.00019619215231390745,0.0
0.00019620215191392345,0.0
0.00019621215151393944,0.0
0.00019622215111395546,0.0
0.00019623215071397146,0.0
0.00019624215031398745,0.0
0.00019625214991400344,0.0
0.00019626214951401944,0.0
0.00019627214911403546,0.0
0.00019628214871405145,0.0
0.00019629214831406745,0.0
0.00019630214791408344,0.016666666666666607
0.00019631214751409946,0.0
0.00019632214711411545,0.0
0.00019633214671413145,0.0
0.00019634214631414744,0.0
0.00019635214591416344,0.0
0.00019636214551417946,0.0
0.00019637214511419545,0.0
0.00019638214471421144,0.0
0.00019639214431422744,0.0
0.00019640214391424343,0.0
0.00019641214351425945,0.016666666666666607
0.00019642214311427545,0.0
0.00019643214271429144,0.0
0.00019644214231430743,0.016666666666666607
0.00019645214191432343,0.016666666666666607
0.00019646214151433945,0.0
0.00019647214111435544,0.0
0.00019648214071437144,0.0
0.00019649214031438743,0.0
0.00019650213991440342,0.0
0.00019651213951441944,0.0
0.00019652213911443544,0.0
0.00019653213871445143,0.0
0.00019654213831446743,0.0
0.00019655213791448342,0.0
0.00019656213751449944,0.0
0.00019657213711451543,0.016666666666666607
0.00019658213671453143,0.0
0.00019659213631454742,0.0
0.00019660213591456342,0.0
0.00019661213551457944,0.016666666666666607
0.00019662213511459543,0.0
0.00019663213471461143,0.0
0.00019664213431462742,0.0
0.0001966521339146434,0.0
0.00019666213351465943,0.0
0.00019667213311467543,0.016666666666666607
0.00019668213271469142,0.016666666666666607
0.00019669213231470742,0.0
0.0001967021319147234,0.0
0.00019671213151473943,0.0
0.00019672213111475542,0.0
0.00019673213071477142,0.0
0.0001967421303147874,0.0
0.00019675212991480343,0.0
0.00019676212951481943,0.0
0.00019677212911483542,0.0
0.00019678212871485141,0.0
0.0001967921283148674,0.0
0.00019680212791488343,0.0
0.00019681212751489942,0.0
0.00019682212711491542,0.0
0.0001968321267149314,0.0
0.0001968421263149474,0.0
0.00019685212591496342,0.0
0.00019686212551497942,0.0
0.0001968721251149954,0.0
0.0001968821247150114,0.016666666666666607
0.0001968921243150274,0.0
0.00019690212391504342,0.0
0.00019691212351505941,0.0
0.0001969221231150754,0.0
0.0001969321227150914,0.016666666666666607
0.0001969421223151074,0.016666666666666607
0.00019695212191512342,0.016666666666666607
0.0001969621215151394,0.0
0.0001969721211151554,0.016666666666666607
0.0001969821207151714,0.0
0.0001969921203151874,0.0
0.0001970021199152034,0.0
0.0001970121195152194,0.0
0.0001970221191152354,0.0
0.0001970321187152514,0.0
0.0001970421183152674,0.0
0.0001970521179152834,0.0
0.0001970621175152994,0.0
0.0001970721171153154,0.0
0.0001970821167153314,0.0
0.00019709211631534738,0.016666666666666607
0.0001971021159153634,0.0
0.0001971121155153794,0.0
0.0001971221151153954,0.016666666666666607
0.0001971321147154114,0.0
0.00019714211431542738,0.0
0.0001971521139154434,0.016666666666666607
0.0001971621135154594,0.0
0.0001971721131154754,0.0
0.00019718211271549138,0.0
0.00019719211231550738,0.0
0.0001972021119155234,0.0
0.0001972121115155394,0.016666666666666607
0.00019722211111555539,0.0
0.00019723211071557138,0.0
0.0001972421103155874,0.0
0.0001972521099156034,0.0
0.0001972621095156194,0.0
0.00019727210911563538,0.016666666666666607
0.00019728210871565138,0.0
0.0001972921083156674,0.0
0.0001973021079156834,0.0
0.00019731210751569938,0.0
0.00019732210711571538,0.0
0.00019733210671573137,0.0
0.0001973421063157474,0.0
0.0001973521059157634,0.0
0.00019736210551577938,0.0
0.00019737210511579537,0.0
0.00019738210471581137,0.0
0.0001973921043158274,0.0
0.00019740210391584338,0.016666666666666607
0.00019741210351585938,0.0
0.00019742210311587537,0.016666666666666607
0.00019743210271589136,0.0
0.00019744210231590739,0.0
0.00019745210191592338,0.0
0.00019746210151593937,0.0
0.00019747210111595537,0.0
0.00019748210071597136,0.0
0.00019749210031598738,0.0
0.00019750209991600338,0.0
0.00019751209951601937,0.0
0.00019752209911603536,-0.016666666666666607
0.00019753209871605136,0.0
0.00019754209831606738,0.0
0.00019755209791608337,0.0
0.00019756209751609937,0.0
0.00019757209711611536,0.0
0.00019758209671613135,0.016666666666666607
0.00019759209631614737,0.0
0.00019760209591616337,0.0
0.00019761209551617936,0.0
0.00019762209511619536,0.0
0.00019763209471621135,0.016666666666666607
0.00019764209431622737,0.0
0.00019765209391624336,0.016666666666666607
0.00019766209351625936,0.0
0.00019767209311627535,0.0
0.00019768209271629137,0.0
0.00019769209231630737,0.0
0.00019770209191632336,0.0
0.00019771209151633935,0.016666666666666607
0.00019772209111635535,0.0
0.00019773209071637137,0.016666666666666607
0.00019774209031638736,0.0
0.00019775208991640336,0.0
0.00019776208951641935,0.0
0.00019777208911643534,0.0
0.00019778208871645137,0.0
0.00019779208831646736,0.0
0.00019780208791648335,0.0
0.00019781208751649935,-0.016666666666666607
0.00019782208711651534,0.0
0.00019783208671653136,0.0
0.00019784208631654736,0.0
0.00019785208591656335,0.0
0.00019786208551657934,0.0
0.00019787208511659534,0.016666666666666607
0.00019788208471661136,0.0
0.00019789208431662735,0.0
0.00019790208391664335,0.0
0.00019791208351665934,0.0
0.00019792208311667533,0.0
0.00019793208271669135,0.0
0.00019794208231670735,0.0
0.00019795208191672334,0.0
0.00019796208151673934,0.0
0.00019797208111675533,0.0
0.00019798208071677135,0.0
0.00019799208031678734,0.0
0.00019800207991680334,0.0
0.00019801207951681933,0.0
0.00019802207911683533,0.0
0.00019803207871685135,0.0
0.00019804207831686734,-0.016666666666666607
0.00019805207791688333,0.0
0.00019806207751689933,0.0
0.00019807207711691532,0.0
0.00019808207671693134,0.0
0.00019809207631694734,0.0
0.00019810207591696333,0.0
0.00019811207551697932,0.0
0.00019812207511699532,0.0
0.00019813207471701134,0.016666666666666607
0.00019814207431702733,0.0
0.00019815207391704333,0.016666666666666607
0.00019816207351705932,0.0
0.00019817207311707534,0.016666666666666607
0.00019818207271709134,0.0
0.00019819207231710733,0.0
0.00019820207191712332,0.0
0.00019821207151713932,0.0
0.00019822207111715534,0.0
0.00019823207071717133,0.0
0.00019824207031718733,0.0
0.00019825206991720332,0.0
0.0001982620695172193,0.0
0.00019827206911723533,0.0
0.00019828206871725133,0.0
0.00019829206831726732,0.0
0.00019830206791728332,0.016666666666666607
0.0001983120675172993,0.0
0.00019832206711731533,0.0
0.00019833206671733132,0.0
0.00019834206631734732,0.0
0.0001983520659173633,0.0
0.0001983620655173793,0.0
0.00019837206511739533,0.0
0.00019838206471741132,0.0
0.00019839206431742731,0.0
0.0001984020639174433,0.0
0.0001984120635174593,0.0
0.00019842206311747532,0.0
0.00019843206271749132,0.0
0.0001984420623175073,0.0
0.0001984520619175233,0.0
0.0001984620615175393,0.0
0.00019847206111755532,0.0
0.0001984820607175713,0.0
0.0001984920603175873,0.0
0.0001985020599176033,0.0
0.0001985120595176193,0.0
0.00019852205911763531,0.0
0.0001985320587176513,0.0
0.0001985420583176673,0.0
0.0001985520579176833,0.0
0.0001985620575176993,0.0
0.0001985720571177153,0.0
0.0001985820567177313,0.0
0.0001985920563177473,0.016666666666666607
0.0001986020559177633,0.0
0.0001986120555177793,0.0
0.0001986220551177953,0.0
0.0001986320547178113,0.0
0.0001986420543178273,0.0
0.0001986520539178433,-0.016666666666666607
0.0001986620535178593,0.0
0.0001986720531178753,0.0
0.0001986820527178913,0.0
0.0001986920523179073,0.0
0.00019870205191792328,0.0
0.0001987120515179393,0.0
0.0001987220511179553,0.0
0.0001987320507179713,0.0
0.0001987420503179873,0.0
0.00019875204991800328,0.0
0.0001987620495180193,0.0
0.0001987720491180353,0.0
0.0001987820487180513,0.0
0.00019879204831806728,0.0
0.00019880204791808328,0.0
0.0001988120475180993,0.016666666666666607
0.0001988220471181153,0.0
0.00019883204671813129,0.0
0.00019884204631814728,0.0
0.00019885204591816327,0.016666666666666607
0.0001988620455181793,0.0
0.0001988720451181953,0.0
0.00019888204471821128,0.0
0.00019889204431822728,0.016666666666666607
0.00019890204391824327,0.0
0.0001989120435182593,0.0
0.00019892204311827528,0.016666666666666607
0.00019893204271829128,0.016666666666666607
0.00019894204231830727,0.0
0.00019895204191832327,0.0
0.0001989620415183393,0.0
0.00019897204111835528,0.0
0.00019898204071837127,0.0
0.00019899204031838727,0.0
0.00019900203991840326,0.0
0.00019901203951841928,0.0
0.00019902203911843528,0.0
0.00019903203871845127,0.016666666666666607
0.00019904203831846726,0.0
0.00019905203791848326,0.0
0.00019906203751849928,0.0
0.00019907203711851527,0.016666666666666607
0.00019908203671853127,0.0
0.00019909203631854726,0.0
0.00019910203591856328,0.016666666666666607
0.00019911203551857928,0.0
0.00019912203511859527,0.0
0.00019913203471861126,0.0
0.00019914203431862726,0.0
0.00019915203391864328,0.0
0.00019916203351865927,0.0
0.00019917203311867527,0.016666666666666607
0.00019918203271869126,0.0
0.00019919203231870725,0.0
0.00019920203191872327,0.0
0.00019921203151873927,0.0
0.00019922203111875526,0.0
0.00019923203071877126,0.016666666666666607
0.00019924203031878725,0.0
0.00019925202991880327,0.0
0.00019926202951881926,0.0
0.00019927202911883526,0.0
0.00019928202871885125,0.0
0.00019929202831886725,0.0
0.00019930202791888327,0.0
0.00019931202751889926,0.0
0.00019932202711891525,0.016666666666666607
0.00019933202671893125,0.0
0.00019934202631894724,0.0
0.00019935202591896326,0.0
0.00019936202551897926,0.0
0.00019937202511899525,0.0
0.00019938202471901124,0.0
0.00019939202431902724,0.0
0.00019940202391904326,0.0
0.00019941202351905925,0.016666666666666607
0.00019942202311907525,0.0
0.00019943202271909124,0.0
0.00019944202231910723,0.016666666666666607
0.00019945202191912326,0.0
0.00019946202151913925,0.0
0.00019947202111915524,0.0
0.00019948202071917124,0.0
0.00019949202031918723,0.0
0.00019950201991920325,0.0
0.00019951201951921925,0.0
0.00019952201911923524,0.0
0.00019953201871925123,0.0
0.00019954201831926725,0.0
0.00019955201791928325,0.0
0.00019956201751929924,0.0
0.00019957201711931524,0.0
0.00019958201671933123,0.0
0.00019959201631934725,0.0
0.00019960201591936324,0.0
0.00019961201551937924,0.0
0.00019962201511939523,0.0
0.00019963201471941123,0.0
0.00019964201431942725,0.0
0.00019965201391944324,0.0
0.00019966201351945923,0.0
0.00019967201311947523,0.016666666666666607
0.00019968201271949122,0.0
0.00019969201231950724,0.0
0.00019970201191952324,0.0
0.00019971201151953923,0.0
0.00019972201111955522,0.0
0.00019973201071957122,0.0
0.00019974201031958724,0.0
0.00019975200991960323,0.0
0.00019976200951961923,0.0
0.00019977200911963522,0.0
0.00019978200871965121,0.0
0.00019979200831966724,0.0
0.00019980200791968323,0.0
0.00019981200751969922,0.0
0.00019982200711971522,0.0
0.0001998320067197312,0.0
0.00019984200631974723,0.0
0.00019985200591976323,0.0
0.00019986200551977922,0.0
0.0001998720051197952,0.016666666666666607
0.0001998820047198112,0.0
0.00019989200431982723,0.0
0.00019990200391984322,0.0
0.00019991200351985922,0.0
0.0001999220031198752,0.0
0.0001999320027198912,0.0
0.00019994200231990722,0.0
0.00019995200191992322,0.0
0.0001999620015199392,0.0
0.0001999720011199552,0.016666666666666607
0.0001999820007199712,0.0
0.00019999200031998722,0.0
0.00020000199992000321,0.016666666666666607
0.0002000119995200192,0.0
0.0002000219991200352,0.0
0.00020003199872005122,0.0
0.00020004199832006722,0.0
0.0002000519979200832,0.0
0.0002000619975200992,0.0
0.0002000719971201152,0.0
0.00020008199672013122,0.0
0.0002000919963201472,0.0
0.0002001019959201632,0.0
0.0002001119955201792,0.0
0.0002001219951201952,0.0
0.00020013199472021121,0.0
0.0002001419943202272,0.0
0.0002001519939202432,0.0
0.0002001619935202592,0.0
0.0002001719931202752,0.0
0.0002001819927202912,0.0
0.0002001919923203072,0.0
0.0002002019919203232,0.0
0.0002002119915203392,0.0
0.00020022199112035519,0.0
0.0002002319907203712,0.0
0.0002002419903203872,0.0
0.0002002519899204032,0.0
0.0002002619895204192,0.0
0.00020027198912043518,0.0
0.0002002819887204512,0.0
0.0002002919883204672,0.016666666666666607
0.0002003019879204832,0.0
0.00020031198752049918,0.0
0.00020032198712051518,0.0
0.0002003319867205312,0.0
0.0002003419863205472,0.0
0.0002003519859205632,0.0
0.00020036198552057918,0.0
0.00020037198512059517,0.0
0.0002003819847206112,0.0
0.0002003919843206272,0.0
0.00020040198392064318,0.0
0.00020041198352065918,0.0
0.00020042198312067517,0.0
0.0002004319827206912,0.0
0.00020044198232070719,0.0
0.00020045198192072318,0.0
0.00020046198152073917,0.0
0.00020047198112075517,0.0
0.0002004819807207712,0.0
0.00020049198032078718,0.0
0.00020050197992080318,0.016666666666666607
0.00020051197952081917,0.0
0.0002005219791208352,0.0
0.00020053197872085118,0.0
0.00020054197832086718,0.0
0.00020055197792088317,0.0
0.00020056197752089917,0.0
0.0002005719771209152,0.0
0.00020058197672093118,0.016666666666666607
0.00020059197632094717,0.0
0.00020060197592096317,0.0
0.00020061197552097916,0.0
0.00020062197512099518,-0.016666666666666607
0.00020063197472101118,0.0
0.00020064197432102717,0.0
0.00020065197392104316,0.0
0.00020066197352105916,0.016666666666666607
0.00020067197312107518,0.0
0.00020068197272109117,0.0
0.00020069197232110717,0.0
0.00020070197192112316,0.0
0.00020071197152113915,0.0
0.00020072197112115518,0.0
0.00020073197072117117,0.0
0.00020074197032118716,0.0
0.00020075196992120316,0.0
0.00020076196952121915,-0.016666666666666607
0.00020077196912123517,0.0
0.00020078196872125117,0.0
0.00020079196832126716,0.0
0.00020080196792128315,0.0
0.00020081196752129915,0.0
0.00020082196712131517,0.0
0.00020083196672133116,0.0
0.00020084196632134716,0.0
0.00020085196592136315,0.0
0.00020086196552137914,0.0
0.00020087196512139516,0.0
0.00020088196472141116,0.016666666666666607
0.00020089196432142715,0.0
0.00020090196392144315,0.016666666666666607
0.00020091196352145914,0.0
0.00020092196312147516,0.0
0.00020093196272149115,0.0
0.00020094196232150715,0.0
0.00020095196192152314,0.0
0.00020096196152153916,0.0
0.00020097196112155516,0.0
0.00020098196072157115,0.0
0.00020099196032158714,0.016666666666666607
0.00020100195992160314,0.0
0.00020101195952161916,0.0
0.00020102195912163515,0.0
0.00020103195872165115,0.0
0.00020104195832166714,0.0
0.00020105195792168313,0.0
0.00020106195752169916,0.0
0.00020107195712171515,0.0
0.00020108195672173114,0.0
0.00020109195632174714,0.016666666666666607
0.00020110195592176313,0.0
0.00020111195552177915,0.0
0.00020112195512179515,0.0
0.00020113195472181114,0.0
0.00020114195432182713,0.0
0.00020115195392184313,0.0
0.00020116195352185915,0.0
0.00020117195312187514,0.016666666666666607
0.00020118195272189114,0.0
0.00020119195232190713,0.0
0.00020120195192192312,0.0
0.00020121195152193914,0.0
0.00020122195112195514,0.0
0.00020123195072197113,0.016666666666666607
0.00020124195032198713,0.0
0.00020125194992200312,0.0
0.00020126194952201914,0.0
0.00020127194912203513,0.0
0.00020128194872205113,0.0
0.00020129194832206712,0.0
0.00020130194792208312,0.0
0.00020131194752209914,0.0
0.00020132194712211513,0.0
0.00020133194672213112,0.0
0.00020134194632214712,0.0
0.0002013519459221631,0.0
0.00020136194552217913,0.0
0.00020137194512219513,0.0
0.00020138194472221112,0.0
0.00020139194432222711,0.0
0.0002014019439222431,0.0
0.00020141194352225913,0.0
0.00020142194312227512,0.0
0.00020143194272229112,0.0
0.0002014419423223071,0.0
0.00020145194192232313,0.0
0.00020146194152233913,0.0
0.00020147194112235512,0.016666666666666607
0.0002014819407223711,0.016666666666666607
0.0002014919403223871,0.0
0.00020150193992240313,0.0
0.00020151193952241912,0.0
0.00020152193912243512,0.0
0.0002015319387224511,0.0
0.0002015419383224671,0.0
0.00020155193792248312,0.0
0.00020156193752249912,0.0
0.0002015719371225151,0.0
0.0002015819367225311,0.0
0.0002015919363225471,0.0
0.00020160193592256312,0.0
0.00020161193552257911,0.0
0.0002016219351225951,0.0
0.0002016319347226111,0.016666666666666607
0.0002016419343226271,0.0
0.00020165193392264312,0.0
0.0002016619335226591,0.0
0.0002016719331226751,0.0
0.0002016819327226911,0.0
0.0002016919323227071,0.0
0.0002017019319227231,-0.016666666666666607
0.0002017119315227391,0.0
0.0002017219311227551,0.0
0.0002017319307227711,0.0
0.0002017419303227871,0.0
0.0002017519299228031,0.0
0.0002017619295228191,-0.016666666666666607
0.0002017719291228351,0.0
0.0002017819287228511,0.0
0.00020179192832286708,0.0
0.0002018019279228831,0.0
0.0002018119275228991,0.0
0.0002018219271229151,0.0
0.00020183192672293109,0.0
0.00020184192632294708,0.0
0.0002018519259229631,0.0
0.0002018619255229791,0.0
0.0002018719251229951,0.016666666666666607
0.00020188192472301108,0.0
0.0002018919243230271,0.0
0.0002019019239230431,0.0
0.0002019119235230591,0.016666666666666607
0.00020192192312307508,0.0
0.00020193192272309108,0.0
0.0002019419223231071,0.0
0.0002019519219231231,0.0
0.0002019619215231391,0.0
0.00020197192112315508,0.0
0.00020198192072317108,-0.016666666666666607
0.0002019919203231871,0.0
0.0002020019199232031,0.0
0.00020201191952321908,0.0
0.00020202191912323508,0.0
0.00020203191872325107,0.0
0.0002020419183232671,0.0
0.00020205191792328309,0.0
0.00020206191752329908,0.0
0.00020207191712331507,0.016666666666666607
0.00020208191672333107,0.0
0.0002020919163233471,0.0
0.00020210191592336308,0.0
0.00020211191552337908,0.016666666666666607
0.00020212191512339507,0.0
0.00020213191472341106,0.0
0.00020214191432342708,0.0
0.00020215191392344308,0.0
0.00020216191352345907,0.0
0.00020217191312347507,0.0
0.00020218191272349106,0.0
0.00020219191232350708,0.0
0.00020220191192352307,0.0
0.00020221191152353907,0.0
0.00020222191112355506,0.0
0.00020223191072357106,-0.016666666666666607
0.00020224191032358708,0.0
0.00020225190992360307,0.0
0.00020226190952361906,0.0
0.00020227190912363506,0.0
0.00020228190872365105,0.0
0.00020229190832366707,0.0
0.00020230190792368307,0.0
0.00020231190752369906,0.0
0.00020232190712371505,0.0
0.00020233190672373105,0.016666666666666607
0.00020234190632374707,0.0
0.00020235190592376306,0.0
0.00020236190552377906,0.0
0.00020237190512379505,0.0
0.00020238190472381107,0.0
0.00020239190432382707,0.0
0.00020240190392384306,0.0
0.00020241190352385905,0.0
0.00020242190312387505,0.0
0.00020243190272389107,0.0
0.00020244190232390706,0.0
0.00020245190192392306,0.0
0.00020246190152393905,0.0
0.00020247190112395504,0.0
0.00020248190072397106,0.0
0.00020249190032398706,0.0
0.00020250189992400305,0.0
0.00020251189952401905,0.0
0.00020252189912403504,0.0
0.00020253189872405106,0.0
0.00020254189832406705,0.0
0.00020255189792408305,0.016666666666666607
0.00020256189752409904,0.0
0.00020257189712411504,0.016666666666666607
0.00020258189672413106,0.0
0.00020259189632414705,0.016666666666666607
0.00020260189592416304,0.0
0.00020261189552417904,0.016666666666666607
0.00020262189512419503,0.0
0.00020263189472421105,0.0
0.00020264189432422705,0.0
0.00020265189392424304,0.0
0.00020266189352425903,0.0
0.00020267189312427503,0.0
0.00020268189272429105,0.0
0.00020269189232430704,0.0
0.00020270189192432304,0.0
0.00020271189152433903,0.0
0.00020272189112435502,0.016666666666666607
0.00020273189072437105,0.0
0.00020274189032438704,0.0
0.00020275188992440303,0.016666666666666607
0.00020276188952441903,0.0
0.00020277188912443502,0.0
0.00020278188872445104,0.0
0.00020279188832446704,0.0
0.00020280188792448303,0.0
0.00020281188752449902,0.0
0.00020282188712451504,-0.016666666666666607
0.00020283188672453104,0.0
0.00020284188632454703,0.0
0.00020285188592456303,0.0
0.00020286188552457902,0.0
0.00020287188512459504,0.016666666666666607
0.00020288188472461103,0.0
0.00020289188432462703,0.016666666666666607
0.00020290188392464302,0.0
0.00020291188352465902,0.0
0.00020292188312467504,0.0
0.00020293188272469103,0.0
0.00020294188232470702,0.0
0.00020295188192472302,0.0
0.000202961881524739,0.0
0.00020297188112475503,0.0
0.00020298188072477103,0.0
0.00020299188032478702,0.0
0.00020300187992480301,0.0
0.000203011879524819,0.0
0.00020302187912483503,0.0
0.00020303187872485102,0.0
0.00020304187832486702,0.0
0.000203051877924883,0.0
0.000203061877524899,0.0
0.00020307187712491503,0.0
0.00020308187672493102,0.0
0.000203091876324947,0.0
0.000203101875924963,0.0
0.000203111875524979,0.0
0.00020312187512499502,0.0
0.00020313187472501102,0.0
0.000203141874325027,0.0
0.000203151873925043,0.0
0.000203161873525059,0.0
0.00020317187312507502,0.0
0.000203181872725091,0.0
0.000203191872325107,0.0
0.000203201871925123,0.0
0.000203211871525139,0.0
0.00020322187112515501,0.0
0.000203231870725171,0.0
0.000203241870325187,0.0
0.000203251869925203,-0.016666666666666607
0.000203261869525219,0.0
0.000203271869125235,0.0
0.000203281868725251,0.0
0.000203291868325267,0.016666666666666607
0.000203301867925283,0.0
0.000203311867525299,0.0
0.000203321867125315,0.0
0.000203331866725331,0.016666666666666607
0.000203341866325347,0.0
0.000203351865925363,0.016666666666666607
0.000203361865525379,0.0
0.000203371865125395,0.0
0.000203381864725411,0.0
0.000203391864325427,0.0
0.00020340186392544298,0.0
0.000203411863525459,0.0
0.000203421863125475,0.0
0.000203431862725491,0.016666666666666607
0.00020344186232550699,0.016666666666666607
0.00020345186192552298,0.0
0.000203461861525539,0.016666666666666607
0.000203471861125555,0.016666666666666607
0.000203481860725571,0.0
0.00020349186032558698,0.0
0.00020350185992560298,0.0
0.000203511859525619,0.0
0.000203521859125635,0.0
0.00020353185872565099,0.0
0.00020354185832566698,0.0
0.00020355185792568297,0.0
0.000203561857525699,0.0
0.000203571857125715,0.0
0.00020358185672573098,0.0
0.00020359185632574698,0.0
0.00020360185592576297,0.0
0.000203611855525779,0.0
0.00020362185512579498,0.0
0.00020363185472581098,0.0
0.00020364185432582697,0.0
0.00020365185392584297,0.0
0.00020366185352585899,0.0
0.00020367185312587498,0.0
0.00020368185272589097,0.016666666666666607
0.00020369185232590697,0.016666666666666607
0.00020370185192592296,0.0
0.00020371185152593898,0.0
0.00020372185112595498,0.0
0.00020373185072597097,0.016666666666666607
0.00020374185032598696,0.0
0.00020375184992600298,0.0
0.00020376184952601898,0.0
0.00020377184912603497,0.0
0.00020378184872605097,0.0
0.00020379184832606696,0.0
0.00020380184792608298,0.0
0.00020381184752609897,0.0
0.00020382184712611497,0.0
0.00020383184672613096,0.016666666666666607
0.00020384184632614696,0.0
0.00020385184592616298,0.0
0.00020386184552617897,0.0
0.00020387184512619496,0.0
0.00020388184472621096,0.0
0.00020389184432622695,0.0
0.00020390184392624297,0.0
0.00020391184352625897,0.016666666666666607
0.00020392184312627496,0.0
0.00020393184272629095,0.0
0.00020394184232630695,0.0
0.00020395184192632297,0.0
0.00020396184152633896,0.0
0.00020397184112635496,0.0
0.00020398184072637095,0.0
0.00020399184032638694,0.016666666666666607
0.00020400183992640297,0.0
0.00020401183952641896,0.0
0.00020402183912643495,0.0
0.00020403183872645095,0.0
0.00020404183832646694,0.0
0.00020405183792648296,0.0
0.00020406183752649896,0.0
0.00020407183712651495,0.0
0.00020408183672653094,0.0
0.00020409183632654694,0.0
0.00020410183592656296,0.0
0.00020411183552657895,0.0
0.00020412183512659495,0.0
0.00020413183472661094,0.0
0.00020414183432662693,0.0
0.00020415183392664295,0.0
0.00020416183352665895,0.0
0.00020417183312667494,0.0
0.00020418183272669094,0.0
0.00020419183232670693,0.0
0.00020420183192672295,0.0
0.00020421183152673894,0.0
0.00020422183112675494,0.0
0.00020423183072677093,0.0
0.00020424183032678695,0.0
0.00020425182992680295,0.0
0.00020426182952681894,0.0
0.00020427182912683493,0.016666666666666607
0.00020428182872685093,0.0
0.00020429182832686695,0.016666666666666607
0.00020430182792688294,-0.016666666666666607
0.00020431182752689894,0.0
0.00020432182712691493,0.016666666666666607
0.00020433182672693092,0.0
0.00020434182632694695,0.0
0.00020435182592696294,0.0
0.00020436182552697893,0.0
0.00020437182512699493,0.016666666666666607
0.00020438182472701092,0.0
0.00020439182432702694,0.0
0.00020440182392704294,0.016666666666666607
0.00020441182352705893,0.016666666666666607
0.00020442182312707492,0.0
0.00020443182272709092,0.0
0.00020444182232710694,0.0
0.00020445182192712293,0.016666666666666607
0.00020446182152713893,0.0
0.00020447182112715492,0.0
0.0002044818207271709,0.0
0.00020449182032718693,0.0
0.00020450181992720293,0.0
0.00020451181952721892,0.0
0.00020452181912723492,0.0
0.0002045318187272509,0.0
0.00020454181832726693,0.0
0.00020455181792728292,0.0
0.00020456181752729892,0.0
0.0002045718171273149,0.0
0.0002045818167273309,0.0
0.00020459181632734693,0.0
0.00020460181592736292,0.0
0.00020461181552737891,0.0
0.0002046218151273949,0.0
0.0002046318147274109,0.0
0.00020464181432742692,0.0
0.00020465181392744292,0.0
0.0002046618135274589,0.0
0.0002046718131274749,0.0
0.00020468181272749093,0.0
0.00020469181232750692,0.0
0.0002047018119275229,0.0
0.0002047118115275389,0.0
0.0002047218111275549,0.0
0.00020473181072757092,0.0
0.00020474181032758692,0.0
0.0002047518099276029,0.0
0.0002047618095276189,0.0
0.0002047718091276349,0.0
0.00020478180872765092,0.0
0.0002047918083276669,0.0
0.0002048018079276829,0.0
0.0002048118075276989,0.0
0.0002048218071277149,0.0
0.00020483180672773091,0.0
0.0002048418063277469,0.016666666666666607
0.0002048518059277629,0.0
0.0002048618055277789,0.0
0.0002048718051277949,0.0
0.0002048818047278109,0.0
0.0002048918043278269,0.0
0.0002049018039278429,0.0
0.0002049118035278589,0.016666666666666607
0.00020492180312787489,0.0
0.0002049318027278909,0.0
0.0002049418023279069,0.0
0.0002049518019279229,0.0
0.0002049618015279389,0.0
0.00020497180112795488,0.0
0.0002049818007279709,0.0
0.0002049918003279869,0.0
0.0002050017999280029,0.0
0.00020501179952801888,0.0
0.00020502179912803488,0.0
0.0002050317987280509,0.0
0.0002050417983280669,0.0
0.00020505179792808289,0.0
0.00020506179752809888,0.0
0.00020507179712811487,0.0
0.0002050817967281309,0.0
0.0002050917963281469,0.0
0.00020510179592816288,0.016666666666666607
0.00020511179552817888,0.0
0.00020512179512819487,0.0
0.0002051317947282109,0.0
0.00020514179432822689,0.0
0.00020515179392824288,0.0
0.00020516179352825887,0.0
0.0002051717931282749,0.0
0.0002051817927282909,0.0
0.00020519179232830688,0.0
0.00020520179192832288,0.0
0.00020521179152833887,0.0
0.0002052217911283549,0.0
0.00020523179072837088,0.0
0.00020524179032838688,0.016666666666666607
0.00020525178992840287,0.0
0.00020526178952841887,0.0
0.00020527178912843489,0.0
0.00020528178872845088,0.0
0.00020529178832846687,0.0
0.00020530178792848287,0.016666666666666607
0.00020531178752849886,0.0
0.00020532178712851488,0.0
0.00020533178672853088,0.0
0.00020534178632854687,0.0
0.00020535178592856286,0.0
0.00020536178552857886,0.016666666666666607
0.00020537178512859488,0.0
0.00020538178472861087,0.0
0.00020539178432862687,0.0
0.00020540178392864286,0.0
0.00020541178352865885,0.016666666666666607
0.00020542178312867487,0.0
0.00020543178272869087,0.0
0.00020544178232870686,0.0
0.00020545178192872286,0.0
0.00020546178152873885,0.016666666666666607
0.00020547178112875487,0.0
0.00020548178072877086,0.0
0.00020549178032878686,0.0
0.00020550177992880285,0.0
0.00020551177952881885,0.0
0.00020552177912883487,0.0
0.00020553177872885086,0.0
0.00020554177832886685,0.0
0.00020555177792888285,0.0
0.00020556177752889884,0.0
0.00020557177712891486,0.0
0.00020558177672893086,0.0
0.00020559177632894685,0.016666666666666607
0.00020560177592896284,0.0
0.00020561177552897887,0.0
0.00020562177512899486,0.0
0.00020563177472901085,0.016666666666666607
0.00020564177432902685,0.0
0.00020565177392904284,0.016666666666666607
0.00020566177352905886,0.0
0.00020567177312907486,0.0
0.00020568177272909085,0.0
0.00020569177232910684,0.016666666666666607
0.00020570177192912284,0.0
0.00020571177152913886,0.0
0.00020572177112915485,0.0
0.00020573177072917085,0.016666666666666607
0.00020574177032918684,0.0
0.00020575176992920283,0.016666666666666607
0.00020576176952921885,0.0
0.00020577176912923485,0.0
0.00020578176872925084,-0.016666666666666607
0.00020579176832926684,0.0
0.00020580176792928283,0.0
0.00020581176752929885,0.016666666666666607
0.00020582176712931484,0.016666666666666607
0.00020583176672933084,0.0
0.00020584176632934683,0.0
0.00020585176592936283,0.0
0.00020586176552937885,0.0
0.00020587176512939484,0.016666666666666607
0.00020588176472941083,0.0
0.00020589176432942683,0.016666666666666607
0.00020590176392944282,0.0
0.00020591176352945884,-0.016666666666666607
0.00020592176312947484,0.0
0.00020593176272949083,0.0
0.00020594176232950682,0.016666666666666607
0.00020595176192952282,0.016666666666666607
0.00020596176152953884,0.016666666666666607
0.00020597176112955483,0.016666666666666607
0.00020598176072957083,-0.016666666666666607
0.00020599176032958682,-0.016666666666666607
0.00020600175992960281,-0.016666666666666607
0.00020601175952961884,0.0
0.00020602175912963483,0.016666666666666607
0.00020603175872965082,0.016666666666666607
0.00020604175832966682,0.0
0.0002060517579296828,0.0
0.00020606175752969883,0.0
0.00020607175712971483,0.0
0.00020608175672973082,-0.016666666666666607
0.0002060917563297468,0.0
0.00020610175592976283,0.0
0.00020611175552977883,0.0
0.00020612175512979482,0.0
0.00020613175472981082,0.0
0.0002061417543298268,0.0
0.00020615175392984283,0.0
0.00020616175352985882,0.0
0.00020617175312987482,0.016666666666666607
0.0002061817527298908,0.0
0.0002061917523299068,0.0
0.00020620175192992283,0.0
0.00020621175152993882,0.0
0.00020622175112995481,0.0
0.0002062317507299708,0.0
0.0002062417503299868,0.0
0.00020625174993000282,0.016666666666666607
0.00020626174953001882,0.016666666666666607
0.0002062717491300348,0.016666666666666607
0.0002062817487300508,0.0
0.0002062917483300668,0.0
0.00020630174793008282,0.0
0.0002063117475300988,-0.016666666666666607
0.0002063217471301148,0.0
0.0002063317467301308,0.0
0.0002063417463301468,0.0
0.00020635174593016282,0.016666666666666607
0.0002063617455301788,0.0
0.0002063717451301948,-0.016666666666666607
0.0002063817447302108,0.0
0.0002063917443302268,0.0
0.0002064017439302428,0.0
0.0002064117435302588,0.0
0.0002064217431302748,0.0
0.0002064317427302908,0.016666666666666607
0.0002064417423303068,0.0
0.0002064517419303228,0.0
0.0002064617415303388,0.016666666666666607
0.0002064717411303548,0.0
0.0002064817407303708,0.016666666666666607
0.00020649174033038678,0.0
0.0002065017399304028,0.0
0.0002065117395304188,0.0
0.0002065217391304348,-0.016666666666666607
0.00020653173873045079,0.0
0.00020654173833046678,0.0
0.0002065517379304828,0.0
0.0002065617375304988,0.0
0.0002065717371305148,0.016666666666666607
0.00020658173673053078,0.0
0.0002065917363305468,-0.016666666666666607
0.0002066017359305628,0.0
0.0002066117355305788,0.0
0.00020662173513059478,0.0
0.00020663173473061078,0.0
0.0002066417343306268,0.0
0.0002066517339306428,0.0
0.0002066617335306588,0.0
0.00020667173313067478,0.0
0.00020668173273069077,0.0
0.0002066917323307068,0.016666666666666607
0.0002067017319307228,0.0
0.00020671173153073878,0.0
0.00020672173113075478,0.016666666666666607
0.00020673173073077077,0.0
0.0002067417303307868,0.016666666666666607
0.00020675172993080279,0.016666666666666607
0.00020676172953081878,0.0
0.00020677172913083477,0.0
0.00020678172873085077,0.0
0.0002067917283308668,0.0
0.00020680172793088278,0.0
0.00020681172753089878,0.0
0.00020682172713091477,0.0
0.00020683172673093076,0.0
0.00020684172633094678,0.0
0.00020685172593096278,0.0
0.00020686172553097877,0.0
0.00020687172513099477,0.0
0.00020688172473101076,-0.016666666666666607
0.00020689172433102678,0.0
0.00020690172393104277,0.0
0.00020691172353105877,0.0
0.00020692172313107476,0.0
0.00020693172273109076,0.0
0.00020694172233110678,0.0
0.00020695172193112277,0.0
0.00020696172153113876,0.0
0.00020697172113115476,0.0
0.00020698172073117075,0.016666666666666607
0.00020699172033118677,0.016666666666666607
0.00020700171993120277,0.0
0.00020701171953121876,0.0
0.00020702171913123475,0.0
0.00020703171873125077,0.016666666666666607
0.00020704171833126677,0.0
0.00020705171793128276,0.016666666666666607
0.00020706171753129876,0.0
0.00020707171713131475,0.0
0.00020708171673133077,0.0
0.00020709171633134676,0.0
0.00020710171593136276,0.0
0.00020711171553137875,-0.016666666666666607
0.00020712171513139475,0.0
0.00020713171473141077,0.0
0.00020714171433142676,0.0
0.00020715171393144275,0.0
0.00020716171353145875,0.0
0.00020717171313147474,0.0
0.00020718171273149076,0.0
0.00020719171233150676,0.0
0.00020720171193152275,0.0
0.00020721171153153874,0.0
0.00020722171113155474,0.0
0.00020723171073157076,0.0
0.00020724171033158675,0.0
0.00020725170993160275,0.0
0.00020726170953161874,0.0
0.00020727170913163473,0.0
0.00020728170873165076,0.0
0.00020729170833166675,0.016666666666666607
0.00020730170793168274,0.0
0.00020731170753169874,0.016666666666666607
0.00020732170713171473,0.0
0.00020733170673173075,0.0
0.00020734170633174675,0.0
0.00020735170593176274,0.0
0.00020736170553177873,0.0
0.00020737170513179473,0.0
0.00020738170473181075,-0.016666666666666607
0.00020739170433182674,0.0
0.00020740170393184274,0.0
0.00020741170353185873,0.0
0.00020742170313187472,0.0
0.00020743170273189074,0.0
0.00020744170233190674,0.0
0.00020745170193192273,0.0
0.00020746170153193873,0.0
0.00020747170113195472,0.0
0.00020748170073197074,0.0
0.00020749170033198673,0.0
0.00020750169993200273,0.0
0.00020751169953201872,0.0
0.00020752169913203474,0.0
0.00020753169873205074,0.0
0.00020754169833206673,0.0
0.00020755169793208272,0.016666666666666607
0.00020756169753209872,0.016666666666666607
0.00020757169713211474,0.0
0.00020758169673213073,0.0
0.00020759169633214673,0.0
0.00020760169593216272,0.0
0.00020761169553217871,0.0
0.00020762169513219474,-0.016666666666666607
0.00020763169473221073,0.0
0.00020764169433222672,0.0
0.00020765169393224272,0.0
0.0002076616935322587,0.0
0.00020767169313227473,0.0
0.00020768169273229073,0.0
0.00020769169233230672,0.0
0.0002077016919323227,0.0
0.0002077116915323387,0.016666666666666607
0.00020772169113235473,0.0
0.00020773169073237072,0.0
0.00020774169033238672,0.0
0.0002077516899324027,0.0
0.0002077616895324187,0.0
0.00020777168913243472,0.0
0.00020778168873245072,0.0
0.0002077916883324667,0.0
0.0002078016879324827,-0.016666666666666607
0.0002078116875324987,0.0
0.00020782168713251472,0.0
0.00020783168673253071,0.0
0.0002078416863325467,0.0
0.0002078516859325627,0.0
0.0002078616855325787,0.0
0.00020787168513259472,0.016666666666666607
0.0002078816847326107,0.0
0.0002078916843326267,0.016666666666666607
0.0002079016839326427,0.0
0.0002079116835326587,0.0
0.0002079216831326747,0.0
0.0002079316827326907,0.0
0.0002079416823327067,0.0
0.0002079516819327227,0.0
0.00020796168153273872,0.0
0.0002079716811327547,0.0
0.0002079816807327707,-0.016666666666666607
0.0002079916803327867,0.0
0.0002080016799328027,0.0
0.0002080116795328187,0.0
0.0002080216791328347,0.0
0.0002080316787328507,0.0
0.0002080416783328667,0.0
0.0002080516779328827,0.016666666666666607
0.0002080616775328987,0.016666666666666607
0.0002080716771329147,0.0
0.0002080816767329307,0.0
0.0002080916763329467,0.0
0.00020810167593296268,0.0
0.0002081116755329787,0.0
0.0002081216751329947,0.0
0.0002081316747330107,0.0
0.00020814167433302669,0.0
0.00020815167393304268,0.0
0.0002081616735330587,0.0
0.0002081716731330747,0.0
0.0002081816727330907,0.0
0.00020819167233310668,0.0
0.00020820167193312268,0.0
0.0002082116715331387,0.0
0.0002082216711331547,0.0
0.00020823167073317068,0.0
0.00020824167033318668,0.016666666666666607
0.00020825166993320267,0.016666666666666607
0.0002082616695332187,0.0
0.0002082716691332347,0.0
0.00020828166873325068,0.0
0.00020829166833326667,0.0
0.00020830166793328267,0.0
0.0002083116675332987,0.0
0.00020832166713331468,0.0
0.00020833166673333068,0.0
0.00020834166633334667,0.016666666666666607
0.00020835166593336266,0.0
0.00020836166553337869,0.0
0.00020837166513339468,0.0
0.00020838166473341067,0.0
0.00020839166433342667,0.0
0.00020840166393344266,0.0
0.00020841166353345868,0.016666666666666607
0.00020842166313347468,0.0
0.00020843166273349067,0.0
0.00020844166233350666,0.0
0.00020845166193352268,0.0
0.00020846166153353868,0.0
0.00020847166113355467,0.0
0.00020848166073357067,0.0
0.00020849166033358666,0.0
0.00020850165993360268,0.0
0.00020851165953361867,0.0
0.00020852165913363467,0.0
0.00020853165873365066,0.0
0.00020854165833366666,0.016666666666666607
0.00020855165793368268,0.0
0.00020856165753369867,0.0
0.00020857165713371466,0.0
0.00020858165673373066,0.0
0.00020859165633374665,0.0
0.00020860165593376267,0.0
0.00020861165553377867,0.0
0.00020862165513379466,0.0
0.00020863165473381065,0.0
0.00020864165433382665,0.0
0.00020865165393384267,0.0
0.00020866165353385866,0.0
0.00020867165313387466,0.016666666666666607
0.00020868165273389065,0.0
0.00020869165233390664,0.0
0.00020870165193392266,0.0
0.00020871165153393866,0.0
0.00020872165113395465,0.0
0.00020873165073397065,0.016666666666666607
0.00020874165033398664,0.0
0.00020875164993400266,0.0
0.00020876164953401865,0.016666666666666607
0.00020877164913403465,-0.016666666666666607
0.00020878164873405064,0.0
0.00020879164833406664,0.0
0.00020880164793408266,0.0
0.00020881164753409865,0.0
0.00020882164713411464,0.0
0.00020883164673413064,0.0
0.00020884164633414663,0.0
0.00020885164593416265,0.0
0.00020886164553417865,0.0
0.00020887164513419464,0.016666666666666607
0.00020888164473421063,0.0
0.00020889164433422666,0.0
0.00020890164393424265,0.0
0.00020891164353425864,0.016666666666666607
0.00020892164313427464,0.0
0.00020893164273429063,0.0
0.00020894164233430665,0.0
0.00020895164193432265,0.0
0.00020896164153433864,0.0
0.00020897164113435463,0.0
0.00020898164073437063,0.0
0.00020899164033438665,0.0
0.00020900163993440264,0.0
0.00020901163953441864,0.0
0.00020902163913443463,0.0
0.00020903163873445062,0.0
0.00020904163833446664,0.0
0.00020905163793448264,0.0
0.00020906163753449863,0.0
0.00020907163713451463,0.0
0.00020908163673453062,0.0
0.00020909163633454664,0.0
0.00020910163593456263,0.0
0.00020911163553457863,0.0
0.00020912163513459462,0.0
0.00020913163473461062,0.016666666666666607
0.00020914163433462664,0.0
0.00020915163393464263,0.0
0.00020916163353465862,0.0
0.00020917163313467462,0.0
0.0002091816327346906,0.0
0.00020919163233470663,0.0
0.00020920163193472263,0.0
0.00020921163153473862,0.0
0.00020922163113475461,0.0
0.0002092316307347706,0.0
0.00020924163033478663,0.0
0.00020925162993480262,0.016666666666666607
0.00020926162953481862,0.0
0.0002092716291348346,0.0
0.0002092816287348506,0.0
0.00020929162833486663,0.0
0.00020930162793488262,0.016666666666666607
0.0002093116275348986,0.0
0.0002093216271349146,0.0
0.0002093316267349306,0.0
0.00020934162633494662,0.0
0.00020935162593496262,0.0
0.0002093616255349786,0.0
0.0002093716251349946,0.0
0.00020938162473501062,0.0
0.00020939162433502662,0.0
0.0002094016239350426,0.0
0.0002094116235350586,0.0
0.0002094216231350746,0.0
0.00020943162273509062,0.0
0.00020944162233510661,0.0
0.0002094516219351226,0.0
0.0002094616215351386,0.0
0.0002094716211351546,0.0
0.00020948162073517062,0.0
0.0002094916203351866,0.0
0.0002095016199352026,0.0
0.0002095116195352186,0.0
0.0002095216191352346,0.0
0.0002095316187352506,0.0
0.0002095416183352666,-0.016666666666666607
0.0002095516179352826,0.0
0.0002095616175352986,0.016666666666666607
0.0002095716171353146,0.0
0.0002095816167353306,0.0
0.0002095916163353466,0.0
0.0002096016159353626,0.0
0.0002096116155353786,0.0
0.00020962161513539458,0.0
0.0002096316147354106,0.0
0.0002096416143354266,0.0
0.0002096516139354426,0.016666666666666607
0.0002096616135354586,0.0
0.00020967161313547458,0.0
0.0002096816127354906,0.0
0.0002096916123355066,0.0
0.0002097016119355226,0.0
0.00020971161153553858,0.0
0.00020972161113555458,0.0
0.0002097316107355706,0.0
0.0002097416103355866,-0.016666666666666607
0.00020975160993560259,0.0
0.00020976160953561858,0.0
0.00020977160913563457,0.0
0.0002097816087356506,0.0
0.0002097916083356666,0.0
0.00020980160793568258,0.0
0.00020981160753569858,0.0
0.0002098216071357146,0.0
0.0002098316067357306,0.0
0.00020984160633574658,0.0
0.00020985160593576258,0.0
0.00020986160553577857,0.0
0.0002098716051357946,0.0
0.0002098816047358106,0.0
0.00020989160433582658,0.0
0.00020990160393584257,0.0
0.00020991160353585857,0.0
0.0002099216031358746,0.0
0.00020993160273589058,0.0
0.00020994160233590658,0.0
0.00020995160193592257,0.0
0.00020996160153593856,0.0
0.00020997160113595459,0.016666666666666607
0.00020998160073597058,0.0
0.00020999160033598657,0.0
0.00021000159993600257,0.0
0.00021001159953601856,0.0
0.00021002159913603458,0.0
0.00021003159873605058,0.0
0.00021004159833606657,0.0
0.00021005159793608256,0.0
0.00021006159753609856,0.016666666666666607
0.00021007159713611458,0.0
0.00021008159673613057,0.0
0.00021009159633614657,0.0
0.00021010159593616256,0.0
0.00021011159553617855,0.0
0.00021012159513619457,0.0
0.00021013159473621057,0.0
0.00021014159433622656,0.0
0.00021015159393624256,0.0
0.00021016159353625855,0.0
0.00021017159313627457,0.0
0.00021018159273629056,0.0
0.00021019159233630656,0.0
0.00021020159193632255,0.0
0.00021021159153633855,0.016666666666666607
0.00021022159113635457,0.0
0.00021023159073637056,0.016666666666666607
0.00021024159033638655,0.0
0.00021025158993640255,0.0
0.00021026158953641854,0.0
0.00021027158913643456,0.0
0.00021028158873645056,0.0
0.00021029158833646655,0.0
0.00021030158793648254,0.0
0.00021031158753649856,-0.016666666666666607
0.00021032158713651456,0.0
0.00021033158673653055,0.0
0.00021034158633654655,0.0
0.00021035158593656254,0.0
0.00021036158553657856,0.0
0.00021037158513659455,0.0
0.00021038158473661055,0.0
0.00021039158433662654,0.0
0.00021040158393664254,0.0
0.00021041158353665856,0.0
0.00021042158313667455,0.0
0.00021043158273669054,0.0
0.00021044158233670654,0.0
0.00021045158193672253,0.016666666666666607
0.00021046158153673855,0.0
0.00021047158113675455,0.0
0.00021048158073677054,0.0
0.00021049158033678654,0.0
0.00021050157993680253,0.0
0.00021051157953681855,0.0
0.00021052157913683454,0.0
0.00021053157873685054,0.0
0.00021054157833686653,0.016666666666666607
0.00021055157793688253,0.0
0.00021056157753689855,-0.016666666666666607
0.00021057157713691454,0.0
0.00021058157673693053,0.0
0.00021059157633694653,0.0
0.00021060157593696252,0.0
0.00021061157553697854,0.0
0.00021062157513699454,0.0
0.00021063157473701053,0.0
0.00021064157433702652,0.0
0.00021065157393704252,0.0
0.00021066157353705854,0.0
0.00021067157313707453,0.0
0.00021068157273709053,0.016666666666666607
0.00021069157233710652,0.0
0.00021070157193712251,0.0
0.00021071157153713853,0.0
0.00021072157113715453,0.0
0.00021073157073717052,0.0
0.00021074157033718652,0.0
0.00021075156993720254,0.0
0.00021076156953721853,0.0
0.00021077156913723452,0.016666666666666607
0.00021078156873725052,0.0
0.0002107915683372665,0.0
0.00021080156793728253,0.0
0.00021081156753729853,0.0
0.00021082156713731452,0.0
0.00021083156673733051,0.0
0.0002108415663373465,0.0
0.00021085156593736253,0.0
0.00021086156553737852,0.0
0.00021087156513739452,0.0
0.0002108815647374105,0.0
0.0002108915643374265,0.016666666666666607
0.00021090156393744253,0.0
0.00021091156353745852,0.0
0.0002109215631374745,0.0
0.0002109315627374905,0.0
0.0002109415623375065,0.0
0.00021095156193752252,0.0
0.00021096156153753852,0.016666666666666607
0.0002109715611375545,0.0
0.0002109815607375705,0.0
0.0002109915603375865,0.0
0.00021100155993760252,0.0
0.0002110115595376185,0.0
0.0002110215591376345,0.0
0.0002110315587376505,0.0
0.0002110415583376665,0.0
0.00021105155793768251,0.0
0.0002110615575376985,0.0
0.0002110715571377145,0.0
0.0002110815567377305,0.0
0.0002110915563377465,0.0
0.0002111015559377625,0.0
0.0002111115555377785,0.0
0.0002111215551377945,0.0
0.0002111315547378105,0.0
0.00021114155433782649,-0.016666666666666607
0.0002111515539378425,0.0
0.0002111615535378585,0.016666666666666607
0.0002111715531378745,0.0
0.0002111815527378905,0.0
0.00021119155233790648,0.0
0.0002112015519379225,0.016666666666666607
0.0002112115515379385,0.0
0.0002112215511379545,0.0
0.00021123155073797048,0.0
0.0002112415503379865,0.0
0.0002112515499380025,0.0
0.0002112615495380185,0.0
0.0002112715491380345,0.0
0.00021128154873805048,0.0
0.0002112915483380665,0.0
0.0002113015479380825,0.0
0.0002113115475380985,0.0
0.00021132154713811448,0.0
0.00021133154673813048,0.0
0.0002113415463381465,0.0
0.0002113515459381625,0.0
0.00021136154553817849,0.0
0.00021137154513819448,0.0
0.00021138154473821047,0.0
0.0002113915443382265,0.0
0.0002114015439382425,0.0
0.00021141154353825848,0.016666666666666607
0.00021142154313827448,0.0
0.00021143154273829047,0.0
0.0002114415423383065,0.0
0.00021145154193832248,0.0
0.00021146154153833848,0.0
0.00021147154113835447,0.0
0.00021148154073837047,0.0
0.0002114915403383865,0.0
0.00021150153993840248,0.0
0.00021151153953841847,0.016666666666666607
0.00021152153913843447,0.0
0.00021153153873845046,0.0
0.00021154153833846648,0.0
0.00021155153793848248,0.0
0.00021156153753849847,0.0
0.00021157153713851446,0.0
0.00021158153673853046,0.0
0.00021159153633854648,0.0
0.00021160153593856247,0.0
0.00021161153553857847,0.0
0.00021162153513859446,0.0
0.00021163153473861045,0.0
0.00021164153433862648,0.0
0.00021165153393864247,0.0
0.00021166153353865846,0.0
0.00021167153313867446,0.0
0.00021168153273869048,-0.016666666666666607
0.00021169153233870647,0.0
0.00021170153193872247,0.0
0.00021171153153873846,0.0
0.00021172153113875445,0.0
0.00021173153073877047,0.0
0.00021174153033878647,0.0
0.00021175152993880246,0.0
0.00021176152953881846,0.0
0.00021177152913883445,0.0
0.00021178152873885047,0.016666666666666607
0.00021179152833886646,0.0
0.00021180152793888246,0.0
0.00021181152753889845,0.0
0.00021182152713891445,0.0
0.00021183152673893047,0.0
0.00021184152633894646,0.0
0.00021185152593896245,0.016666666666666607
0.00021186152553897845,0.0
0.00021187152513899444,0.0
0.00021188152473901046,0.0
0.00021189152433902646,0.0
0.00021190152393904245,0.0
0.00021191152353905844,0.0
0.00021192152313907444,0.0
0.00021193152273909046,0.0
0.00021194152233910645,0.0
0.00021195152193912245,0.0
0.00021196152153913844,0.0
0.00021197152113915443,0.0
0.00021198152073917045,0.0
0.00021199152033918645,0.0
0.00021200151993920244,0.0
0.00021201151953921844,0.016666666666666607
0.00021202151913923443,0.0
0.00021203151873925045,0.0
0.00021204151833926645,0.0
0.00021205151793928244,0.016666666666666607
0.00021206151753929843,0.0
0.00021207151713931443,0.0
0.00021208151673933045,0.0
0.00021209151633934644,0.0
0.00021210151593936244,0.0
0.00021211151553937843,0.0
0.00021212151513939442,0.0
0.00021213151473941044,0.0
0.00021214151433942644,0.0
0.00021215151393944243,0.0
0.00021216151353945843,0.0
0.00021217151313947445,0.0
0.00021218151273949044,0.0
0.00021219151233950643,0.0
0.00021220151193952243,-0.016666666666666607
0.00021221151153953842,0.0
0.00021222151113955444,0.0
0.00021223151073957044,0.0
0.00021224151033958643,0.0
0.00021225150993960242,0.0
0.00021226150953961842,0.0
0.00021227150913963444,0.0
0.00021228150873965043,0.0
0.00021229150833966643,0.0
0.00021230150793968242,0.0
0.00021231150753969841,0.0
0.00021232150713971443,0.0
0.00021233150673973043,0.0
0.00021234150633974642,0.0
0.00021235150593976242,0.0
0.0002123615055397784,0.0
0.00021237150513979443,0.0
0.00021238150473981042,0.0
0.00021239150433982642,0.0
0.0002124015039398424,0.0
0.0002124115035398584,0.0
0.00021242150313987443,-0.016666666666666607
0.00021243150273989042,0.0
0.00021244150233990641,0.0
0.0002124515019399224,0.0
0.0002124615015399384,-0.016666666666666607
0.00021247150113995442,0.0
0.00021248150073997042,0.0
0.0002124915003399864,0.0
0.0002125014999400024,0.0
0.0002125114995400184,0.0
0.00021252149914003442,0.0
0.0002125314987400504,0.0
0.0002125414983400664,0.0
0.0002125514979400824,0.0
0.0002125614975400984,0.0
0.00021257149714011442,0.0
0.0002125814967401304,0.0
0.0002125914963401464,0.0
0.0002126014959401624,0.0
0.00021261149554017842,0.0
0.0002126214951401944,0.0
0.0002126314947402104,0.0
0.0002126414943402264,0.0
0.0002126514939402424,0.0
0.00021266149354025841,0.0
0.0002126714931402744,0.0
0.0002126814927402904,0.0
0.0002126914923403064,0.0
0.0002127014919403224,0.0
0.0002127114915403384,0.0
0.0002127214911403544,0.0
0.0002127314907403704,0.0
0.0002127414903403864,0.0
0.00021275148994040239,0.0
0.0002127614895404184,0.0
0.0002127714891404344,0.0
0.0002127814887404504,0.0
0.0002127914883404664,0.0
0.00021280148794048238,0.0
0.0002128114875404984,0.0
0.0002128214871405144,0.0
0.0002128314867405304,0.0
0.00021284148634054638,0.0
0.00021285148594056238,0.0
0.0002128614855405784,0.0
0.0002128714851405944,0.0
0.0002128814847406104,0.0
0.00021289148434062638,0.0
0.00021290148394064237,0.0
0.0002129114835406584,0.0
0.0002129214831406744,0.0
0.00021293148274069038,0.0
0.00021294148234070638,0.0
0.00021295148194072237,0.0
0.0002129614815407384,0.0
0.00021297148114075439,0.0
0.00021298148074077038,0.0
0.00021299148034078637,0.0
0.00021300147994080237,0.0
0.0002130114795408184,0.0
0.00021302147914083438,0.0
0.00021303147874085038,0.0
0.00021304147834086637,0.0
0.00021305147794088236,0.0
0.00021306147754089838,0.0
0.00021307147714091438,0.0
0.00021308147674093037,0.0
0.00021309147634094637,0.0
0.0002131014759409624,0.0
0.00021311147554097838,0.0
0.00021312147514099437,0.0
0.00021313147474101037,0.016666666666666607
0.00021314147434102636,0.0
0.00021315147394104238,0.0
0.00021316147354105838,0.0
0.00021317147314107437,0.0
0.00021318147274109036,0.0
0.00021319147234110636,0.0
0.00021320147194112238,0.0
0.00021321147154113837,0.0
0.00021322147114115437,0.0
0.00021323147074117036,0.0
0.00021324147034118635,0.0
0.00021325146994120238,0.016666666666666607
0.00021326146954121837,0.0
0.00021327146914123436,0.016666666666666607
0.00021328146874125036,0.0
0.00021329146834126635,0.0
0.00021330146794128237,-0.016666666666666607
0.00021331146754129837,0.016666666666666607
0.00021332146714131436,0.0
0.00021333146674133035,0.0
0.00021334146634134635,0.0
0.00021335146594136237,0.0
0.00021336146554137836,0.0
0.00021337146514139436,0.0
0.00021338146474141035,0.0
0.00021339146434142634,0.0
0.00021340146394144236,0.0
0.00021341146354145836,0.0
0.00021342146314147435,0.0
0.00021343146274149035,0.0
0.00021344146234150634,0.0
0.00021345146194152236,0.0
0.00021346146154153835,0.0
0.00021347146114155435,0.0
0.00021348146074157034,0.0
0.00021349146034158634,0.0
0.00021350145994160236,0.0
0.00021351145954161835,0.0
0.00021352145914163434,0.0
0.00021353145874165034,0.0
0.00021354145834166633,0.0
0.00021355145794168235,0.0
0.00021356145754169835,0.0
0.00021357145714171434,0.0
0.00021358145674173033,0.0
0.00021359145634174636,0.0
0.00021360145594176235,0.0
0.00021361145554177834,0.016666666666666607
0.00021362145514179434,0.0
0.00021363145474181033,0.0
0.00021364145434182635,0.0
0.00021365145394184235,0.0
0.00021366145354185834,0.0
0.00021367145314187433,0.0
0.00021368145274189033,0.0
0.00021369145234190635,0.0
0.00021370145194192234,0.0
0.00021371145154193834,0.0
0.00021372145114195433,0.0
0.00021373145074197032,0.0
0.00021374145034198634,0.0
0.00021375144994200234,0.0
0.00021376144954201833,0.0
0.00021377144914203433,0.0
0.00021378144874205032,0.016666666666666607
0.00021379144834206634,0.0
0.00021380144794208233,0.0
0.00021381144754209833,0.0
0.00021382144714211432,-0.016666666666666607
0.00021383144674213032,0.0
0.00021384144634214634,0.0
0.00021385144594216233,0.016666666666666607
0.00021386144554217832,0.0
0.00021387144514219432,0.0
0.0002138814447422103,-0.016666666666666607
0.00021389144434222633,0.0
0.00021390144394224233,0.0
0.00021391144354225832,0.0
0.00021392144314227431,-0.016666666666666607
0.0002139314427422903,0.016666666666666607
0.00021394144234230633,0.0
0.00021395144194232232,0.0
0.00021396144154233832,0.0
0.0002139714411423543,0.016666666666666607
0.0002139814407423703,0.0
0.00021399144034238632,0.016666666666666607
0.00021400143994240232,0.016666666666666607
0.0002140114395424183,0.0
0.0002140214391424343,0.0
0.00021403143874245033,0.0
0.00021404143834246632,0.0
0.00021405143794248231,0.0
0.0002140614375424983,0.0
0.0002140714371425143,0.0
0.00021408143674253032,0.0
0.00021409143634254632,0.016666666666666607
0.0002141014359425623,0.0
0.0002141114355425783,0.0
0.0002141214351425943,0.0
0.00021413143474261032,0.0
0.0002141414343426263,0.0
0.0002141514339426423,0.016666666666666607
0.0002141614335426583,0.0
0.0002141714331426743,0.016666666666666607
0.00021418143274269032,0.0
0.0002141914323427063,0.0
0.0002142014319427223,0.0
0.0002142114315427383,0.0
0.0002142214311427543,0.0
0.0002142314307427703,0.0
0.0002142414303427863,0.0
0.0002142514299428023,0.0
0.0002142614295428183,0.0
0.0002142714291428343,0.0
0.0002142814287428503,0.0
0.0002142914283428663,0.0
0.0002143014279428823,0.0
0.0002143114275428983,0.0
0.00021432142714291428,0.0
0.0002143314267429303,0.0
0.0002143414263429463,0.0
0.0002143514259429623,0.0
0.00021436142554297829,0.0
0.00021437142514299428,0.0
0.0002143814247430103,0.0
0.0002143914243430263,0.016666666666666607
0.0002144014239430423,0.0
0.00021441142354305828,0.0
0.00021442142314307428,0.0
0.0002144314227430903,0.0
0.0002144414223431063,0.0
0.00021445142194312228,0.0
0.00021446142154313828,0.0
0.00021447142114315427,0.0
0.0002144814207431703,0.0
0.0002144914203431863,0.0
0.00021450141994320228,0.016666666666666607
0.00021451141954321827,0.0
0.0002145214191432343,0.0
0.0002145314187432503,0.0
0.00021454141834326628,0.0
0.00021455141794328228,0.0
0.00021456141754329827,0.0
0.0002145714171433143,0.0
0.00021458141674333029,0.0
0.00021459141634334628,0.0
0.00021460141594336227,0.0
0.00021461141554337827,0.0
0.0002146214151433943,0.0
0.00021463141474341028,-0.016666666666666607
0.00021464141434342628,0.0
0.00021465141394344227,0.016666666666666607
0.00021466141354345826,0.0
0.00021467141314347428,0.0
0.00021468141274349028,0.0
0.00021469141234350627,0.0
0.00021470141194352227,0.0
0.00021471141154353826,0.0
0.00021472141114355428,0.0
0.00021473141074357027,0.0
0.00021474141034358627,0.0
0.00021475140994360226,0.016666666666666607
0.00021476140954361826,0.016666666666666607
0.00021477140914363428,-0.016666666666666607
0.00021478140874365027,0.0
0.00021479140834366626,0.0
0.00021480140794368226,0.0
0.00021481140754369825,0.0
0.00021482140714371427,0.0
0.00021483140674373027,0.0
0.00021484140634374626,0.0
0.00021485140594376225,0.0
0.00021486140554377825,0.0
0.00021487140514379427,0.0
0.00021488140474381026,0.0
0.00021489140434382626,0.0
0.00021490140394384225,0.0
0.00021491140354385824,0.0
0.00021492140314387427,0.0
0.00021493140274389026,0.0
0.00021494140234390625,0.0
0.00021495140194392225,0.0
0.00021496140154393827,0.0
0.00021497140114395426,0.0
0.00021498140074397026,0.0
0.00021499140034398625,0.016666666666666607
0.00021500139994400224,0.0
0.00021501139954401826,0.0
0.00021502139914403426,0.0
0.00021503139874405025,0.0
0.00021504139834406625,0.016666666666666607
0.00021505139794408224,0.0
0.00021506139754409826,0.0
0.00021507139714411425,0.0
0.00021508139674413025,0.0
0.00021509139634414624,0.0
0.00021510139594416224,0.0
0.00021511139554417826,0.0
0.00021512139514419425,0.0
0.00021513139474421024,0.016666666666666607
0.00021514139434422624,0.0
0.00021515139394424223,0.0
0.00021516139354425825,0.0
0.00021517139314427425,0.0
0.00021518139274429024,0.0
0.00021519139234430623,0.0
0.00021520139194432223,0.0
0.00021521139154433825,0.0
0.00021522139114435424,0.0
0.00021523139074437024,0.0
0.00021524139034438623,0.016666666666666607
0.00021525138994440222,0.0
0.00021526138954441825,0.0
0.00021527138914443424,0.0
0.00021528138874445023,0.0
0.00021529138834446623,0.0
0.00021530138794448222,0.0
0.00021531138754449824,0.0
0.00021532138714451424,0.0
0.00021533138674453023,0.016666666666666607
0.00021534138634454622,0.0
0.00021535138594456222,0.0
0.00021536138554457824,-0.016666666666666607
0.00021537138514459423,0.0
0.00021538138474461023,0.0
0.00021539138434462622,0.0
0.0002154013839446422,0.0
0.00021541138354465823,0.0
0.00021542138314467423,0.0
0.00021543138274469022,0.0
0.00021544138234470622,0.0
0.00021545138194472224,0.0
0.00021546138154473823,0.0
0.00021547138114475422,0.0
0.00021548138074477022,0.0
0.0002154913803447862,0.0
0.00021550137994480223,0.0
0.00021551137954481823,-0.016666666666666607
0.00021552137914483422,0.0
0.00021553137874485021,0.0
0.0002155413783448662,0.0
0.00021555137794488223,0.0
0.00021556137754489822,0.0
0.00021557137714491422,0.0
0.0002155813767449302,0.0
0.0002155913763449462,0.0
0.00021560137594496222,0.0
0.00021561137554497822,0.016666666666666607
0.0002156213751449942,0.0
0.0002156313747450102,0.0
0.0002156413743450262,0.0
0.00021565137394504222,0.0
0.00021566137354505821,0.0
0.0002156713731450742,0.0
0.0002156813727450902,0.016666666666666607
0.0002156913723451062,0.0
0.00021570137194512222,0.0
0.0002157113715451382,0.0
0.0002157213711451542,0.0
0.0002157313707451702,0.0
0.0002157413703451862,0.0
0.0002157513699452022,0.0
0.0002157613695452182,0.016666666666666607
0.0002157713691452342,0.0
0.0002157813687452502,0.0
0.0002157913683452662,0.0
0.0002158013679452822,0.0
0.0002158113675452982,0.0
0.0002158213671453142,0.0
0.0002158313667453302,0.0
0.00021584136634534619,0.0
0.0002158513659453622,0.016666666666666607
0.0002158613655453782,0.0
0.0002158713651453942,0.0
0.0002158813647454102,0.0
0.0002158913643454262,0.0
0.0002159013639454422,0.0
0.0002159113635454582,0.0
0.0002159213631454742,0.0
0.00021593136274549018,0.0
0.0002159413623455062,0.0
0.0002159513619455222,0.0
0.0002159613615455382,0.0
0.00021597136114555419,0.0
0.00021598136074557018,0.0
0.0002159913603455862,0.0
0.0002160013599456022,0.0
0.0002160113595456182,0.0
0.00021602135914563418,0.0
0.00021603135874565018,0.0
0.0002160413583456662,0.016666666666666607
0.0002160513579456822,0.0
0.00021606135754569818,0.0
0.00021607135714571418,0.0
0.00021608135674573017,0.0
0.0002160913563457462,0.0
0.0002161013559457622,0.0
0.00021611135554577818,0.0
0.00021612135514579417,0.0
0.00021613135474581017,0.0
0.0002161413543458262,0.0
0.00021615135394584218,0.0
0.00021616135354585818,0.0
0.00021617135314587417,0.0
0.00021618135274589016,0.0
0.00021619135234590619,0.0
0.00021620135194592218,0.0
0.00021621135154593817,0.0
0.00021622135114595417,0.0
0.00021623135074597016,0.0
0.00021624135034598618,0.0
0.00021625134994600218,0.0
0.00021626134954601817,0.016666666666666607
0.00021627134914603416,0.0
0.00021628134874605016,0.0
0.00021629134834606618,0.0
0.00021630134794608217,0.0
0.00021631134754609817,0.0
0.00021632134714611416,0.0
0.00021633134674613015,0.0
0.00021634134634614617,0.0
0.00021635134594616217,0.016666666666666607
0.00021636134554617816,0.0
0.00021637134514619416,0.0
0.00021638134474621018,0.0
0.00021639134434622617,0.0
0.00021640134394624216,0.0
0.00021641134354625816,0.0
0.00021642134314627415,0.0
0.00021643134274629017,0.0
0.00021644134234630617,0.0
0.00021645134194632216,0.0
0.00021646134154633815,0.0
0.00021647134114635415,0.0
0.00021648134074637017,0.0
0.00021649134034638616,0.0
0.00021650133994640216,0.0
0.00021651133954641815,0.016666666666666607
0.00021652133914643414,0.0
0.00021653133874645017,0.0
0.00021654133834646616,0.0
0.00021655133794648215,0.016666666666666607
0.00021656133754649815,0.0
0.00021657133714651414,0.0
0.00021658133674653016,0.016666666666666607
0.00021659133634654616,0.016666666666666607
0.00021660133594656215,0.0
0.00021661133554657814,0.0
0.00021662133514659414,0.0
0.00021663133474661016,0.0
0.00021664133434662615,0.0
0.00021665133394664215,0.0
0.00021666133354665814,0.0
0.00021667133314667413,0.016666666666666607
0.00021668133274669015,0.0
0.00021669133234670615,0.0
0.00021670133194672214,0.0
0.00021671133154673814,0.0
0.00021672133114675413,0.0
0.00021673133074677015,0.0
0.00021674133034678614,0.0
0.00021675132994680214,0.0
0.00021676132954681813,0.0
0.00021677132914683413,0.0
0.00021678132874685015,0.0
0.00021679132834686614,0.0
0.00021680132794688213,0.0
0.00021681132754689813,0.0
0.00021682132714691415,0.0
0.00021683132674693014,0.0
0.00021684132634694614,0.0
0.00021685132594696213,0.0
0.00021686132554697812,0.0
0.00021687132514699415,0.0
0.00021688132474701014,0.0
0.00021689132434702613,0.0
0.00021690132394704213,0.0
0.00021691132354705812,0.0
0.00021692132314707414,-0.016666666666666607
0.00021693132274709014,0.0
0.00021694132234710613,0.0
0.00021695132194712212,0.016666666666666607
0.00021696132154713812,0.016666666666666607
0.00021697132114715414,0.0
0.00021698132074717013,0.0
0.00021699132034718613,0.0
0.00021700131994720212,0.0
0.0002170113195472181,0.0
0.00021702131914723413,0.0
0.00021703131874725013,0.0
0.00021704131834726612,0.0
0.00021705131794728212,0.0
0.0002170613175472981,0.0
0.00021707131714731413,0.0
0.00021708131674733012,-0.016666666666666607
0.00021709131634734612,0.0
0.0002171013159473621,0.0
0.0002171113155473781,0.0
0.00021712131514739413,0.0
0.00021713131474741012,0.0
0.00021714131434742611,0.0
0.0002171513139474421,0.0
0.0002171613135474581,0.0
0.00021717131314747412,0.016666666666666607
0.00021718131274749012,0.0
0.0002171913123475061,0.0
0.0002172013119475221,0.016666666666666607
0.0002172113115475381,0.0
0.00021722131114755412,0.0
0.0002172313107475701,0.016666666666666607
0.0002172413103475861,0.016666666666666607
0.0002172513099476021,0.0
0.0002172613095476181,0.0
0.00021727130914763411,0.0
0.0002172813087476501,0.0
0.0002172913083476661,-0.016666666666666607
0.0002173013079476821,0.0
0.00021731130754769812,0.0
0.0002173213071477141,0.0
0.0002173313067477301,0.0
0.0002173413063477461,0.0
0.0002173513059477621,0.0
0.0002173613055477781,-0.016666666666666607
0.0002173713051477941,0.0
0.0002173813047478101,0.0
0.0002173913043478261,0.016666666666666607
0.0002174013039478421,0.0
0.0002174113035478581,0.0
0.0002174213031478741,0.0
0.0002174313027478901,0.0
0.0002174413023479061,0.016666666666666607
0.00021745130194792209,0.0
0.0002174613015479381,0.0
0.0002174713011479541,0.0
0.0002174813007479701,0.0
0.0002174913003479861,0.0
0.00021750129994800208,0.0
0.0002175112995480181,-0.016666666666666607
0.0002175212991480341,-0.016666666666666607
0.0002175312987480501,0.0
0.00021754129834806608,0.0
0.00021755129794808208,0.0
0.0002175612975480981,0.0
0.0002175712971481141,0.0
0.00021758129674813009,0.0
0.00021759129634814608,0.0
0.00021760129594816207,0.0
0.0002176112955481781,0.0
0.0002176212951481941,0.0
0.00021763129474821008,0.0
0.00021764129434822608,0.0
0.00021765129394824207,0.0
0.0002176612935482581,0.0
0.00021767129314827408,0.0
0.00021768129274829008,0.0
0.00021769129234830607,0.016666666666666607
0.00021770129194832207,0.0
0.0002177112915483381,0.0
0.00021772129114835408,0.0
0.00021773129074837007,0.0
0.00021774129034838607,0.0
0.0002177512899484021,0.0
0.00021776128954841808,0.0
0.00021777128914843408,0.016666666666666607
0.00021778128874845007,0.0
0.00021779128834846606,0.0
0.00021780128794848209,0.0
0.00021781128754849808,0.016666666666666607
0.00021782128714851407,0.0
0.00021783128674853007,0.0
0.00021784128634854606,0.0
0.00021785128594856208,0.0
0.00021786128554857808,0.0
0.00021787128514859407,0.0
0.00021788128474861006,0.0
0.00021789128434862606,0.0
0.00021790128394864208,0.0
0.00021791128354865807,0.016666666666666607
0.00021792128314867407,0.0
0.00021793128274869006,0.0
0.00021794128234870605,0.0
0.00021795128194872207,0.016666666666666607
0.00021796128154873807,0.0
0.00021797128114875406,0.0
0.00021798128074877006,0.0
0.00021799128034878605,0.0
0.00021800127994880207,0.0
0.00021801127954881806,0.0
0.00021802127914883406,0.0
0.00021803127874885005,0.016666666666666607
0.00021804127834886605,0.0
0.00021805127794888207,0.0
0.00021806127754889806,0.016666666666666607
0.00021807127714891405,0.0
0.00021808127674893005,0.0
0.00021809127634894604,0.0
0.00021810127594896206,0.0
0.00021811127554897806,0.0
0.00021812127514899405,0.0
0.00021813127474901004,0.0
0.00021814127434902604,0.0
0.00021815127394904206,0.0
0.00021816127354905805,0.0
0.00021817127314907405,0.0
0.00021818127274909004,0.0
0.00021819127234910603,0.0
0.00021820127194912206,0.0
0.00021821127154913805,0.0
0.00021822127114915404,0.0
0.00021823127074917004,0.0
0.00021824127034918606,0.0
0.00021825126994920205,0.0
0.00021826126954921805,0.0
0.00021827126914923404,0.0
0.00021828126874925003,0.0
0.00021829126834926605,0.0
0.00021830126794928205,0.0
0.00021831126754929804,0.0
0.00021832126714931404,0.0
0.00021833126674933003,0.016666666666666607
0.00021834126634934605,0.016666666666666607
0.00021835126594936204,0.0
0.00021836126554937804,0.0
0.00021837126514939403,0.0
0.00021838126474941003,0.0
0.00021839126434942605,0.0
0.00021840126394944204,0.0
0.00021841126354945803,0.0
0.00021842126314947403,0.0
0.00021843126274949002,0.0
0.00021844126234950604,0.0
0.00021845126194952204,-0.016666666666666607
0.00021846126154953803,0.0
0.00021847126114955402,0.016666666666666607
0.00021848126074957002,0.0
0.00021849126034958604,0.0
0.00021850125994960203,0.0
0.00021851125954961803,0.016666666666666607
0.00021852125914963402,0.0
0.00021853125874965001,0.0
0.00021854125834966604,0.0
0.00021855125794968203,0.0
0.00021856125754969802,0.0
0.00021857125714971402,0.0
0.00021858125674973,0.0
0.00021859125634974603,0.0
0.00021860125594976203,0.0
0.00021861125554977802,0.0
0.000218621255149794,0.0
0.00021863125474981,0.0
0.00021864125434982603,0.0
0.00021865125394984202,0.0
0.00021866125354985802,0.0
0.000218671253149874,-0.016666666666666607
0.00021868125274989003,0.0
0.00021869125234990602,0.0
0.00021870125194992202,0.0
0.000218711251549938,0.0
0.000218721251149954,0.0
0.00021873125074997003,0.016666666666666607
0.00021874125034998602,0.0
0.00021875124995000201,0.0
0.000218761249550018,0.0
0.000218771249150034,0.0
0.00021878124875005002,0.0
0.00021879124835006602,0.0
0.000218801247950082,0.0
0.000218811247550098,0.0
0.000218821247150114,0.0
0.00021883124675013002,0.0
0.000218841246350146,0.0
0.000218851245950162,0.0
0.000218861245550178,0.0
0.000218871245150194,0.0
0.00021888124475021001,0.0
0.000218891244350226,0.016666666666666607
0.000218901243950242,0.0
0.000218911243550258,0.0
0.000218921243150274,0.0
0.00021893124275029,0.0
0.000218941242350306,0.0
0.000218951241950322,0.0
0.000218961241550338,0.0
0.000218971241150354,0.0
0.00021898124075037,0.0
0.000218991240350386,0.016666666666666607
0.000219001239950402,0.0
0.000219011239550418,0.0
0.00021902123915043398,0.0
0.00021903123875045,0.0
0.000219041238350466,0.0
0.000219051237950482,0.0
0.00021906123755049799,0.0
0.00021907123715051398,0.016666666666666607
0.00021908123675053,0.0
0.000219091236350546,0.0
0.000219101235950562,0.0
0.00021911123555057798,0.0
0.00021912123515059398,0.0
0.00021913123475061,0.0
0.000219141234350626,0.0
0.00021915123395064198,0.0
0.00021916123355065798,0.0
0.000219171233150674,0.0
0.00021918123275069,0.0
0.00021919123235070599,0.0
0.00021920123195072198,0.0
0.00021921123155073797,0.0
0.000219221231150754,0.0
0.00021923123075077,0.0
0.00021924123035078598,0.0
0.00021925122995080198,0.0
0.00021926122955081797,0.0
0.000219271229150834,0.0
0.00021928122875084998,0.0
0.00021929122835086598,0.0
0.00021930122795088197,0.0
0.00021931122755089797,0.0
0.000219321227150914,0.0
0.00021933122675092998,0.0
0.00021934122635094597,0.0
0.00021935122595096197,0.016666666666666607
0.00021936122555097796,0.0
0.00021937122515099398,0.0
0.00021938122475100998,0.0
0.00021939122435102597,0.0
0.00021940122395104196,0.0
0.00021941122355105796,0.0
0.00021942122315107398,0.0
0.00021943122275108997,0.0
0.00021944122235110597,0.0
0.00021945122195112196,0.0
0.00021946122155113795,0.0
0.00021947122115115398,0.0
0.00021948122075116997,0.0
0.00021949122035118596,0.0
0.00021950121995120196,0.0
0.00021951121955121795,0.0
0.00021952121915123397,0.0
0.00021953121875124997,0.0
0.00021954121835126596,0.0
0.00021955121795128195,0.0
0.00021956121755129795,0.0
0.00021957121715131397,0.0
0.00021958121675132996,0.0
0.00021959121635134596,0.0
0.00021960121595136195,0.0
0.00021961121555137794,0.0
0.00021962121515139396,0.0
0.00021963121475140996,0.0
0.00021964121435142595,0.0
0.00021965121395144195,0.0
0.00021966121355145797,0.0
0.00021967121315147396,0.0
0.00021968121275148995,0.016666666666666607
0.00021969121235150595,0.0
0.00021970121195152194,0.0
0.00021971121155153796,0.0
0.00021972121115155396,0.0
0.00021973121075156995,0.0
0.00021974121035158594,0.0
0.00021975120995160194,0.0
0.00021976120955161796,0.0
0.00021977120915163395,0.0
0.00021978120875164995,0.0
0.00021979120835166594,0.0
0.00021980120795168193,0.0
0.00021981120755169796,0.016666666666666607
0.00021982120715171395,0.0
0.00021983120675172994,0.0
0.00021984120635174594,0.0
0.00021985120595176193,0.0
0.00021986120555177795,0.0
0.00021987120515179395,0.0
0.00021988120475180994,0.016666666666666607
0.00021989120435182593,0.016666666666666607
0.00021990120395184193,0.0
0.00021991120355185795,0.0
0.00021992120315187394,0.0
0.00021993120275188994,0.0
0.00021994120235190593,0.0
0.00021995120195192192,0.0
0.00021996120155193794,0.0
0.00021997120115195394,0.0
0.00021998120075196993,0.0
0.00021999120035198593,0.016666666666666607
0.00022000119995200192,0.0
0.00022001119955201794,0.016666666666666607
0.00022002119915203393,0.0
0.00022003119875204993,0.0
0.00022004119835206592,0.0
0.00022005119795208192,0.016666666666666607
0.00022006119755209794,0.016666666666666607
0.00022007119715211393,0.0
0.00022008119675212992,0.0
0.00022009119635214592,-0.016666666666666607
0.00022010119595216194,0.0
0.00022011119555217793,0.0
0.00022012119515219393,0.0
0.00022013119475220992,0.0
0.00022014119435222591,0.016666666666666607
0.00022015119395224194,0.016666666666666607
0.00022016119355225793,0.0
0.00022017119315227392,0.016666666666666607
0.00022018119275228992,0.0
0.0002201911923523059,0.016666666666666607
0.00022020119195232193,0.0
0.00022021119155233793,0.0
0.00022022119115235392,0.0
0.0002202311907523699,0.0
0.0002202411903523859,0.0
0.00022025118995240193,0.0
0.00022026118955241792,0.0
0.00022027118915243392,0.0
0.0002202811887524499,0.0
0.0002202911883524659,-0.016666666666666607
0.00022030118795248192,0.0
0.00022031118755249792,0.0
0.0002203211871525139,-0.016666666666666607
0.0002203311867525299,0.016666666666666607
0.0002203411863525459,0.016666666666666607
0.00022035118595256192,0.0
0.00022036118555257791,0.0
0.0002203711851525939,0.0
0.0002203811847526099,0.0
0.0002203911843526259,0.016666666666666607
0.00022040118395264192,0.0
0.0002204111835526579,0.016666666666666607
0.0002204211831526739,0.0
0.0002204311827526899,0.0
0.0002204411823527059,0.0
0.0002204511819527219,0.0
0.0002204611815527379,0.0
0.0002204711811527539,0.0
0.0002204811807527699,-0.016666666666666607
0.0002204911803527859,0.016666666666666607
0.0002205011799528019,0.0
0.0002205111795528179,0.0
0.0002205211791528339,0.0
0.0002205311787528499,0.0
0.00022054117835286588,0.0
0.0002205511779528819,0.0
0.0002205611775528979,0.0
0.0002205711771529139,0.0
0.0002205811767529299,0.0
0.0002205911763529459,0.0
0.0002206011759529619,0.0
0.0002206111755529779,0.0
0.0002206211751529939,0.0
0.00022063117475300988,0.0
0.0002206411743530259,0.0
0.0002206511739530419,0.0
0.0002206611735530579,0.0
0.00022067117315307389,-0.016666666666666607
0.00022068117275308988,0.0
0.0002206911723531059,0.0
0.0002207011719531219,0.0
0.0002207111715531379,0.016666666666666607
0.00022072117115315388,0.0
0.00022073117075316988,0.0
0.0002207411703531859,0.0
0.0002207511699532019,0.0
0.00022076116955321788,0.0
0.00022077116915323388,0.0
0.00022078116875324987,0.016666666666666607
0.0002207911683532659,-0.016666666666666607
0.00022080116795328189,0.016666666666666607
0.00022081116755329788,0.0
0.00022082116715331387,0.0
0.00022083116675332987,0.016666666666666607
0.0002208411663533459,0.016666666666666607
0.00022085116595336188,0.0
0.00022086116555337788,0.016666666666666607
0.00022087116515339387,0.0
0.00022088116475340986,-0.016666666666666607
0.00022089116435342588,-0.016666666666666607
0.00022090116395344188,-0.016666666666666607
0.00022091116355345787,0.0
0.00022092116315347387,0.033333333333333215
0.00022093116275348986,0.033333333333333215
0.00022094116235350588,0.0
0.00022095116195352187,0.016666666666666607
0.00022096116155353787,-0.016666666666666607
0.00022097116115355386,-0.016666666666666607
0.00022098116075356986,0.016666666666666607
0.00022099116035358588,0.0
0.00022100115995360187,0.0
0.00022101115955361786,0.016666666666666607
0.00022102115915363386,-0.016666666666666607
0.00022103115875364988,-0.016666666666666607
0.00022104115835366587,0.0
0.00022105115795368187,-0.016666666666666607
0.00022106115755369786,0.016666666666666607
0.00022107115715371385,0.016666666666666607
0.00022108115675372988,0.0
0.00022109115635374587,0.0
0.00022110115595376186,0.0
0.00022111115555377786,0.0
0.00022112115515379385,0.0
0.00022113115475380987,0.016666666666666607
0.00022114115435382587,0.0
0.00022115115395384186,0.016666666666666607
0.00022116115355385785,0.0
0.00022117115315387385,-0.016666666666666607
0.00022118115275388987,0.0
0.00022119115235390586,0.0
0.00022120115195392186,-0.016666666666666607
0.00022121115155393785,0.0
0.00022122115115395384,0.0
0.00022123115075396986,-0.016666666666666607
0.00022124115035398586,-0.016666666666666607
0.00022125114995400185,-0.016666666666666607
0.00022126114955401785,0.0
0.00022127114915403384,0.0
0.00022128114875404986,0.0
0.00022129114835406585,0.0
0.00022130114795408185,0.016666666666666607
0.00022131114755409784,0.0
0.00022132114715411384,0.016666666666666607
0.00022133114675412986,0.016666666666666607
0.00022134114635414585,0.016666666666666607
0.00022135114595416184,0.0
0.00022136114555417784,0.016666666666666607
0.00022137114515419383,0.016666666666666607
0.00022138114475420985,0.016666666666666607
0.00022139114435422585,0.016666666666666607
0.00022140114395424184,0.0
0.00022141114355425783,0.0
0.00022142114315427383,0.0
0.00022143114275428985,0.0
0.00022144114235430584,0.0
0.00022145114195432184,0.0
0.00022146114155433783,0.0
0.00022147114115435382,0.0
0.00022148114075436985,-0.016666666666666607
0.00022149114035438584,0.0
0.00022150113995440183,0.0
0.00022151113955441783,0.0
0.00022152113915443385,0.0
0.00022153113875444984,0.0
0.00022154113835446584,0.0
0.00022155113795448183,0.016666666666666607
0.00022156113755449782,0.016666666666666607
0.00022157113715451384,0.016666666666666607
0.00022158113675452984,0.0
0.00022159113635454583,0.016666666666666607
0.00022160113595456183,0.0
0.00022161113555457782,0.016666666666666607
0.00022162113515459384,0.016666666666666607
0.00022163113475460983,0.0
0.00022164113435462583,0.0
0.00022165113395464182,0.0
0.00022166113355465782,0.0
0.00022167113315467384,0.0
0.00022168113275468983,0.0
0.00022169113235470582,0.0
0.00022170113195472182,0.0
0.0002217111315547378,-0.016666666666666607
0.00022172113115475383,-0.016666666666666607
0.00022173113075476983,0.0
0.00022174113035478582,0.0
0.00022175112995480181,0.0
0.0002217611295548178,0.0
0.00022177112915483383,0.0
0.00022178112875484982,-0.016666666666666607
0.00022179112835486582,0.0
0.0002218011279548818,0.0
0.0002218111275548978,0.016666666666666607
0.00022182112715491383,0.016666666666666607
0.00022183112675492982,0.0
0.0002218411263549458,0.016666666666666607
0.0002218511259549618,0.016666666666666607
0.0002218611255549778,0.0
0.00022187112515499382,0.016666666666666607
0.00022188112475500982,0.0
0.0002218911243550258,0.0
0.0002219011239550418,0.0
0.0002219111235550578,0.016666666666666607
0.00022192112315507382,0.0
0.0002219311227550898,0.0
0.0002219411223551058,0.0
0.0002219511219551218,0.0
0.00022196112155513782,0.0
0.00022197112115515381,0.0
0.0002219811207551698,0.0
0.0002219911203551858,0.0
0.0002220011199552018,-0.016666666666666607
0.00022201111955521782,0.0
0.0002220211191552338,0.0
0.0002220311187552498,0.0
0.0002220411183552658,0.0
0.0002220511179552818,0.0
0.0002220611175552978,0.016666666666666607
0.0002220711171553138,0.0
0.0002220811167553298,0.0
0.0002220911163553458,0.016666666666666607
0.0002221011159553618,0.016666666666666607
0.0002221111155553778,0.0
0.0002221211151553938,0.0
0.0002221311147554098,0.016666666666666607
0.0002221411143554258,0.0
0.00022215111395544178,0.016666666666666607
0.0002221611135554578,0.0
0.0002221711131554738,0.0
0.0002221811127554898,0.0
0.0002221911123555058,0.0
0.00022220111195552178,0.0
0.0002222111115555378,0.0
0.0002222211111555538,0.0
0.0002222311107555698,0.0
0.00022224111035558578,0.0
0.00022225110995560178,0.0
0.0002222611095556178,0.0
0.0002222711091556338,0.0
0.00022228110875564979,0.0
0.00022229110835566578,0.0
0.00022230110795568177,0.0
0.0002223111075556978,0.0
0.0002223211071557138,0.0
0.00022233110675572978,0.0
0.00022234110635574578,0.0
0.00022235110595576177,0.0
0.0002223611055557778,0.0
0.00022237110515579378,0.016666666666666607
0.00022238110475580978,0.0
0.00022239110435582577,0.0
0.00022240110395584177,0.0
0.00022241110355585779,0.016666666666666607
0.00022242110315587378,0.0
0.00022243110275588977,0.0
0.00022244110235590577,0.0
0.0002224511019559218,0.0
0.00022246110155593778,0.0
0.00022247110115595378,0.0
0.00022248110075596977,0.0
0.00022249110035598576,0.0
0.00022250109995600178,0.0
0.00022251109955601778,0.0
0.00022252109915603377,0.0
0.00022253109875604977,0.0
0.00022254109835606576,0.0
0.00022255109795608178,0.0
0.00022256109755609777,-0.016666666666666607
0.00022257109715611377,0.0
0.00022258109675612976,0.016666666666666607
0.00022259109635614576,0.0
0.00022260109595616178,0.0
0.00022261109555617777,0.0
0.00022262109515619376,0.016666666666666607
0.00022263109475620976,0.0
0.00022264109435622575,0.016666666666666607
0.00022265109395624177,0.0
0.00022266109355625777,0.0
0.00022267109315627376,0.0
0.00022268109275628975,0.0
0.00022269109235630575,0.016666666666666607
0.00022270109195632177,0.0
0.00022271109155633776,0.0
0.00022272109115635376,0.0
0.00022273109075636975,0.0
0.00022274109035638575,0.0
0.00022275108995640177,0.0
0.00022276108955641776,0.0
0.00022277108915643375,0.0
0.00022278108875644975,0.0
0.00022279108835646574,0.0
0.00022280108795648176,0.0
0.00022281108755649776,0.0
0.00022282108715651375,0.0
0.00022283108675652974,0.0
0.00022284108635654574,0.0
0.00022285108595656176,0.0
0.00022286108555657775,0.0
0.00022287108515659375,0.016666666666666607
0.00022288108475660974,0.0
0.00022289108435662576,0.0
0.00022290108395664175,0.0
0.00022291108355665775,0.0
0.00022292108315667374,0.0
0.00022293108275668974,0.0
0.00022294108235670576,0.0
0.00022295108195672175,0.016666666666666607
0.00022296108155673774,0.0
0.00022297108115675374,0.0
0.00022298108075676973,0.0
0.00022299108035678575,0.0
0.00022300107995680175,0.0
0.00022301107955681774,0.0
0.00022302107915683373,0.0
0.00022303107875684973,0.0
0.00022304107835686575,0.0
0.00022305107795688174,0.016666666666666607
0.00022306107755689774,0.0
0.00022307107715691373,0.0
0.00022308107675692972,0.0
0.00022309107635694575,0.0
0.00022310107595696174,0.0
0.00022311107555697773,0.0
0.00022312107515699373,0.0
0.00022313107475700972,0.0
0.00022314107435702574,0.0
0.00022315107395704174,0.0
0.00022316107355705773,0.0
0.00022317107315707372,0.016666666666666607
0.00022318107275708972,0.0
0.00022319107235710574,0.0
0.00022320107195712173,0.0
0.00022321107155713773,0.0
0.00022322107115715372,0.0
0.0002232310707571697,0.0
0.00022324107035718573,0.0
0.00022325106995720173,0.0
0.00022326106955721772,0.0
0.00022327106915723372,0.0
0.0002232810687572497,0.0
0.00022329106835726573,0.016666666666666607
0.00022330106795728172,0.0
0.00022331106755729772,0.0
0.0002233210671573137,0.0
0.0002233310667573297,0.0
0.00022334106635734573,0.0
0.00022335106595736172,0.0
0.00022336106555737771,0.0
0.0002233710651573937,0.0
0.00022338106475740973,0.0
0.00022339106435742572,0.0
0.00022340106395744172,0.0
0.0002234110635574577,0.016666666666666607
0.0002234210631574737,0.0
0.00022343106275748973,0.0
0.00022344106235750572,0.0
0.0002234510619575217,0.0
0.0002234610615575377,0.0
0.0002234710611575537,0.0
0.00022348106075756972,0.0
0.00022349106035758572,0.0
0.0002235010599576017,0.0
0.0002235110595576177,0.0
0.0002235210591576337,0.016666666666666607
0.00022353105875764972,0.0
0.0002235410583576657,0.0
0.0002235510579576817,0.016666666666666607
0.0002235610575576977,0.0
0.0002235710571577137,0.0
0.00022358105675772971,0.0
0.0002235910563577457,0.0
0.0002236010559577617,0.0
0.0002236110555577777,0.0
0.0002236210551577937,0.0
0.0002236310547578097,0.0
0.0002236410543578257,0.0
0.0002236510539578417,0.0
0.0002236610535578577,0.016666666666666607
0.00022367105315787369,0.0
0.0002236810527578897,0.0
0.0002236910523579057,0.0
0.0002237010519579217,0.0
0.0002237110515579377,0.0
0.00022372105115795368,0.0
0.0002237310507579697,0.0
0.0002237410503579857,0.0
0.0002237510499580017,0.0
0.00022376104955801768,0.0
0.00022377104915803368,0.0
0.0002237810487580497,0.016666666666666607
0.0002237910483580657,0.0
0.0002238010479580817,0.0
0.00022381104755809768,0.016666666666666607
0.0002238210471581137,0.016666666666666607
0.0002238310467581297,0.0
0.0002238410463581457,0.0
0.00022385104595816168,0.0
0.00022386104555817768,0.0
0.0002238710451581937,0.016666666666666607
0.0002238810447582097,0.016666666666666607
0.00022389104435822569,0.0
0.00022390104395824168,0.0
0.00022391104355825767,0.0
0.0002239210431582737,0.0
0.0002239310427582897,0.0
0.00022394104235830568,0.0
0.00022395104195832168,0.0
0.00022396104155833767,0.0
0.0002239710411583537,0.0
0.00022398104075836968,0.0
0.00022399104035838568,0.016666666666666607
0.00022400103995840167,0.0
0.00022401103955841767,0.0
0.00022402103915843369,0.0
0.00022403103875844968,0.0
0.00022404103835846567,0.0
0.00022405103795848167,0.016666666666666607
0.00022406103755849766,0.0
0.00022407103715851368,0.0
0.00022408103675852968,0.0
0.00022409103635854567,0.0
0.00022410103595856166,0.0
0.00022411103555857766,0.0
0.00022412103515859368,0.0
0.00022413103475860967,0.0
0.00022414103435862567,0.0
0.00022415103395864166,-0.016666666666666607
0.00022416103355865765,0.0
0.00022417103315867367,0.0
0.00022418103275868967,0.0
0.00022419103235870566,0.0
0.00022420103195872166,0.0
0.00022421103155873765,0.0
0.00022422103115875367,0.016666666666666607
0.00022423103075876966,0.0
0.00022424103035878566,0.0
0.00022425102995880165,0.0
0.00022426102955881765,0.0
0.00022427102915883367,0.0
0.00022428102875884966,0.0
0.00022429102835886565,0.0
0.00022430102795888165,0.0
0.00022431102755889767,0.0
0.00022432102715891366,0.0
0.00022433102675892966,0.0
0.00022434102635894565,0.0
0.00022435102595896165,-0.016666666666666607
0.00022436102555897767,0.0
0.00022437102515899366,0.0
0.00022438102475900965,0.0
0.00022439102435902565,0.0
0.00022440102395904164,0.0
0.00022441102355905766,0.0
0.00022442102315907366,0.0
0.00022443102275908965,0.0
0.00022444102235910564,0.0
0.00022445102195912164,0.016666666666666607
0.00022446102155913766,0.0
0.00022447102115915365,0.0
0.00022448102075916965,0.0
0.00022449102035918564,0.0
0.00022450101995920163,0.0
0.00022451101955921765,0.0
0.00022452101915923365,0.016666666666666607
0.00022453101875924964,0.0
0.00022454101835926564,0.016666666666666607
0.00022455101795928163,0.0
0.00022456101755929765,0.0
0.00022457101715931364,0.0
0.00022458101675932964,0.0
0.00022459101635934563,0.0
0.00022460101595936163,0.0
0.00022461101555937765,0.0
0.00022462101515939364,0.0
0.00022463101475940963,0.0
0.00022464101435942563,0.0
0.00022465101395944162,0.0
0.00022466101355945764,0.0
0.00022467101315947364,0.0
0.00022468101275948963,0.0
0.00022469101235950562,0.0
0.00022470101195952162,0.0
0.00022471101155953764,0.016666666666666607
0.00022472101115955363,0.0
0.00022473101075956963,0.0
0.00022474101035958562,-0.016666666666666607
0.00022475100995960164,0.0
0.00022476100955961764,0.016666666666666607
0.00022477100915963363,0.016666666666666607
0.00022478100875964962,0.0
0.00022479100835966562,0.0
0.00022480100795968164,0.016666666666666607
0.00022481100755969763,0.0
0.00022482100715971363,0.0
0.00022483100675972962,0.0
0.0002248410063597456,0.016666666666666607
0.00022485100595976163,0.0
0.00022486100555977763,0.0
0.00022487100515979362,0.0
0.00022488100475980962,0.0
0.0002248910043598256,0.0
0.00022490100395984163,0.0
0.00022491100355985762,0.0
0.00022492100315987362,0.0
0.0002249310027598896,0.0
0.0002249410023599056,0.0
0.00022495100195992163,0.0
0.00022496100155993762,0.0
0.00022497100115995361,0.0
0.0002249810007599696,0.0
0.0002249910003599856,0.0
0.00022500099996000162,0.0
0.00022501099956001762,0.0
0.0002250209991600336,0.0
0.0002250309987600496,0.0
0.0002250409983600656,0.0
0.00022505099796008162,0.0
0.0002250609975600976,0.0
0.0002250709971601136,0.0
0.0002250809967601296,0.0
0.0002250909963601456,0.0
0.00022510099596016162,0.0
0.0002251109955601776,0.0
0.0002251209951601936,0.0
0.0002251309947602096,0.0
0.0002251409943602256,0.016666666666666607
0.0002251509939602416,0.0
0.0002251609935602576,0.0
0.0002251709931602736,0.0
0.0002251809927602896,0.0
0.0002251909923603056,0.0
0.0002252009919603216,0.0
0.0002252109915603376,0.0
0.0002252209911603536,0.0
0.0002252309907603696,0.0
0.0002252409903603856,0.0
0.0002252509899604016,0.0
0.0002252609895604176,0.0
0.0002252709891604336,0.0
0.00022528098876044959,0.0
0.0002252909883604656,0.0
0.0002253009879604816,0.0
0.0002253109875604976,0.0
0.0002253209871605136,0.0
0.00022533098676052958,0.0
0.0002253409863605456,0.016666666666666607
0.0002253509859605616,0.0
0.0002253609855605776,0.0
0.00022537098516059358,0.0
0.00022538098476060958,0.0
0.0002253909843606256,0.0
0.0002254009839606416,0.0
0.0002254109835606576,0.0
0.00022542098316067358,0.0
0.00022543098276068957,0.0
0.0002254409823607056,0.0
0.0002254509819607216,0.016666666666666607
0.00022546098156073758,0.0
0.00022547098116075358,0.0
0.00022548098076076957,0.0
0.0002254909803607856,0.0
0.00022550097996080159,0.0
0.00022551097956081758,0.0
0.00022552097916083357,0.0
0.00022553097876084957,0.0
0.0002255409783608656,0.0
0.00022555097796088158,0.0
0.00022556097756089758,0.0
0.00022557097716091357,0.0
0.00022558097676092956,0.0
0.00022559097636094558,0.016666666666666607
0.00022560097596096158,0.0
0.00022561097556097757,0.0
0.00022562097516099357,0.0
0.00022563097476100956,0.0
0.00022564097436102558,0.0
0.00022565097396104157,0.016666666666666607
0.00022566097356105757,0.0
0.00022567097316107356,0.0
0.00022568097276108958,0.0
0.00022569097236110558,0.0
0.00022570097196112157,0.0
0.00022571097156113756,0.016666666666666607
0.00022572097116115356,0.0
0.00022573097076116958,0.0
0.00022574097036118557,0.0
0.00022575096996120157,0.0
0.00022576096956121756,0.0
0.00022577096916123355,0.0
0.00022578096876124957,0.0
0.00022579096836126557,0.0
0.00022580096796128156,0.0
0.00022581096756129756,0.016666666666666607
0.00022582096716131355,0.0
0.00022583096676132957,0.0
0.00022584096636134556,0.0
0.00022585096596136156,0.0
0.00022586096556137755,0.0
0.00022587096516139355,0.0
0.00022588096476140957,0.0
0.00022589096436142556,0.016666666666666607
0.00022590096396144156,0.0
0.00022591096356145755,0.0
0.00022592096316147354,0.0
0.00022593096276148956,0.0
0.00022594096236150556,0.0
0.00022595096196152155,0.016666666666666607
0.00022596096156153755,0.0
0.00022597096116155354,0.0
0.00022598096076156956,0.0
0.00022599096036158555,0.0
0.00022600095996160155,0.0
0.00022601095956161754,0.0
0.00022602095916163354,0.0
0.00022603095876164956,0.0
0.00022604095836166555,-0.016666666666666607
0.00022605095796168154,0.0
0.00022606095756169754,-0.016666666666666607
0.00022607095716171353,0.0
0.00022608095676172955,0.0
0.00022609095636174555,0.0
0.00022610095596176154,0.016666666666666607
0.00022611095556177753,0.0
0.00022612095516179353,0.0
0.00022613095476180955,0.0
0.00022614095436182554,0.0
0.00022615095396184154,0.0
0.00022616095356185753,0.0
0.00022617095316187355,0.0
0.00022618095276188954,0.0
0.00022619095236190554,0.0
0.00022620095196192153,0.0
0.00022621095156193753,0.0
0.00022622095116195355,0.0
0.00022623095076196954,0.0
0.00022624095036198553,0.0
0.00022625094996200153,0.0
0.00022626094956201752,0.0
0.00022627094916203354,0.0
0.00022628094876204954,0.0
0.00022629094836206553,0.0
0.00022630094796208152,-0.016666666666666607
0.00022631094756209752,0.0
0.00022632094716211354,0.016666666666666607
0.00022633094676212953,0.0
0.00022634094636214553,0.0
0.00022635094596216152,0.0
0.00022636094556217751,0.0
0.00022637094516219354,0.0
0.00022638094476220953,0.0
0.00022639094436222552,0.016666666666666607
0.00022640094396224152,0.0
0.0002264109435622575,0.0
0.00022642094316227353,0.0
0.00022643094276228953,0.0
0.00022644094236230552,0.0
0.0002264509419623215,0.016666666666666607
0.0002264609415623375,0.0
0.00022647094116235353,0.016666666666666607
0.00022648094076236952,0.016666666666666607
0.00022649094036238552,0.0
0.0002265009399624015,0.0
0.0002265109395624175,0.0
0.00022652093916243352,0.016666666666666607
0.00022653093876244952,0.016666666666666607
0.0002265409383624655,0.0
0.0002265509379624815,0.0
0.0002265609375624975,0.0
0.00022657093716251352,0.0
0.00022658093676252951,0.0
0.0002265909363625455,0.0
0.0002266009359625615,0.0
0.0002266109355625775,0.0
0.00022662093516259352,0.0
0.0002266309347626095,0.0
0.0002266409343626255,0.0
0.0002266509339626415,0.0
0.00022666093356265752,0.0
0.0002266709331626735,0.016666666666666607
0.0002266809327626895,0.0
0.0002266909323627055,0.0
0.0002267009319627215,0.0
0.00022671093156273752,0.0
0.0002267209311627535,0.0
0.0002267309307627695,0.0
0.0002267409303627855,0.0
0.0002267509299628015,0.0
0.0002267609295628175,0.0
0.0002267709291628335,0.0
0.0002267809287628495,0.0
0.0002267909283628655,0.0
0.0002268009279628815,0.0
0.0002268109275628975,0.0
0.0002268209271629135,0.0
0.0002268309267629295,0.0
0.0002268409263629455,0.0
0.00022685092596296148,0.016666666666666607
0.0002268609255629775,0.0
0.0002268709251629935,0.0
0.0002268809247630095,0.0
0.00022689092436302549,0.0
0.00022690092396304148,0.0
0.0002269109235630575,0.0
0.0002269209231630735,0.0
0.0002269309227630895,0.0
0.00022694092236310548,0.0
0.00022695092196312148,0.0
0.0002269609215631375,0.0
0.0002269709211631535,0.0
0.00022698092076316948,0.0
0.00022699092036318548,0.0
0.00022700091996320147,0.0
0.0002270109195632175,0.0
0.0002270209191632335,0.016666666666666607
0.00022703091876324948,0.0
0.00022704091836326547,0.0
0.00022705091796328147,0.0
0.0002270609175632975,0.0
0.00022707091716331348,0.0
0.00022708091676332948,0.0
0.00022709091636334547,0.016666666666666607
0.0002271009159633615,0.016666666666666607
0.00022711091556337749,0.0
0.00022712091516339348,0.0
0.00022713091476340947,0.0
0.00022714091436342547,0.0
0.0002271509139634415,0.0
0.00022716091356345748,-0.016666666666666607
0.00022717091316347348,0.0
0.00022718091276348947,0.0
0.00022719091236350546,0.0
0.00022720091196352148,0.0
0.00022721091156353748,0.0
0.00022722091116355347,0.0
0.00022723091076356947,0.016666666666666607
0.00022724091036358546,0.0
0.00022725090996360148,0.0
0.00022726090956361747,0.0
0.00022727090916363347,0.0
0.00022728090876364946,0.0
0.00022729090836366546,0.0
0.00022730090796368148,0.0
0.00022731090756369747,0.0
0.00022732090716371346,0.0
0.00022733090676372946,0.016666666666666607
0.00022734090636374545,0.0
0.00022735090596376147,0.0
0.00022736090556377747,0.0
0.00022737090516379346,0.0
0.00022738090476380945,0.0
0.00022739090436382545,0.0
0.00022740090396384147,0.0
0.00022741090356385746,0.0
0.00022742090316387346,0.0
0.00022743090276388945,0.0
0.00022744090236390544,0.0
0.00022745090196392147,0.016666666666666607
0.00022746090156393746,0.0
0.00022747090116395345,0.0
0.00022748090076396945,0.0
0.00022749090036398544,0.0
0.00022750089996400146,0.0
0.00022751089956401746,0.0
0.00022752089916403345,0.0
0.00022753089876404944,0.0
0.00022754089836406544,0.0
0.00022755089796408146,0.0
0.00022756089756409745,0.016666666666666607
0.00022757089716411345,0.0
0.00022758089676412944,0.0
0.00022759089636414546,0.0
0.00022760089596416145,0.0
0.00022761089556417745,0.0
0.00022762089516419344,0.0
0.00022763089476420944,0.0
0.00022764089436422546,0.0
0.00022765089396424145,0.0
0.00022766089356425744,0.016666666666666607
0.00022767089316427344,0.0
0.00022768089276428943,0.0
0.00022769089236430545,0.0
0.00022770089196432145,0.0
0.00022771089156433744,0.0
0.00022772089116435343,0.0
0.00022773089076436943,0.0
0.00022774089036438545,0.0
0.00022775088996440144,0.0
0.00022776088956441744,0.0
0.00022777088916443343,0.0
0.00022778088876444942,0.0
0.00022779088836446544,0.0
0.00022780088796448144,0.0
0.00022781088756449743,0.0
0.00022782088716451343,0.0
0.00022783088676452942,0.0
0.00022784088636454544,0.0
0.00022785088596456143,0.0
0.00022786088556457743,0.0
0.00022787088516459342,0.0
0.00022788088476460942,0.0
0.00022789088436462544,0.0
0.00022790088396464143,0.0
0.00022791088356465742,0.0
0.00022792088316467342,0.0
0.0002279308827646894,0.0
0.00022794088236470543,0.016666666666666607
0.00022795088196472143,0.016666666666666607
0.00022796088156473742,0.016666666666666607
0.00022797088116475341,0.0
0.0002279808807647694,0.0
0.00022799088036478543,0.0
0.00022800087996480142,0.0
0.00022801087956481742,0.0
0.0002280208791648334,0.0
0.00022803087876484943,0.0
0.00022804087836486543,0.0
0.00022805087796488142,0.0
0.0002280608775648974,0.0
0.0002280708771649134,0.0
0.00022808087676492943,0.0
0.00022809087636494542,0.0
0.00022810087596496142,0.0
0.0002281108755649774,0.0
0.0002281208751649934,0.0
0.00022813087476500942,0.016666666666666607
0.00022814087436502542,0.0
0.0002281508739650414,0.0
0.0002281608735650574,0.0
0.0002281708731650734,0.0
0.00022818087276508942,0.016666666666666607
0.00022819087236510541,0.016666666666666607
0.0002282008719651214,0.0
0.0002282108715651374,0.0
0.0002282208711651534,0.0
0.00022823087076516942,0.016666666666666607
0.0002282408703651854,0.0
0.0002282508699652014,0.0
0.0002282608695652174,0.0
0.0002282708691652334,0.0
0.0002282808687652494,0.0
0.0002282908683652654,0.0
0.0002283008679652814,0.0
0.0002283108675652974,0.016666666666666607
0.0002283208671653134,0.0
0.0002283308667653294,0.0
0.0002283408663653454,0.0
0.0002283508659653614,0.0
0.0002283608655653774,0.0
0.00022837086516539338,0.0
0.0002283808647654094,0.0
0.0002283908643654254,0.0
0.0002284008639654414,0.0
0.0002284108635654574,0.0
0.00022842086316547338,0.0
0.0002284308627654894,0.0
0.0002284408623655054,0.0
0.0002284508619655214,0.0
0.00022846086156553738,0.0
0.00022847086116555338,0.0
0.0002284808607655694,0.0
0.0002284908603655854,0.0
0.00022850085996560139,0.0
0.00022851085956561738,0.0
0.0002285208591656334,0.0
0.0002285308587656494,0.0
0.0002285408583656654,0.0
0.00022855085796568138,0.0
0.00022856085756569738,0.0
0.0002285708571657134,0.016666666666666607
0.0002285808567657294,0.0
0.00022859085636574538,0.0
0.00022860085596576138,0.0
0.00022861085556577737,0.016666666666666607
0.0002286208551657934,0.0
0.0002286308547658094,0.0
0.00022864085436582538,0.0
0.00022865085396584137,0.0
0.00022866085356585737,0.0
0.0002286708531658734,0.016666666666666607
0.00022868085276588938,0.0
0.00022869085236590538,0.016666666666666607
0.00022870085196592137,0.0
0.00022871085156593736,0.0
0.00022872085116595339,0.0
0.00022873085076596938,0.0
0.00022874085036598537,0.0
0.00022875084996600137,0.0
0.00022876084956601736,0.0
0.00022877084916603338,0.0
0.00022878084876604938,0.0
0.00022879084836606537,0.0
0.00022880084796608136,0.0
0.00022881084756609736,0.0
0.00022882084716611338,0.0
0.00022883084676612937,0.0
0.00022884084636614537,0.0
0.00022885084596616136,0.0
0.00022886084556617735,0.0
0.00022887084516619337,0.0
0.00022888084476620937,0.0
0.00022889084436622536,0.0
0.00022890084396624136,0.0
0.00022891084356625735,0.0
0.00022892084316627337,0.0
0.00022893084276628936,0.0
0.00022894084236630536,0.0
0.00022895084196632135,0.0
0.00022896084156633737,0.0
0.00022897084116635337,0.016666666666666607
0.00022898084076636936,0.0
0.00022899084036638535,0.0
0.00022900083996640135,-0.016666666666666607
0.00022901083956641737,0.0
0.00022902083916643336,0.0
0.00022903083876644936,0.0
0.00022904083836646535,0.0
0.00022905083796648134,0.016666666666666607
0.00022906083756649737,0.0
0.00022907083716651336,0.0
0.00022908083676652935,0.0
0.00022909083636654535,0.0
0.00022910083596656134,0.016666666666666607
0.00022911083556657736,0.0
0.00022912083516659336,0.016666666666666607
0.00022913083476660935,0.0
0.00022914083436662534,0.0
0.00022915083396664134,0.0
0.00022916083356665736,0.0
0.00022917083316667335,0.0
0.00022918083276668935,0.0
0.00022919083236670534,0.0
0.00022920083196672133,0.0
0.00022921083156673735,0.016666666666666607
0.00022922083116675335,0.0
0.00022923083076676934,0.016666666666666607
0.00022924083036678534,0.0
0.00022925082996680133,0.016666666666666607
0.00022926082956681735,0.0
0.00022927082916683334,0.0
0.00022928082876684934,0.0
0.00022929082836686533,0.0
0.00022930082796688133,0.0
0.00022931082756689735,0.0
0.00022932082716691334,0.0
0.00022933082676692933,0.016666666666666607
0.00022934082636694533,0.0
0.00022935082596696132,0.016666666666666607
0.00022936082556697734,0.0
0.00022937082516699334,0.0
0.00022938082476700933,0.0
0.00022939082436702532,0.0
0.00022940082396704132,0.0
0.00022941082356705734,0.0
0.00022942082316707333,0.0
0.00022943082276708933,0.0
0.00022944082236710532,0.016666666666666607
0.00022945082196712134,0.016666666666666607
0.00022946082156713733,0.016666666666666607
0.00022947082116715333,0.0
0.00022948082076716932,0.0
0.00022949082036718532,0.0
0.00022950081996720134,0.0
0.00022951081956721733,0.0
0.00022952081916723332,0.0
0.00022953081876724932,0.0
0.0002295408183672653,0.0
0.00022955081796728133,0.0
0.00022956081756729733,0.0
0.00022957081716731332,0.016666666666666607
0.00022958081676732931,0.016666666666666607
0.0002295908163673453,0.0
0.00022960081596736133,0.0
0.00022961081556737732,0.0
0.00022962081516739332,0.016666666666666607
0.0002296308147674093,0.0
0.0002296408143674253,0.0
0.00022965081396744133,0.016666666666666607
0.00022966081356745732,0.0
0.00022967081316747331,0.0
0.0002296808127674893,0.0
0.0002296908123675053,0.0
0.00022970081196752132,0.0
0.00022971081156753732,0.016666666666666607
0.0002297208111675533,0.0
0.0002297308107675693,0.0
0.0002297408103675853,0.0
0.00022975080996760132,0.0
0.0002297608095676173,0.0
0.0002297708091676333,0.016666666666666607
0.0002297808087676493,0.0
0.0002297908083676653,0.016666666666666607
0.00022980080796768131,0.016666666666666607
0.0002298108075676973,0.0
0.0002298208071677133,0.0
0.0002298308067677293,0.016666666666666607
0.0002298408063677453,0.0
0.0002298508059677613,0.0
0.0002298608055677773,0.0
0.0002298708051677933,0.0
0.0002298808047678093,0.0
0.0002298908043678253,0.0
0.0002299008039678413,0.0
0.0002299108035678573,0.0
0.0002299208031678733,-0.016666666666666607
0.0002299308027678893,0.0
0.0002299408023679053,0.0
0.0002299508019679213,0.0
0.0002299608015679373,0.0
0.0002299708011679533,0.0
0.00022998080076796928,0.0
0.0002299908003679853,0.0
0.0002300007999680013,0.0
0.0002300107995680173,0.0
0.0002300207991680333,0.0
0.00023003079876804928,0.0
0.0002300407983680653,0.0
0.0002300507979680813,0.0
0.0002300607975680973,0.0
0.00023007079716811328,0.0
0.00023008079676812928,0.0
0.0002300907963681453,0.0
0.0002301007959681613,0.0
0.00023011079556817729,0.0
0.00023012079516819328,0.0
0.00023013079476820927,0.0
0.0002301407943682253,0.016666666666666607
0.0002301507939682413,0.0
0.00023016079356825728,0.0
0.00023017079316827328,0.016666666666666607
0.00023018079276828927,0.0
0.0002301907923683053,0.0
0.00023020079196832128,0.016666666666666607
0.00023021079156833728,0.0
0.00023022079116835327,0.0
0.00023023079076836927,0.016666666666666607
0.0002302407903683853,0.0
0.00023025078996840128,0.0
0.00023026078956841727,0.0
0.00023027078916843327,0.0
0.00023028078876844926,0.0
0.00023029078836846528,0.0
0.00023030078796848128,0.0
0.00023031078756849727,0.0
0.00023032078716851326,0.016666666666666607
0.00023033078676852926,0.0
0.00023034078636854528,0.0
0.00023035078596856127,0.0
0.00023036078556857727,0.0
0.00023037078516859326,0.0
0.00023038078476860928,0.0
0.00023039078436862528,0.0
0.00023040078396864127,0.0
0.00023041078356865726,0.0
0.00023042078316867326,0.016666666666666607
0.00023043078276868928,0.0
0.00023044078236870527,0.0
0.00023045078196872127,0.0
0.00023046078156873726,0.0
0.00023047078116875325,0.0
0.00023048078076876927,0.0
0.00023049078036878527,0.0
0.00023050077996880126,0.0
0.00023051077956881726,0.016666666666666607
0.00023052077916883325,0.0
0.00023053077876884927,0.0
0.00023054077836886526,0.0
0.00023055077796888126,0.0
0.00023056077756889725,0.0
0.00023057077716891325,0.0
0.00023058077676892927,0.016666666666666607
0.00023059077636894526,0.016666666666666607
0.00023060077596896125,0.0
0.00023061077556897725,0.0
0.00023062077516899324,0.0
0.00023063077476900926,0.0
0.00023064077436902526,0.0
0.00023065077396904125,0.0
0.00023066077356905724,0.0
0.00023067077316907324,0.016666666666666607
0.00023068077276908926,0.0
0.00023069077236910525,0.0
0.00023070077196912125,0.0
0.00023071077156913724,0.016666666666666607
0.00023072077116915323,0.0
0.00023073077076916926,0.016666666666666607
0.00023074077036918525,0.0
0.00023075076996920124,0.0
0.00023076076956921724,0.0
0.00023077076916923323,0.0
0.00023078076876924925,0.0
0.00023079076836926525,0.016666666666666607
0.00023080076796928124,0.0
0.00023081076756929723,0.0
0.00023082076716931325,0.0
0.00023083076676932925,0.0
0.00023084076636934524,0.0
0.00023085076596936124,0.0
0.00023086076556937723,0.0
0.00023087076516939325,0.0
0.00023088076476940924,0.0
0.00023089076436942524,0.0
0.00023090076396944123,0.0
0.00023091076356945723,0.0
0.00023092076316947325,0.0
0.00023093076276948924,0.0
0.00023094076236950523,0.0
0.00023095076196952123,0.0
0.00023096076156953722,0.0
0.00023097076116955324,0.0
0.00023098076076956924,0.0
0.00023099076036958523,0.0
0.00023100075996960122,0.0
0.00023101075956961722,0.0
0.00023102075916963324,0.0
0.00023103075876964923,0.0
0.00023104075836966523,0.016666666666666607
0.00023105075796968122,0.016666666666666607
0.00023106075756969721,0.0
0.00023107075716971323,0.0
0.00023108075676972923,0.0
0.00023109075636974522,0.0
0.00023110075596976122,0.0
0.0002311107555697772,0.0
0.00023112075516979323,0.0
0.00023113075476980922,0.0
0.00023114075436982522,0.016666666666666607
0.0002311507539698412,0.0
0.0002311607535698572,0.0
0.00023117075316987323,0.0
0.00023118075276988922,0.0
0.00023119075236990521,0.0
0.0002312007519699212,0.0
0.0002312107515699372,0.0
0.00023122075116995322,0.0
0.00023123075076996922,0.0
0.0002312407503699852,0.0
0.0002312507499700012,0.0
0.0002312607495700172,0.016666666666666607
0.00023127074917003322,0.0
0.00023128074877004921,0.0
0.0002312907483700652,0.0
0.0002313007479700812,0.0
0.00023131074757009722,0.0
0.00023132074717011322,0.0
0.0002313307467701292,0.0
0.0002313407463701452,0.0
0.0002313507459701612,0.0
0.00023136074557017722,0.0
0.0002313707451701932,0.0
0.0002313807447702092,0.0
0.0002313907443702252,0.0
0.0002314007439702412,0.0
0.00023141074357025721,0.0
0.0002314207431702732,0.0
0.0002314307427702892,0.016666666666666607
0.0002314407423703052,0.0
0.0002314507419703212,0.0
0.0002314607415703372,0.0
0.0002314707411703532,0.016666666666666607
0.0002314807407703692,0.0
0.0002314907403703852,0.0
0.00023150073997040119,0.0
0.0002315107395704172,0.0
0.0002315207391704332,0.0
0.0002315307387704492,0.0
0.0002315407383704652,0.0
0.00023155073797048118,0.0
0.0002315607375704972,0.0
0.0002315707371705132,0.016666666666666607
0.0002315807367705292,0.0
0.00023159073637054518,0.0
0.00023160073597056118,0.0
0.0002316107355705772,0.0
0.0002316207351705932,0.016666666666666607
0.0002316307347706092,0.0
0.00023164073437062518,0.0
0.00023165073397064117,0.0
0.0002316607335706572,0.0
0.0002316707331706732,0.0
0.00023168073277068918,0.0
0.00023169073237070518,0.0
0.00023170073197072117,0.016666666666666607
0.0002317107315707372,0.0
0.00023172073117075319,0.0
0.00023173073077076918,0.016666666666666607
0.00023174073037078517,0.0
0.0002317507299708012,0.0
0.0002317607295708172,0.016666666666666607
0.00023177072917083318,0.016666666666666607
0.00023178072877084918,-0.016666666666666607
0.00023179072837086517,0.0
0.0002318007279708812,0.0
0.00023181072757089718,0.0
0.00023182072717091318,0.0
0.00023183072677092917,0.0
0.00023184072637094517,0.0
0.0002318507259709612,0.0
0.00023186072557097718,-0.016666666666666607
0.00023187072517099317,0.0
0.00023188072477100917,0.0
0.00023189072437102516,0.0
0.00023190072397104118,0.016666666666666607
0.00023191072357105718,0.016666666666666607
0.00023192072317107317,0.0
0.00023193072277108916,0.0
0.00023194072237110516,0.0
0.00023195072197112118,0.0
0.00023196072157113717,0.0
0.00023197072117115317,0.0
0.00023198072077116916,0.0
0.00023199072037118515,0.0
0.00023200071997120118,0.0
0.00023201071957121717,0.0
0.00023202071917123316,0.0
0.00023203071877124916,0.0
0.00023204071837126515,0.0
0.00023205071797128117,0.0
0.00023206071757129717,0.0
0.00023207071717131316,0.016666666666666607
0.00023208071677132915,0.0
0.00023209071637134515,0.016666666666666607
0.00023210071597136117,0.0
0.00023211071557137716,0.0
0.00023212071517139316,0.0
0.00023213071477140915,0.0
0.00023214071437142514,0.0
0.00023215071397144116,0.0
0.00023216071357145716,0.0
0.00023217071317147315,0.0
0.00023218071277148915,0.0
0.00023219071237150514,0.0
0.00023220071197152116,0.0
0.00023221071157153715,0.016666666666666607
0.00023222071117155315,0.0
0.00023223071077156914,0.0
0.00023224071037158516,0.0
0.00023225070997160116,0.0
0.00023226070957161715,0.0
0.00023227070917163314,0.016666666666666607
0.00023228070877164914,0.0
0.00023229070837166516,0.016666666666666607
0.00023230070797168115,0.0
0.00023231070757169715,0.016666666666666607
0.00023232070717171314,0.0
0.00023233070677172913,0.0
0.00023234070637174516,0.016666666666666607
0.00023235070597176115,0.0
0.00023236070557177714,0.0
0.00023237070517179314,0.0
0.00023238070477180913,0.0
0.00023239070437182515,0.0
0.00023240070397184115,0.0
0.00023241070357185714,0.0
0.00023242070317187313,0.0
0.00023243070277188913,0.0
0.00023244070237190515,0.0
0.00023245070197192114,0.0
0.00023246070157193714,0.0
0.00023247070117195313,0.0
0.00023248070077196912,0.0
0.00023249070037198514,0.0
0.00023250069997200114,0.0
0.00023251069957201713,0.0
0.00023252069917203313,0.0
0.00023253069877204912,0.0
0.00023254069837206514,0.016666666666666607
0.00023255069797208113,0.0
0.00023256069757209713,0.0
0.00023257069717211312,0.0
0.00023258069677212912,0.016666666666666607
0.00023259069637214514,0.016666666666666607
0.00023260069597216113,0.0
0.00023261069557217712,0.016666666666666607
0.00023262069517219312,0.0
0.0002326306947722091,0.0
0.00023264069437222513,0.0
0.00023265069397224113,0.0
0.00023266069357225712,0.0
0.00023267069317227311,0.0
0.0002326806927722891,0.0
0.00023269069237230513,0.0
0.00023270069197232112,0.0
0.00023271069157233712,0.0
0.0002327206911723531,0.0
0.00023273069077236913,0.0
0.00023274069037238512,0.0
0.00023275068997240112,0.0
0.0002327606895724171,0.0
0.0002327706891724331,0.0
0.00023278068877244913,0.0
0.00023279068837246512,0.0
0.00023280068797248112,0.0
0.0002328106875724971,0.0
0.0002328206871725131,0.0
0.00023283068677252912,0.0
0.00023284068637254512,0.016666666666666607
0.0002328506859725611,0.016666666666666607
0.0002328606855725771,0.0
0.0002328706851725931,0.0
0.00023288068477260912,0.016666666666666607
0.00023289068437262511,0.0
0.0002329006839726411,0.0
0.0002329106835726571,0.0
0.0002329206831726731,0.016666666666666607
0.00023293068277268912,0.0
0.0002329406823727051,0.0
0.0002329506819727211,0.016666666666666607
0.0002329606815727371,0.0
0.0002329706811727531,0.0
0.0002329806807727691,-0.016666666666666607
0.0002329906803727851,0.0
0.0002330006799728011,0.0
0.0002330106795728171,0.0
0.0002330206791728331,0.0
0.0002330306787728491,0.0
0.0002330406783728651,0.0
0.0002330506779728811,0.0
0.0002330606775728971,0.0
0.00023307067717291308,0.0
0.0002330806767729291,0.0
0.0002330906763729451,0.0
0.0002331006759729611,0.0
0.00023311067557297709,0.0
0.00023312067517299308,0.0
0.0002331306747730091,0.0
0.0002331406743730251,0.0
0.0002331506739730411,0.0
0.00023316067357305708,0.0
0.0002331706731730731,0.0
0.0002331806727730891,0.0
0.0002331906723731051,0.0
0.00023320067197312108,0.0
0.00023321067157313708,0.0
0.0002332206711731531,0.0
0.0002332306707731691,0.0
0.0002332406703731851,0.0
0.00023325066997320108,0.0
0.00023326066957321707,0.0
0.0002332706691732331,0.0
0.0002332806687732491,0.0
0.00023329066837326508,0.0
0.00023330066797328108,0.0
0.00023331066757329707,0.0
0.0002333206671733131,0.016666666666666607
0.00023333066677332909,0.0
0.00023334066637334508,0.0
0.00023335066597336107,0.0
0.00023336066557337707,0.0
0.0002333706651733931,0.0
0.00023338066477340908,0.0
0.00023339066437342508,0.0
0.00023340066397344107,0.0
0.00023341066357345706,0.016666666666666607
0.00023342066317347308,0.0
0.00023343066277348908,0.0
0.00023344066237350507,0.0
0.00023345066197352107,0.0
0.00023346066157353706,0.0
0.00023347066117355308,0.0
0.00023348066077356907,0.016666666666666607
0.00023349066037358507,0.0
0.00023350065997360106,0.0
0.00023351065957361706,0.0
0.00023352065917363308,0.0
0.00023353065877364907,0.0
0.00023354065837366506,0.0
0.00023355065797368106,0.0
0.00023356065757369705,0.0
0.00023357065717371307,0.0
0.00023358065677372907,0.0
0.00023359065637374506,0.0
0.00023360065597376105,0.0
0.00023361065557377705,0.0
0.00023362065517379307,0.0
0.00023363065477380906,0.0
0.00023364065437382506,0.0
0.00023365065397384105,0.0
0.00023366065357385707,0.0
0.00023367065317387307,0.016666666666666607
0.00023368065277388906,0.0
0.00023369065237390505,0.0
0.00023370065197392105,0.0
0.00023371065157393707,-0.016666666666666607
0.00023372065117395306,0.0
0.00023373065077396906,0.0
0.00023374065037398505,0.0
0.00023375064997400104,0.0
0.00023376064957401706,0.0
0.00023377064917403306,0.0
0.00023378064877404905,0.0
0.00023379064837406505,0.0
0.00023380064797408104,0.0
0.00023381064757409706,0.0
0.00023382064717411305,0.0
0.00023383064677412905,0.0
0.00023384064637414504,0.0
0.00023385064597416104,0.0
0.00023386064557417706,0.0
0.00023387064517419305,0.0
0.00023388064477420904,0.0
0.00023389064437422504,0.0
0.00023390064397424103,0.0
0.00023391064357425705,0.0
0.00023392064317427305,0.0
0.00023393064277428904,0.0
0.00023394064237430503,0.0
0.00023395064197432103,0.0
0.00023396064157433705,-0.016666666666666607
0.00023397064117435304,0.0
0.00023398064077436904,0.0
0.00023399064037438503,0.0
0.00023400063997440102,0.0
0.00023401063957441705,0.0
0.00023402063917443304,0.0
0.00023403063877444903,0.0
0.00023404063837446503,0.0
0.00023405063797448102,0.0
0.00023406063757449704,0.0
0.00023407063717451304,0.0
0.00023408063677452903,0.0
0.00023409063637454502,0.0
0.00023410063597456104,0.0
0.00023411063557457704,0.0
0.00023412063517459303,0.0
0.00023413063477460903,0.0
0.00023414063437462502,0.0
0.00023415063397464104,0.0
0.00023416063357465703,0.016666666666666607
0.00023417063317467303,-0.016666666666666607
0.00023418063277468902,0.0
0.00023419063237470502,0.0
0.00023420063197472104,0.0
0.00023421063157473703,0.0
0.00023422063117475302,0.0
0.00023423063077476902,0.0
0.000234240630374785,0.0
0.00023425062997480103,0.0
0.00023426062957481703,0.016666666666666607
0.00023427062917483302,0.0
0.00023428062877484901,0.0
0.000234290628374865,0.0
0.00023430062797488103,0.0
0.00023431062757489702,0.0
0.00023432062717491302,0.0
0.000234330626774929,0.0
0.000234340626374945,0.0
0.00023435062597496103,0.0
0.00023436062557497702,0.0
0.000234370625174993,0.0
0.000234380624775009,0.016666666666666607
0.000234390624375025,0.0
0.00023440062397504102,0.0
0.00023441062357505702,0.0
0.000234420623175073,0.0
0.000234430622775089,0.0
0.000234440622375105,0.0
0.00023445062197512102,0.0
0.000234460621575137,0.0
0.000234470621175153,0.0
0.000234480620775169,0.0
0.000234490620375185,0.0
0.00023450061997520101,0.0
0.000234510619575217,0.0
0.000234520619175233,0.0
0.000234530618775249,0.0
0.000234540618375265,0.0
0.000234550617975281,0.0
0.000234560617575297,0.0
0.000234570617175313,0.0
0.000234580616775329,0.0
0.000234590616375345,0.0
0.000234600615975361,0.0
0.000234610615575377,0.0
0.000234620615175393,0.0
0.000234630614775409,0.0
0.000234640614375425,0.0
0.000234650613975441,0.0
0.000234660613575457,0.0
0.000234670613175473,0.0
0.00023468061277548898,0.0
0.000234690612375505,0.0
0.000234700611975521,0.0
0.000234710611575537,0.016666666666666607
0.00023472061117555299,0.0
0.00023473061077556898,0.0
0.000234740610375585,0.0
0.000234750609975601,0.0
0.000234760609575617,0.0
0.00023477060917563298,0.016666666666666607
0.00023478060877564898,0.0
0.000234790608375665,0.016666666666666607
0.000234800607975681,0.0
0.00023481060757569698,0.0
0.00023482060717571298,0.0
0.00023483060677572897,0.0
0.000234840606375745,0.0
0.000234850605975761,0.0
0.00023486060557577698,0.0
0.00023487060517579297,0.0
0.00023488060477580897,0.0
0.000234890604375825,0.016666666666666607
0.00023490060397584098,0.0
0.00023491060357585698,0.0
0.00023492060317587297,0.0
0.00023493060277588896,0.0
0.00023494060237590499,0.0
0.00023495060197592098,0.0
0.00023496060157593697,0.0
0.00023497060117595297,0.0
0.00023498060077596896,0.0
0.00023499060037598498,0.0
0.00023500059997600098,0.0
0.00023501059957601697,0.016666666666666607
0.00023502059917603296,0.016666666666666607
0.00023503059877604898,0.0
0.00023504059837606498,-0.016666666666666607
0.00023505059797608097,-0.016666666666666607
0.00023506059757609697,0.0
0.00023507059717611296,0.0
0.00023508059677612898,0.016666666666666607
0.00023509059637614497,0.016666666666666607
0.00023510059597616097,0.0
0.00023511059557617696,-0.016666666666666607
0.00023512059517619296,0.0
0.00023513059477620898,0.0
0.00023514059437622497,0.0
0.00023515059397624096,0.016666666666666607
0.00023516059357625696,0.0
0.00023517059317627295,0.016666666666666607
0.00023518059277628897,-0.016666666666666607
0.00023519059237630497,-0.016666666666666607
0.00023520059197632096,0.0
0.00023521059157633695,0.0
0.00023522059117635295,0.0
0.00023523059077636897,0.016666666666666607
0.00023524059037638496,0.0
0.00023525058997640096,-0.016666666666666607
0.00023526058957641695,0.0
0.00023527058917643294,0.0
0.00023528058877644897,0.0
0.00023529058837646496,0.016666666666666607
0.00023530058797648095,0.0
0.00023531058757649695,0.0
0.00023532058717651294,0.0
0.00023533058677652896,0.0
0.00023534058637654496,0.0
0.00023535058597656095,-0.016666666666666607
0.00023536058557657694,0.0
0.00023537058517659294,0.0
0.00023538058477660896,0.0
0.00023539058437662495,0.0
0.00023540058397664095,0.0
0.00023541058357665694,0.0
0.00023542058317667293,0.0
0.00023543058277668895,0.0
0.00023544058237670495,0.0
0.00023545058197672094,-0.016666666666666607
0.00023546058157673694,0.016666666666666607
0.00023547058117675293,0.0
0.00023548058077676895,0.0
0.00023549058037678494,0.0
0.00023550057997680094,0.0
0.00023551057957681693,0.016666666666666607
0.00023552057917683295,0.0
0.00023553057877684895,0.0
0.00023554057837686494,0.016666666666666607
0.00023555057797688093,0.0
0.00023556057757689693,0.0
0.00023557057717691295,0.0
0.00023558057677692894,0.0
0.00023559057637694494,0.0
0.00023560057597696093,0.0
0.00023561057557697692,0.0
0.00023562057517699295,0.0
0.00023563057477700894,0.0
0.00023564057437702493,0.0
0.00023565057397704093,0.0
0.00023566057357705692,0.0
0.00023567057317707294,0.0
0.00023568057277708894,0.0
0.00023569057237710493,0.016666666666666607
0.00023570057197712092,0.0
0.00023571057157713692,0.0
0.00023572057117715294,0.0
0.00023573057077716893,0.016666666666666607
0.00023574057037718493,-0.016666666666666607
0.00023575056997720092,0.0
0.0002357605695772169,0.0
0.00023577056917723293,0.0
0.00023578056877724893,0.0
0.00023579056837726492,0.0
0.00023580056797728092,0.0
0.0002358105675772969,0.0
0.00023582056717731293,0.0
0.00023583056677732892,0.016666666666666607
0.00023584056637734492,0.0
0.0002358505659773609,0.0
0.0002358605655773769,0.0
0.00023587056517739293,-0.016666666666666607
0.00023588056477740892,0.0
0.00023589056437742491,0.0
0.0002359005639774409,-0.016666666666666607
0.0002359105635774569,0.0
0.00023592056317747292,0.0
0.00023593056277748892,0.0
0.0002359405623775049,-0.016666666666666607
0.0002359505619775209,0.0
0.00023596056157753693,0.0
0.00023597056117755292,0.0
0.0002359805607775689,0.0
0.0002359905603775849,0.0
0.0002360005599776009,0.0
0.00023601055957761692,0.0
0.00023602055917763292,0.0
0.0002360305587776489,0.0
0.0002360405583776649,0.0
0.0002360505579776809,0.0
0.00023606055757769692,0.0
0.0002360705571777129,0.016666666666666607
0.0002360805567777289,0.0
0.0002360905563777449,0.0
0.0002361005559777609,0.0
0.00023611055557777691,0.0
0.0002361205551777929,0.0
0.0002361305547778089,0.0
0.0002361405543778249,0.0
0.0002361505539778409,0.0
0.0002361605535778569,0.0
0.0002361705531778729,0.016666666666666607
0.0002361805527778889,0.0
0.0002361905523779049,0.0
0.00023620055197792089,0.0
0.0002362105515779369,0.0
0.0002362205511779529,0.0
0.0002362305507779689,0.0
0.0002362405503779849,0.0
0.00023625054997800088,0.0
0.0002362605495780169,0.0
0.0002362705491780329,0.0
0.0002362805487780489,0.0
0.00023629054837806488,0.0
0.00023630054797808088,-0.016666666666666607
0.0002363105475780969,-0.016666666666666607
0.0002363205471781129,0.0
0.00023633054677812889,0.016666666666666607
0.00023634054637814488,0.016666666666666607
0.00023635054597816087,0.0
0.0002363605455781769,0.0
0.0002363705451781929,-0.016666666666666607
0.00023638054477820888,-0.016666666666666607
0.00023639054437822488,0.016666666666666607
0.00023640054397824087,0.0
0.0002364105435782569,0.016666666666666607
0.00023642054317827288,0.0
0.00023643054277828888,0.0
0.00023644054237830487,0.0
0.0002364505419783209,-0.016666666666666607
0.0002364605415783369,0.0
0.00023647054117835288,0.016666666666666607
0.00023648054077836887,0.016666666666666607
0.00023649054037838487,0.0
0.0002365005399784009,0.0
0.00023651053957841688,-0.016666666666666607
0.00023652053917843288,-0.016666666666666607
0.00023653053877844887,0.016666666666666607
0.00023654053837846486,0.016666666666666607
0.00023655053797848089,0.016666666666666607
0.00023656053757849688,0.0
0.00023657053717851287,0.0
0.00023658053677852887,-0.016666666666666607
0.00023659053637854486,0.0
0.00023660053597856088,0.0
0.00023661053557857688,0.0
0.00023662053517859287,0.0
0.00023663053477860886,0.0
0.00023664053437862486,0.0
0.00023665053397864088,0.0
0.00023666053357865687,0.0
0.00023667053317867287,0.0
0.00023668053277868886,0.0
0.00023669053237870485,0.0
0.00023670053197872087,0.0
0.00023671053157873687,0.0
0.00023672053117875286,0.0
0.00023673053077876886,0.0
0.00023674053037878485,0.0
0.00023675052997880087,0.0
0.00023676052957881686,0.0
0.00023677052917883286,0.0
0.00023678052877884885,0.016666666666666607
0.00023679052837886485,0.016666666666666607
0.00023680052797888087,0.0
0.00023681052757889686,0.0
0.00023682052717891285,0.0
0.00023683052677892885,0.0
0.00023684052637894484,0.0
0.00023685052597896086,0.016666666666666607
0.00023686052557897686,0.016666666666666607
0.00023687052517899285,0.0
0.00023688052477900884,0.0
0.00023689052437902487,0.0
0.00023690052397904086,0.0
0.00023691052357905685,0.0
0.00023692052317907285,0.0
0.00023693052277908884,0.0
0.00023694052237910486,0.0
0.00023695052197912086,0.016666666666666607
0.00023696052157913685,0.0
0.00023697052117915284,0.0
0.00023698052077916884,0.0
0.00023699052037918486,0.0
0.00023700051997920085,0.0
0.00023701051957921685,0.0
0.00023702051917923284,0.0
0.00023703051877924883,0.016666666666666607
0.00023704051837926485,0.016666666666666607
0.00023705051797928085,0.0
0.00023706051757929684,0.0
0.00023707051717931284,0.0
0.00023708051677932883,0.0
0.00023709051637934485,0.0
0.00023710051597936084,0.0
0.00023711051557937684,0.0
0.00023712051517939283,0.0
0.00023713051477940883,0.0
0.00023714051437942485,0.0
0.00023715051397944084,0.0
0.00023716051357945683,0.0
0.00023717051317947283,0.0
0.00023718051277948882,0.0
0.00023719051237950484,0.0
0.00023720051197952084,0.0
0.00023721051157953683,0.0
0.00023722051117955282,0.016666666666666607
0.00023723051077956882,0.016666666666666607
0.00023724051037958484,0.0
0.00023725050997960083,0.016666666666666607
0.00023726050957961683,0.0
0.00023727050917963282,0.0
0.00023728050877964881,0.0
0.00023729050837966484,0.0
0.00023730050797968083,0.0
0.00023731050757969682,0.0
0.00023732050717971282,0.0
0.0002373305067797288,0.0
0.00023734050637974483,0.0
0.00023735050597976083,0.0
0.00023736050557977682,0.0
0.0002373705051797928,0.0
0.00023738050477980883,0.0
0.00023739050437982483,0.0
0.00023740050397984082,0.0
0.00023741050357985682,0.0
0.0002374205031798728,-0.016666666666666607
0.00023743050277988883,0.0
0.00023744050237990482,0.0
0.00023745050197992082,0.016666666666666607
0.0002374605015799368,0.0
0.0002374705011799528,0.0
0.00023748050077996883,0.0
0.00023749050037998482,0.0
0.00023750049998000081,0.0
0.0002375104995800168,0.016666666666666607
0.0002375204991800328,0.0
0.00023753049878004882,0.0
0.00023754049838006482,0.0
0.0002375504979800808,0.0
0.0002375604975800968,0.0
0.0002375704971801128,0.0
0.00023758049678012882,0.0
0.0002375904963801448,0.0
0.0002376004959801608,0.0
0.0002376104955801768,0.0
0.0002376204951801928,0.0
0.00023763049478020882,0.0
0.0002376404943802248,0.0
0.0002376504939802408,0.0
0.0002376604935802568,0.0
0.0002376704931802728,0.0
0.0002376804927802888,0.0
0.0002376904923803048,0.0
0.0002377004919803208,0.0
0.0002377104915803368,0.0
0.0002377204911803528,0.0
0.0002377304907803688,0.0
0.0002377404903803848,0.0
0.0002377504899804008,0.0
0.0002377604895804168,0.0
0.00023777048918043278,0.016666666666666607
0.0002377804887804488,0.0
0.0002377904883804648,0.0
0.0002378004879804808,0.0
0.00023781048758049679,0.0
0.0002378204871805128,0.0
0.0002378304867805288,0.0
0.0002378404863805448,0.0
0.0002378504859805608,0.0
0.00023786048558057678,0.0
0.0002378704851805928,0.0
0.0002378804847806088,0.0
0.0002378904843806248,0.0
0.00023790048398064078,0.0
0.00023791048358065678,0.0
0.0002379204831806728,0.0
0.0002379304827806888,0.0
0.00023794048238070479,0.0
0.00023795048198072078,0.0
0.00023796048158073677,0.0
0.0002379704811807528,0.0
0.0002379804807807688,0.016666666666666607
0.00023799048038078478,0.0
0.00023800047998080078,0.0
0.00023801047958081677,0.0
0.0002380204791808328,0.0
0.00023803047878084878,0.0
0.00023804047838086478,0.0
0.00023805047798088077,0.0
0.00023806047758089677,0.016666666666666607
0.0002380704771809128,0.0
0.00023808047678092878,0.0
0.00023809047638094477,0.0
0.00023810047598096077,0.0
0.00023811047558097676,0.016666666666666607
0.00023812047518099278,0.0
0.00023813047478100878,0.0
0.00023814047438102477,0.0
0.00023815047398104077,0.0
0.00023816047358105676,0.0
0.00023817047318107278,0.0
0.00023818047278108877,-0.016666666666666607
0.00023819047238110477,0.0
0.00023820047198112076,0.0
0.00023821047158113676,0.0
0.00023822047118115278,0.0
0.00023823047078116877,0.0
0.00023824047038118476,0.0
0.00023825046998120076,0.0
0.00023826046958121675,0.0
0.00023827046918123277,0.0
0.00023828046878124877,0.0
0.00023829046838126476,0.0
0.00023830046798128075,0.0
0.00023831046758129677,0.016666666666666607
0.00023832046718131277,0.0
0.00023833046678132876,0.0
0.00023834046638134476,0.0
0.00023835046598136075,0.0
0.00023836046558137677,0.0
0.00023837046518139276,0.0
0.00023838046478140876,0.0
0.00023839046438142475,0.0
0.00023840046398144075,0.0
0.00023841046358145677,0.0
0.00023842046318147276,0.0
0.00023843046278148875,0.0
0.00023844046238150475,0.0
0.00023845046198152074,0.0
0.00023846046158153676,0.016666666666666607
0.00023847046118155276,0.016666666666666607
0.00023848046078156875,0.016666666666666607
0.00023849046038158474,0.0
0.00023850045998160074,0.0
0.00023851045958161676,0.0
0.00023852045918163275,0.0
0.00023853045878164875,0.0
0.00023854045838166474,0.0
0.00023855045798168073,0.0
0.00023856045758169676,0.0
0.00023857045718171275,0.0
0.00023858045678172874,0.0
0.00023859045638174474,0.0
0.00023860045598176073,0.0
0.00023861045558177675,0.0
0.00023862045518179275,0.0
0.00023863045478180874,0.0
0.00023864045438182473,-0.016666666666666607
0.00023865045398184073,0.0
0.00023866045358185675,0.0
0.00023867045318187274,0.0
0.00023868045278188874,0.0
0.00023869045238190473,0.0
0.00023870045198192072,0.0
0.00023871045158193674,0.0
0.00023872045118195274,0.0
0.00023873045078196873,0.0
0.00023874045038198473,0.0
0.00023875044998200075,0.0
0.00023876044958201674,0.0
0.00023877044918203273,0.0
0.00023878044878204873,0.016666666666666607
0.00023879044838206472,0.0
0.00023880044798208074,0.0
0.00023881044758209674,0.0
0.00023882044718211273,0.0
0.00023883044678212872,0.0
0.00023884044638214472,0.0
0.00023885044598216074,0.0
0.00023886044558217673,0.0
0.00023887044518219273,0.0
0.00023888044478220872,0.0
0.00023889044438222471,0.0
0.00023890044398224074,0.0
0.00023891044358225673,0.0
0.00023892044318227272,0.0
0.00023893044278228872,0.0
0.0002389404423823047,0.0
0.00023895044198232073,0.0
0.00023896044158233673,0.0
0.00023897044118235272,0.0
0.0002389804407823687,0.0
0.0002389904403823847,0.0
0.00023900043998240073,0.0
0.00023901043958241672,0.0
0.00023902043918243272,0.0
0.0002390304387824487,0.0
0.0002390404383824647,-0.016666666666666607
0.00023905043798248072,0.0
0.00023906043758249672,0.0
0.0002390704371825127,0.0
0.0002390804367825287,0.0
0.0002390904363825447,0.0
0.00023910043598256072,0.0
0.00023911043558257671,0.016666666666666607
0.0002391204351825927,0.0
0.0002391304347826087,0.0
0.0002391404343826247,0.0
0.00023915043398264072,0.0
0.0002391604335826567,0.0
0.0002391704331826727,0.0
0.0002391804327826887,0.0
0.0002391904323827047,0.0
0.0002392004319827207,0.0
0.0002392104315827367,0.016666666666666607
0.0002392204311827527,0.0
0.0002392304307827687,0.0
0.00023924043038278472,0.0
0.0002392504299828007,0.0
0.0002392604295828167,0.0
0.0002392704291828327,0.0
0.0002392804287828487,0.0
0.0002392904283828647,0.0
0.0002393004279828807,0.0
0.0002393104275828967,0.016666666666666607
0.0002393204271829127,0.0
0.0002393304267829287,0.0
0.0002393404263829447,0.0
0.0002393504259829607,0.0
0.0002393604255829767,0.0
0.0002393704251829927,0.0
0.00023938042478300868,0.0
0.0002393904243830247,0.0
0.0002394004239830407,0.0
0.0002394104235830567,0.0
0.00023942042318307269,0.0
0.00023943042278308868,0.0
0.0002394404223831047,0.0
0.0002394504219831207,0.0
0.0002394604215831367,0.0
0.00023947042118315268,0.0
0.00023948042078316868,0.0
0.0002394904203831847,0.0
0.0002395004199832007,0.0
0.00023951041958321668,0.0
0.00023952041918323268,0.0
0.00023953041878324867,0.0
0.0002395404183832647,0.0
0.00023955041798328069,0.0
0.00023956041758329668,0.0
0.00023957041718331267,0.0
0.00023958041678332867,0.0
0.0002395904163833447,0.0
0.00023960041598336068,0.0
0.00023961041558337668,0.0
0.00023962041518339267,0.0
0.00023963041478340866,0.0
0.00023964041438342468,0.016666666666666607
0.00023965041398344068,0.0
0.00023966041358345667,0.016666666666666607
0.00023967041318347267,0.0
0.00023968041278348866,0.0
0.00023969041238350468,0.0
0.00023970041198352068,0.0
0.00023971041158353667,0.0
0.00023972041118355266,0.0
0.00023973041078356868,0.0
0.00023974041038358468,0.0
0.00023975040998360067,0.0
0.00023976040958361667,0.0
0.00023977040918363266,0.0
0.00023978040878364868,0.0
0.00023979040838366467,0.0
0.00023980040798368067,0.0
0.00023981040758369666,0.0
0.00023982040718371266,0.0
0.00023983040678372868,0.0
0.00023984040638374467,0.0
0.00023985040598376066,0.0
0.00023986040558377666,0.0
0.00023987040518379265,0.0
0.00023988040478380867,0.0
0.00023989040438382467,0.0
0.00023990040398384066,0.0
0.00023991040358385665,0.0
0.00023992040318387265,0.0
0.00023993040278388867,0.0
0.00023994040238390466,0.0
0.00023995040198392066,0.0
0.00023996040158393665,0.0
0.00023997040118395264,0.0
0.00023998040078396866,0.0
0.00023999040038398466,0.0
0.00024000039998400065,0.0
0.00024001039958401665,0.0
0.00024002039918403264,0.0
0.00024003039878404866,0.0
0.00024004039838406465,0.0
0.00024005039798408065,0.0
0.00024006039758409664,0.0
0.00024007039718411264,0.0
0.00024008039678412866,0.0
0.00024009039638414465,0.0
0.00024010039598416064,0.0
0.00024011039558417664,0.0
0.00024012039518419263,0.0
0.00024013039478420865,0.0
0.00024014039438422465,0.0
0.00024015039398424064,0.0
0.00024016039358425663,0.0
0.00024017039318427266,0.016666666666666607
0.00024018039278428865,0.0
0.00024019039238430464,0.0
0.00024020039198432064,0.0
0.00024021039158433663,0.0
0.00024022039118435265,0.016666666666666607
0.00024023039078436865,0.0
0.00024024039038438464,0.0
0.00024025038998440063,0.0
0.00024026038958441663,0.0
0.00024027038918443265,0.016666666666666607
0.00024028038878444864,0.0
0.00024029038838446464,0.0
0.00024030038798448063,0.0
0.00024031038758449662,0.0
0.00024032038718451264,0.0
0.00024033038678452864,0.0
0.00024034038638454463,0.0
0.00024035038598456063,0.0
0.00024036038558457662,0.0
0.00024037038518459264,0.0
0.00024038038478460863,0.0
0.00024039038438462463,0.0
0.00024040038398464062,0.0
0.00024041038358465662,0.0
0.00024042038318467264,0.0
0.00024043038278468863,0.0
0.00024044038238470462,0.0
0.00024045038198472062,0.0
0.0002404603815847366,0.0
0.00024047038118475263,0.0
0.00024048038078476863,0.0
0.00024049038038478462,0.0
0.00024050037998480061,0.0
0.0002405103795848166,0.0
0.00024052037918483263,0.0
0.00024053037878484862,0.016666666666666607
0.00024054037838486462,0.0
0.0002405503779848806,0.0
0.0002405603775848966,0.0
0.00024057037718491263,0.0
0.00024058037678492862,0.0
0.0002405903763849446,0.0
0.0002406003759849606,0.0
0.0002406103755849766,0.0
0.00024062037518499262,0.0
0.00024063037478500862,0.0
0.0002406403743850246,0.0
0.0002406503739850406,0.0
0.00024066037358505662,0.0
0.00024067037318507262,0.0
0.0002406803727850886,0.0
0.0002406903723851046,0.0
0.0002407003719851206,0.0
0.00024071037158513662,0.0
0.00024072037118515261,0.0
0.0002407303707851686,0.0
0.0002407403703851846,0.0
0.0002407503699852006,0.0
0.00024076036958521662,0.0
0.0002407703691852326,0.0
0.0002407803687852486,0.0
0.0002407903683852646,0.0
0.0002408003679852806,0.0
0.0002408103675852966,0.0
0.0002408203671853126,0.0
0.0002408303667853286,0.0
0.0002408403663853446,0.0
0.0002408503659853606,0.016666666666666607
0.0002408603655853766,0.0
0.0002408703651853926,0.0
0.0002408803647854086,0.0
0.0002408903643854246,0.016666666666666607
0.00024090036398544058,0.0
0.0002409103635854566,0.0
0.0002409203631854726,0.0
0.0002409303627854886,0.0
0.0002409403623855046,-0.016666666666666607
0.00024095036198552058,0.0
0.0002409603615855366,0.0
0.0002409703611855526,0.0
0.0002409803607855686,0.0
0.00024099036038558458,0.0
0.00024100035998560058,0.0
0.0002410103595856166,0.0
0.0002410203591856326,0.0
0.00024103035878564859,0.0
0.00024104035838566458,0.016666666666666607
0.00024105035798568057,0.0
0.0002410603575856966,0.0
0.0002410703571857126,0.0
0.00024108035678572858,0.0
0.00024109035638574458,0.0
0.0002411003559857606,0.0
0.0002411103555857766,0.0
0.00024112035518579258,-0.016666666666666607
0.00024113035478580858,0.0
0.00024114035438582457,0.0
0.0002411503539858406,0.0
0.00024116035358585659,0.0
0.00024117035318587258,0.0
0.00024118035278588857,0.0
0.00024119035238590457,0.0
0.0002412003519859206,0.0
0.00024121035158593658,0.0
0.00024122035118595258,0.0
0.00024123035078596857,0.0
0.00024124035038598456,0.0
0.00024125034998600058,0.0
0.00024126034958601658,0.0
0.00024127034918603257,0.0
0.00024128034878604857,0.0
0.00024129034838606456,0.016666666666666607
0.00024130034798608058,0.0
0.00024131034758609658,0.016666666666666607
0.00024132034718611257,0.0
0.00024133034678612856,0.0
0.00024134034638614456,0.0
0.00024135034598616058,0.016666666666666607
0.00024136034558617657,0.0
0.00024137034518619257,0.0
0.00024138034478620856,0.0
0.00024139034438622455,0.0
0.00024140034398624057,0.0
0.00024141034358625657,0.0
0.00024142034318627256,0.0
0.00024143034278628856,0.0
0.00024144034238630455,0.0
0.00024145034198632057,0.0
0.00024146034158633656,0.0
0.00024147034118635256,0.0
0.00024148034078636855,0.0
0.00024149034038638455,0.016666666666666607
0.00024150033998640057,0.0
0.00024151033958641656,0.0
0.00024152033918643255,0.0
0.00024153033878644855,0.0
0.00024154033838646454,-0.016666666666666607
0.00024155033798648056,0.0
0.00024156033758649656,0.0
0.00024157033718651255,0.0
0.00024158033678652854,0.0
0.00024159033638654456,0.0
0.00024160033598656056,0.0
0.00024161033558657655,0.016666666666666607
0.00024162033518659255,0.0
0.00024163033478660854,0.0
0.00024164033438662456,0.0
0.00024165033398664055,0.0
0.00024166033358665655,0.0
0.00024167033318667254,0.0
0.00024168033278668854,0.0
0.00024169033238670456,0.0
0.00024170033198672055,0.0
0.00024171033158673654,0.0
0.00024172033118675254,0.0
0.00024173033078676853,0.0
0.00024174033038678455,0.0
0.00024175032998680055,0.0
0.00024176032958681654,0.0
0.00024177032918683253,0.0
0.00024178032878684853,0.0
0.00024179032838686455,0.016666666666666607
0.00024180032798688054,0.0
0.00024181032758689654,0.0
0.00024182032718691253,0.0
0.00024183032678692852,0.0
0.00024184032638694455,0.0
0.00024185032598696054,0.0
0.00024186032558697653,0.0
0.00024187032518699253,0.0
0.00024188032478700852,0.0
0.00024189032438702454,0.0
0.00024190032398704054,0.0
0.00024191032358705653,0.0
0.00024192032318707252,0.0
0.00024193032278708852,0.0
0.00024194032238710454,0.0
0.00024195032198712053,0.0
0.00024196032158713653,0.0
0.00024197032118715252,0.0
0.00024198032078716851,0.0
0.00024199032038718453,0.0
0.00024200031998720053,0.0
0.00024201031958721652,0.0
0.00024202031918723252,0.0
0.00024203031878724854,0.0
0.00024204031838726453,0.0
0.00024205031798728052,0.016666666666666607
0.00024206031758729652,0.0
0.0002420703171873125,0.0
0.00024208031678732853,0.0
0.00024209031638734453,0.0
0.00024210031598736052,0.0
0.00024211031558737651,0.0
0.0002421203151873925,0.0
0.00024213031478740853,0.0
0.00024214031438742452,0.0
0.00024215031398744052,0.0
0.0002421603135874565,0.0
0.0002421703131874725,0.0
0.00024218031278748853,0.0
0.00024219031238750452,0.0
0.0002422003119875205,0.0
0.0002422103115875365,0.0
0.0002422203111875525,0.0
0.00024223031078756852,0.0
0.00024224031038758452,0.0
0.0002422503099876005,0.0
0.0002422603095876165,0.0
0.0002422703091876325,0.0
0.00024228030878764852,0.0
0.0002422903083876645,0.0
0.0002423003079876805,0.0
0.0002423103075876965,0.0
0.0002423203071877125,0.0
0.00024233030678772851,0.0
0.0002423403063877445,0.0
0.0002423503059877605,0.0
0.0002423603055877765,0.0
0.0002423703051877925,0.0
0.0002423803047878085,0.0
0.0002423903043878245,0.0
0.0002424003039878405,0.0
0.0002424103035878565,0.016666666666666607
0.00024242030318787249,0.0
0.0002424303027878885,0.0
0.0002424403023879045,0.0
0.0002424503019879205,0.0
0.0002424603015879365,0.0
0.00024247030118795248,0.0
0.0002424803007879685,0.0
0.0002424903003879845,0.0
0.0002425002999880005,0.0
0.00024251029958801648,0.0
0.0002425202991880325,0.0
0.0002425302987880485,0.0
0.0002425402983880645,0.0
0.0002425502979880805,0.0
0.00024256029758809648,0.0
0.0002425702971881125,0.0
0.0002425802967881285,0.0
0.0002425902963881445,0.0
0.00024260029598816048,0.0
0.00024261029558817648,0.0
0.0002426202951881925,0.0
0.0002426302947882085,0.0
0.00024264029438822449,-0.016666666666666607
0.00024265029398824048,0.0
0.00024266029358825647,0.0
0.0002426702931882725,0.0
0.0002426802927882885,0.0
0.00024269029238830448,0.0
0.00024270029198832048,0.0
0.00024271029158833647,0.0
0.0002427202911883525,0.0
0.00024273029078836848,0.0
0.00024274029038838448,0.0
0.00024275028998840047,0.0
0.00024276028958841647,0.0
0.00024277028918843249,0.0
0.00024278028878844848,0.0
0.00024279028838846447,0.0
0.00024280028798848047,0.0
0.00024281028758849646,0.0
0.00024282028718851248,0.0
0.00024283028678852848,0.0
0.00024284028638854447,0.0
0.00024285028598856046,0.0
0.00024286028558857646,0.0
0.00024287028518859248,0.0
0.00024288028478860847,0.0
0.00024289028438862447,0.0
0.00024290028398864046,0.0
0.00024291028358865645,0.0
0.00024292028318867248,0.0
0.00024293028278868847,0.0
0.00024294028238870446,0.0
0.00024295028198872046,0.0
0.00024296028158873648,0.016666666666666607
0.00024297028118875247,0.0
0.00024298028078876847,0.0
0.00024299028038878446,0.0
0.00024300027998880045,0.0
0.00024301027958881647,0.0
0.00024302027918883247,0.0
0.00024303027878884846,0.0
0.00024304027838886446,0.0
0.00024305027798888045,0.0
0.00024306027758889647,0.0
0.00024307027718891246,0.0
0.00024308027678892846,0.0
0.00024309027638894445,0.0
0.00024310027598896045,0.0
0.00024311027558897647,0.0
0.00024312027518899246,0.0
0.00024313027478900845,0.0
0.00024314027438902445,0.0
0.00024315027398904044,0.0
0.00024316027358905646,0.0
0.00024317027318907246,0.0
0.00024318027278908845,0.0
0.00024319027238910444,0.016666666666666607
0.00024320027198912044,0.0
0.00024321027158913646,0.0
0.00024322027118915245,0.0
0.00024323027078916845,0.0
0.00024324027038918444,0.0
0.00024325026998920043,0.0
0.00024326026958921645,0.0
0.00024327026918923245,0.0
0.00024328026878924844,0.0
0.00024329026838926444,0.0
0.00024330026798928043,0.016666666666666607
0.00024331026758929645,0.0
0.00024332026718931244,0.0
0.00024333026678932844,0.0
0.00024334026638934443,0.0
0.00024335026598936043,0.0
0.00024336026558937645,0.0
0.00024337026518939244,0.0
0.00024338026478940843,0.0
0.00024339026438942443,0.0
0.00024340026398944042,0.0
0.00024341026358945644,0.0
0.00024342026318947244,0.0
0.00024343026278948843,0.0
0.00024344026238950442,0.0
0.00024345026198952045,0.016666666666666607
0.00024346026158953644,0.0
0.00024347026118955243,0.016666666666666607
0.00024348026078956843,0.0
0.00024349026038958442,0.0
0.00024350025998960044,0.0
0.00024351025958961644,0.0
0.00024352025918963243,0.0
0.00024353025878964842,-0.016666666666666607
0.00024354025838966442,0.0
0.00024355025798968044,0.0
0.00024356025758969643,0.0
0.00024357025718971243,0.0
0.00024358025678972842,0.0
0.00024359025638974441,0.0
0.00024360025598976043,0.0
0.00024361025558977643,0.0
0.00024362025518979242,0.0
0.00024363025478980842,0.0
0.0002436402543898244,0.0
0.00024365025398984043,0.0
0.00024366025358985642,0.0
0.00024367025318987242,0.0
0.0002436802527898884,0.0
0.0002436902523899044,0.0
0.00024370025198992043,0.0
0.00024371025158993642,0.0
0.00024372025118995241,0.0
0.0002437302507899684,0.0
0.0002437402503899844,0.016666666666666607
0.00024375024999000042,0.016666666666666607
0.00024376024959001642,0.0
0.0002437702491900324,0.0
0.0002437802487900484,0.0
0.0002437902483900644,0.0
0.00024380024799008042,0.0
0.0002438102475900964,0.0
0.0002438202471901124,0.016666666666666607
0.0002438302467901284,0.0
0.0002438402463901444,0.016666666666666607
0.00024385024599016042,0.0
0.0002438602455901764,0.016666666666666607
0.0002438702451901924,0.0
0.0002438802447902084,0.0
0.00024389024439022442,0.0
0.0002439002439902404,0.0
0.0002439102435902564,0.0
0.0002439202431902724,0.0
0.0002439302427902884,0.016666666666666607
0.00024394024239030441,0.016666666666666607
0.0002439502419903204,0.0
0.0002439602415903364,0.0
0.0002439702411903524,0.0
0.0002439802407903684,-0.016666666666666607
0.0002439902403903844,0.0
0.0002440002399904004,0.0
0.0002440102395904164,0.0
0.0002440202391904324,0.0
0.00024403023879044839,0.0
0.0002440402383904644,0.0
0.0002440502379904804,0.0
0.0002440602375904964,0.0
0.0002440702371905124,0.0
0.00024408023679052838,0.016666666666666607
0.0002440902363905444,0.0
0.0002441002359905604,0.0
0.0002441102355905764,0.0
0.00024412023519059238,0.0
0.00024413023479060838,0.0
0.0002441402343906244,0.016666666666666607
0.0002441502339906404,0.016666666666666607
0.0002441602335906564,0.0
0.0002441702331906724,0.0
0.0002441802327906884,0.016666666666666607
0.00024419023239070437,0.0
0.0002442002319907204,0.0
0.0002442102315907364,0.0
0.0002442202311907524,-0.016666666666666607
0.0002442302307907684,0.0
0.00024424023039078436,0.0
0.0002442502299908004,0.0
0.0002442602295908164,0.0
0.0002442702291908324,0.0
0.0002442802287908484,0.0
0.00024429022839086436,0.0
0.0002443002279908804,0.0
0.0002443102275908964,0.016666666666666607
0.00024432022719091237,0.016666666666666607
0.0002443302267909284,0.016666666666666607
0.00024434022639094436,0.0
0.0002443502259909604,0.0
0.0002443602255909764,0.0
0.00024437022519099237,0.0
0.0002443802247910084,0.016666666666666607
0.00024439022439102435,0.0
0.0002444002239910404,0.0
0.0002444102235910564,0.0
0.00024442022319107236,0.0
0.0002444302227910884,0.0
0.00024444022239110435,0.0
0.00024445022199112037,0.0
0.0002444602215911364,0.0
0.00024447022119115236,0.0
0.0002444802207911684,0.016666666666666607
0.00024449022039118435,0.0
0.00024450021999120037,0.0
0.0002445102195912164,0.016666666666666607
0.00024452021919123235,0.016666666666666607
0.0002445302187912484,0.016666666666666607
0.00024454021839126434,0.0
0.00024455021799128036,0.0
0.0002445602175912964,0.0
0.00024457021719131235,0.0
0.00024458021679132837,0.0
0.00024459021639134434,0.0
0.00024460021599136036,0.0
0.0002446102155913764,0.0
0.00024462021519139235,0.0
0.00024463021479140837,0.0
0.00024464021439142433,0.016666666666666607
0.00024465021399144036,0.0
0.0002446602135914564,0.0
0.00024467021319147234,0.016666666666666607
0.00024468021279148836,0.0
0.00024469021239150433,0.0
0.00024470021199152035,0.0
0.00024471021159153637,0.0
0.00024472021119155234,0.0
0.00024473021079156836,0.0
0.0002447402103915843,0.0
0.00024475020999160035,0.0
0.00024476020959161637,0.0
0.00024477020919163234,0.0
0.00024478020879164836,0.0
0.0002447902083916643,0.0
0.00024480020799168034,0.0
0.00024481020759169636,0.0
0.00024482020719171233,0.0
0.00024483020679172835,0.0
0.0002448402063917443,0.0
0.00024485020599176034,0.0
0.00024486020559177636,0.0
0.00024487020519179233,0.0
0.00024488020479180835,0.0
0.0002448902043918243,0.016666666666666607
0.00024490020399184034,0.0
0.00024491020359185636,0.0
0.0002449202031918723,0.0
0.00024493020279188834,0.0
0.0002449402023919043,0.0
0.00024495020199192033,0.0
0.00024496020159193635,0.016666666666666607
0.0002449702011919523,0.016666666666666607
0.00024498020079196834,0.0
0.0002449902003919843,0.0
0.00024500019999200033,0.0
0.00024501019959201635,0.0
0.0002450201991920323,0.0
0.00024503019879204834,0.0
0.0002450401983920643,0.0
0.0002450501979920803,0.0
0.00024506019759209635,0.0
0.0002450701971921123,0.0
0.00024508019679212833,0.0
0.00024509019639214435,0.0
0.0002451001959921603,0.0
0.00024511019559217634,0.0
0.0002451201951921923,0.0
0.00024513019479220833,0.0
0.00024514019439222435,0.0
0.0002451501939922403,0.0
0.00024516019359225634,0.0
0.0002451701931922723,0.0
0.0002451801927922883,0.0
0.00024519019239230435,0.0
0.0002452001919923203,0.0
0.00024521019159233633,0.0
0.0002452201911923523,0.0
0.0002452301907923683,0.0
0.00024524019039238434,0.0
0.0002452501899924003,0.0
0.00024526018959241633,0.0
0.0002452701891924323,0.016666666666666607
0.0002452801887924483,0.0
0.00024529018839246434,0.0
0.0002453001879924803,-0.016666666666666607
0.0002453101875924963,0.0
0.0002453201871925123,0.0
0.0002453301867925283,0.016666666666666607
0.00024534018639254434,0.0
0.0002453501859925603,0.0
0.0002453601855925763,0.0
0.0002453701851925923,0.016666666666666607
0.0002453801847926083,0.0
0.00024539018439262433,0.0
0.0002454001839926403,0.016666666666666607
0.0002454101835926563,0.0
0.0002454201831926723,-0.016666666666666607
0.0002454301827926883,0.0
0.00024544018239270433,0.0
0.0002454501819927203,0.0
0.0002454601815927363,0.0
0.0002454701811927523,0.0
0.0002454801807927683,0.0
0.0002454901803927843,0.016666666666666607
0.0002455001799928003,0.0
0.0002455101795928163,0.0
0.0002455201791928323,0.0
0.0002455301787928483,0.0
0.0002455401783928643,0.016666666666666607
0.0002455501779928803,0.0
0.0002455601775928963,0.016666666666666607
0.0002455701771929123,0.0
0.0002455801767929283,0.0
0.0002455901763929443,0.0
0.0002456001759929603,0.0
0.0002456101755929763,0.0
0.00024562017519299227,0.0
0.0002456301747930083,0.0
0.0002456401743930243,0.0
0.0002456501739930403,0.016666666666666607
0.0002456601735930563,0.0
0.00024567017319307227,0.0
0.0002456801727930883,0.0
0.0002456901723931043,0.0
0.0002457001719931203,0.0
0.0002457101715931363,0.016666666666666607
0.00024572017119315226,0.016666666666666607
0.0002457301707931683,0.016666666666666607
0.0002457401703931843,0.0
0.00024575016999320027,0.0
0.0002457601695932163,0.0
0.00024577016919323226,0.0
0.0002457801687932483,0.0
0.0002457901683932643,0.0
0.00024580016799328027,0.0
0.0002458101675932963,0.0
0.00024582016719331226,0.0
0.0002458301667933283,0.0
0.0002458401663933443,0.0
0.00024585016599336026,0.0
0.0002458601655933763,0.016666666666666607
0.00024587016519339225,0.0
0.0002458801647934083,0.0
0.0002458901643934243,0.0
0.00024590016399344026,0.0
0.0002459101635934563,0.0
0.00024592016319347225,0.0
0.00024593016279348827,0.0
0.0002459401623935043,0.016666666666666607
0.00024595016199352026,0.0
0.0002459601615935363,0.0
0.00024597016119355224,0.0
0.00024598016079356827,0.0
0.0002459901603935843,0.0
0.00024600015999360025,0.0
0.0002460101595936163,0.0
0.0002460201591936323,0.0
0.00024603015879364826,0.0
0.0002460401583936643,0.016666666666666607
0.00024605015799368025,0.0
0.00024606015759369627,0.0
0.0002460701571937123,0.0
0.00024608015679372826,0.0
0.0002460901563937443,0.016666666666666607
0.00024610015599376025,0.0
0.00024611015559377627,0.0
0.0002461201551937923,0.0
0.00024613015479380825,0.0
0.0002461401543938243,0.0
0.00024615015399384024,0.016666666666666607
0.00024616015359385626,0.0
0.0002461701531938723,0.0
0.00024618015279388825,0.0
0.00024619015239390427,0.0
0.00024620015199392024,0.0
0.00024621015159393626,0.0
0.0002462201511939523,0.0
0.00024623015079396825,0.0
0.00024624015039398427,0.0
0.00024625014999400023,0.016666666666666607
0.00024626014959401626,0.0
0.0002462701491940323,0.0
0.00024628014879404824,0.0
0.00024629014839406426,0.016666666666666607
0.00024630014799408023,0.0
0.00024631014759409625,0.0
0.00024632014719411227,0.0
0.00024633014679412824,0.0
0.00024634014639414426,0.0
0.0002463501459941602,0.0
0.00024636014559417625,0.0
0.00024637014519419227,0.0
0.00024638014479420824,0.0
0.00024639014439422426,0.0
0.0002464001439942402,0.0
0.00024641014359425624,0.0
0.00024642014319427226,0.0
0.00024643014279428823,0.0
0.00024644014239430425,0.0
0.0002464501419943202,0.016666666666666607
0.00024646014159433624,0.0
0.00024647014119435226,0.016666666666666607
0.00024648014079436823,0.0
0.00024649014039438425,0.0
0.0002465001399944002,0.0
0.00024651013959441624,0.0
0.00024652013919443226,0.0
0.0002465301387944482,0.016666666666666607
0.00024654013839446424,0.0
0.0002465501379944802,0.0
0.00024656013759449623,-0.016666666666666607
0.00024657013719451225,0.0
0.0002465801367945282,0.0
0.00024659013639454424,0.0
0.0002466001359945602,0.0
0.00024661013559457623,0.0
0.00024662013519459225,0.0
0.0002466301347946082,0.0
0.00024664013439462424,0.0
0.0002466501339946402,0.0
0.0002466601335946562,0.0
0.00024667013319467225,0.0
0.0002466801327946882,0.016666666666666607
0.00024669013239470423,0.016666666666666607
0.0002467001319947202,0.0
0.0002467101315947362,0.0
0.00024672013119475224,0.0
0.0002467301307947682,0.0
0.00024674013039478423,0.016666666666666607
0.0002467501299948002,0.016666666666666607
0.0002467601295948162,0.016666666666666607
0.00024677012919483224,0.0
0.0002467801287948482,0.016666666666666607
0.0002467901283948642,0.0
0.0002468001279948802,0.0
0.0002468101275948962,0.0
0.00024682012719491223,0.0
0.0002468301267949282,0.016666666666666607
0.0002468401263949442,0.0
0.0002468501259949602,0.0
0.0002468601255949762,0.0
0.00024687012519499223,0.0
0.0002468801247950082,0.0
0.0002468901243950242,0.0
0.0002469001239950402,0.0
0.0002469101235950562,0.0
0.0002469201231950722,0.0
0.0002469301227950882,0.0
0.0002469401223951042,0.0
0.00024695012199512024,0.016666666666666607
0.0002469601215951362,0.0
0.0002469701211951522,0.016666666666666607
0.0002469801207951682,0.0
0.0002469901203951842,0.016666666666666607
0.00024700011999520023,0.016666666666666607
0.0002470101195952162,0.0
0.0002470201191952322,0.0
0.0002470301187952482,0.0
0.0002470401183952642,0.0
0.00024705011799528023,0.016666666666666607
0.0002470601175952962,0.0
0.0002470701171953122,0.0
0.0002470801167953282,-0.016666666666666607
0.0002470901163953442,0.0
0.0002471001159953602,0.0
0.0002471101155953762,0.0
0.0002471201151953922,0.0
0.0002471301147954082,0.0
0.0002471401143954242,0.0
0.0002471501139954402,0.0
0.0002471601135954562,0.0
0.0002471701131954722,0.0
0.0002471801127954882,0.0
0.0002471901123955042,0.0
0.0002472001119955202,0.0
0.0002472101115955362,0.0
0.0002472201111955522,0.016666666666666607
0.00024723011079556817,0.0
0.0002472401103955842,0.0
0.0002472501099956002,0.016666666666666607
0.0002472601095956162,0.0
0.0002472701091956322,0.0
0.00024728010879564817,0.0
0.0002472901083956642,0.016666666666666607
0.0002473001079956802,0.0
0.0002473101075956962,0.0
0.0002473201071957122,0.016666666666666607
0.00024733010679572816,-0.016666666666666607
0.0002473401063957442,0.016666666666666607
0.0002473501059957602,0.0
0.00024736010559577617,0.0
0.0002473701051957922,0.0
0.00024738010479580816,0.0
0.0002473901043958242,0.0
0.0002474001039958402,0.0
0.00024741010359585617,0.0
0.0002474201031958722,0.0
0.00024743010279588816,0.016666666666666607
0.0002474401023959042,0.0
0.0002474501019959202,0.016666666666666607
0.00024746010159593616,0.0
0.0002474701011959522,0.0
0.00024748010079596815,0.0
0.0002474901003959842,0.0
0.0002475000999960002,0.016666666666666607
0.00024751009959601616,0.0
0.0002475200991960322,0.0
0.00024753009879604815,0.0
0.00024754009839606417,0.0
0.0002475500979960802,0.0
0.00024756009759609616,0.0
0.0002475700971961122,0.0
0.00024758009679612814,0.0
0.00024759009639614417,0.0
0.0002476000959961602,0.0
0.00024761009559617615,0.0
0.0002476200951961922,0.0
0.00024763009479620814,0.0
0.00024764009439622416,0.0
0.0002476500939962402,0.016666666666666607
0.00024766009359625615,0.016666666666666607
0.00024767009319627217,0.016666666666666607
0.00024768009279628814,0.016666666666666607
0.00024769009239630416,0.016666666666666607
0.0002477000919963202,0.0
0.00024771009159633615,0.016666666666666607
0.00024772009119635217,0.016666666666666607
0.00024773009079636813,0.0
0.00024774009039638415,0.0
0.0002477500899964002,0.0
0.00024776008959641614,0.0
0.00024777008919643216,0.0
0.00024778008879644813,0.0
0.00024779008839646415,0.0
0.00024780008799648017,0.0
0.00024781008759649614,0.016666666666666607
0.00024782008719651216,-0.016666666666666607
0.0002478300867965281,0.0
0.00024784008639654415,0.0
0.00024785008599656017,0.0
0.00024786008559657613,0.016666666666666607
0.00024787008519659216,0.0
0.0002478800847966082,0.0
0.00024789008439662414,0.0
0.00024790008399664016,0.016666666666666607
0.00024791008359665613,0.0
0.00024792008319667215,0.0
0.00024793008279668817,0.0
0.00024794008239670414,0.016666666666666607
0.00024795008199672016,0.0
0.0002479600815967361,0.0
0.00024797008119675215,0.016666666666666607
0.00024798008079676817,0.0
0.00024799008039678414,0.0
0.00024800007999680016,0.0
0.0002480100795968161,0.0
0.00024802007919683214,0.0
0.00024803007879684816,0.0
0.00024804007839686413,0.0
0.00024805007799688015,0.0
0.0002480600775968961,0.0
0.00024807007719691214,0.0
0.00024808007679692816,0.0
0.00024809007639694413,0.0
0.00024810007599696015,0.0
0.0002481100755969761,0.0
0.00024812007519699214,0.016666666666666607
0.00024813007479700816,0.0
0.0002481400743970241,0.0
0.00024815007399704014,0.0
0.0002481600735970561,0.016666666666666607
0.00024817007319707213,0.016666666666666607
0.00024818007279708815,0.0
0.0002481900723971041,0.0
0.00024820007199712014,0.0
0.0002482100715971361,0.016666666666666607
0.00024822007119715213,0.0
0.00024823007079716815,0.016666666666666607
0.0002482400703971841,0.0
0.00024825006999720014,0.0
0.0002482600695972161,0.0
0.0002482700691972321,0.0
0.00024828006879724815,0.0
0.0002482900683972641,0.0
0.00024830006799728013,0.0
0.0002483100675972961,0.0
0.0002483200671973121,0.0
0.00024833006679732814,0.0
0.0002483400663973441,0.0
0.00024835006599736013,0.0
0.0002483600655973761,0.0
0.0002483700651973921,0.0
0.00024838006479740814,0.016666666666666607
0.0002483900643974241,0.0
0.0002484000639974401,0.0
0.0002484100635974561,0.0
0.0002484200631974721,0.0
0.00024843006279748813,0.016666666666666607
0.0002484400623975041,0.0
0.0002484500619975201,0.0
0.0002484600615975361,0.0
0.0002484700611975521,0.0
0.00024848006079756813,0.0
0.0002484900603975841,0.0
0.0002485000599976001,0.0
0.0002485100595976161,0.0
0.0002485200591976321,0.0
0.00024853005879764813,0.0
0.0002485400583976641,0.0
0.0002485500579976801,0.0
0.0002485600575976961,0.0
0.0002485700571977121,0.0
0.0002485800567977281,0.0
0.0002485900563977441,0.0
0.0002486000559977601,0.0
0.0002486100555977761,0.0
0.0002486200551977921,0.0
0.0002486300547978081,0.0
0.0002486400543978241,0.0
0.0002486500539978401,0.0
0.0002486600535978561,0.0
0.0002486700531978721,0.0
0.0002486800527978881,0.0
0.0002486900523979041,0.0
0.0002487000519979201,0.0
0.00024871005159793607,0.0
0.0002487200511979521,0.0
0.0002487300507979681,0.016666666666666607
0.0002487400503979841,0.0
0.0002487500499980001,0.0
0.00024876004959801607,0.016666666666666607
0.0002487700491980321,0.016666666666666607
0.0002487800487980481,0.0
0.0002487900483980641,0.0
0.0002488000479980801,0.0
0.0002488100475980961,0.0
0.0002488200471981121,0.0
0.0002488300467981281,0.0
0.00024884004639814407,0.0
0.0002488500459981601,0.0
0.0002488600455981761,0.0
0.0002488700451981921,0.0
0.0002488800447982081,0.0
0.00024889004439822407,0.016666666666666607
0.0002489000439982401,0.0
0.0002489100435982561,0.0
0.0002489200431982721,0.0
0.0002489300427982881,0.0
0.00024894004239830406,0.016666666666666607
0.0002489500419983201,0.0
0.0002489600415983361,0.0
0.00024897004119835207,0.0
0.0002489800407983681,0.016666666666666607
0.00024899004039838406,0.0
0.0002490000399984001,0.0
0.0002490100395984161,0.0
0.00024902003919843207,0.0
0.0002490300387984481,0.0
0.00024904003839846406,0.0
0.0002490500379984801,-1.75
0.0002490600375984961,-2.1166666666666667
0.00024907003719851206,-2.1166666666666667
0.0002490800367985281,-2.1166666666666667
0.00024909003639854405,-2.1166666666666667
0.0002491000359985601,-2.1166666666666667
0.0002491100355985761,-2.1166666666666667
0.00024912003519859206,-2.1166666666666667
0.0002491300347986081,-2.1166666666666667
0.00024914003439862405,-2.1166666666666667
0.00024915003399864007,-2.1166666666666667
0.0002491600335986561,-2.1166666666666667
0.00024917003319867206,-2.1166666666666667
0.0002491800327986881,-2.1166666666666667
0.00024919003239870404,-2.1166666666666667
0.00024920003199872007,-2.1166666666666667
0.0002492100315987361,-2.1166666666666667
0.00024922003119875205,-2.1166666666666667
0.0002492300307987681,-2.1166666666666667
0.00024924003039878404,-2.1166666666666667
0.00024925002999880006,-2.1166666666666667
0.0002492600295988161,-2.1166666666666667
0.00024927002919883205,-2.1166666666666667
0.00024928002879884807,-2.1166666666666667
0.00024929002839886404,-2.1166666666666667
0.00024930002799888006,-2.1166666666666667
0.0002493100275988961,-2.1166666666666667
0.00024932002719891205,-2.1166666666666667
0.00024933002679892807,-2.1166666666666667
0.00024934002639894403,-2.1166666666666667
0.00024935002599896005,-2.1166666666666667
0.0002493600255989761,-2.1166666666666667
0.00024937002519899204,-2.1166666666666667
0.00024938002479900806,-2.1166666666666667
0.00024939002439902403,-1.2000000000000002
0.00024940002399904005,-2.1166666666666667
0.00024941002359905607,-2.1166666666666667
0.00024942002319907204,-2.1166666666666667
0.00024943002279908806,-2.1166666666666667
0.000249440022399104,-1.4333333333333336
0.00024945002199912005,-2.1166666666666667
0.00024946002159913607,-2.1166666666666667
0.00024947002119915203,-1.5
0.00024948002079916806,-2.1166666666666667
0.000249490020399184,-0.75
0.00024950001999920004,-1.0833333333333335
0.00024951001959921606,-1.8333333333333335
0.00024952001919923203,-0.8833333333333333
0.00024953001879924805,-1.3833333333333333
0.000249540018399264,-1.1166666666666667
0.00024955001799928004,-0.5166666666666666
0.00024956001759929606,-1.1333333333333333
0.000249570017199312,-0.7000000000000002
0.00024958001679932805,-0.5833333333333335
0.000249590016399344,-0.8166666666666669
0.00024960001599936004,-0.2666666666666666
0.00024961001559937606,-0.4166666666666665
0.000249620015199392,-0.5
0.00024963001479940804,-0.25
0.000249640014399424,-0.6000000000000001
0.00024965001399944003,-0.5
0.00024966001359945605,-0.4166666666666665
0.000249670013199472,-0.6499999999999999
0.00024968001279948804,-0.5
0.000249690012399504,-0.6499999999999999
0.00024970001199952003,-0.7833333333333332
0.00024971001159953605,-0.6000000000000001
0.000249720011199552,-0.6333333333333333
0.00024973001079956804,-0.4833333333333334
0.00024974001039958406,-0.30000000000000027
0.0002497500099996,-0.3833333333333333
0.00024976000959961605,-0.2333333333333334
0.000249770009199632,-0.20000000000000018
0.00024978000879964803,-0.21666666666666679
0.00024979000839966405,-0.033333333333333215
0.00024980000799968,-0.033333333333333215
0.00024981000759969604,-0.050000000000000266
0.000249820007199712,-0.033333333333333215
0.00024983000679972803,-0.16666666666666652
0.00024984000639974405,-0.18333333333333357
0.00024985000599976,-0.18333333333333357
0.00024986000559977604,-0.21666666666666679
0.000249870005199792,-0.16666666666666652
0.000249880004799808,-0.21666666666666679
0.00024989000439982405,-0.2666666666666666
0.00024990000399984,-0.21666666666666679
0.00024991000359985603,-0.21666666666666679
0.000249920003199872,-0.1499999999999999
0.000249930002799888,-0.1166666666666667
0.00024994000239990404,-0.1333333333333333
0.00024995000199992,-0.10000000000000009
0.00024996000159993603,-0.08333333333333348
0.000249970001199952,-0.050000000000000266
0.000249980000799968,0.0
0.00024999000039998404,0.016666666666666607
0.00025,0.0
0.000250009999600016,-0.016666666666666607
0.000250019999200032,-0.033333333333333215
0.000250029998800048,-0.033333333333333215
0.00025003999840006403,-0.050000000000000266
0.00025004999800008,-0.06666666666666687
0.000250059997600096,-0.06666666666666687
0.000250069997200112,-0.08333333333333348
0.000250079996800128,-0.10000000000000009
0.00025008999640014403,-0.1166666666666667
0.00025009999600016,-0.1333333333333333
0.000250109995600176,-0.1499999999999999
0.000250119995200192,-0.16666666666666652
0.000250129994800208,-0.16666666666666652
0.00025013999440022403,-0.16666666666666652
0.00025014999400024,-0.1499999999999999
0.000250159993600256,-0.1166666666666667
0.000250169993200272,-0.08333333333333348
0.000250179992800288,-0.033333333333333215
0.000250189992400304,0.0
0.00025019999200032,0.06666666666666643
0.000250209991600336,0.10000000000000009
0.000250219991200352,0.1333333333333333
0.000250229990800368,0.1499999999999999
0.000250239990400384,0.16666666666666652
0.0002502499900004,0.1499999999999999
0.000250259989600416,0.1333333333333333
0.000250269989200432,0.1166666666666667
0.000250279988800448,0.10000000000000009
0.000250289988400464,0.06666666666666643
0.00025029998800048,0.033333333333333215
0.000250309987600496,0.0
0.00025031998720051197,-0.016666666666666607
0.000250329986800528,-0.050000000000000266
0.000250339986400544,-0.050000000000000266
0.00025034998600056,-0.050000000000000266
0.000250359985600576,-0.050000000000000266
0.00025036998520059197,-0.033333333333333215
0.000250379984800608,-0.033333333333333215
0.000250389984400624,-0.016666666666666607
0.00025039998400064,0.0
0.000250409983600656,0.0
0.00025041998320067196,0.0
0.000250429982800688,0.0
0.000250439982400704,0.016666666666666607
0.00025044998200071997,0.016666666666666607
0.000250459981600736,0.033333333333333215
0.00025046998120075196,0.033333333333333215
0.000250479980800768,0.033333333333333215
0.000250489980400784,0.033333333333333215
0.00025049998000079997,0.04999999999999982
0.000250509979600816,0.04999999999999982
0.00025051997920083196,0.033333333333333215
0.000250529978800848,0.033333333333333215
0.000250539978400864,0.033333333333333215
0.00025054997800087996,0.033333333333333215
0.000250559977600896,0.033333333333333215
0.00025056997720091195,0.033333333333333215
0.00025057997680092797,0.033333333333333215
0.000250589976400944,0.033333333333333215
0.00025059997600095996,0.016666666666666607
0.000250609975600976,0.033333333333333215
0.00025061997520099195,0.016666666666666607
0.00025062997480100797,0.016666666666666607
0.000250639974401024,0.016666666666666607
0.00025064997400103996,0.016666666666666607
0.000250659973601056,0.016666666666666607
0.000250669973201072,0.0
0.00025067997280108796,0.0
0.000250689972401104,0.0
0.00025069997200111995,0.0
0.000250709971601136,0.0
0.000250719971201152,0.0
0.00025072997080116796,0.0
0.000250739970401184,0.0
0.00025074997000119995,0.016666666666666607
0.00025075996960121597,0.016666666666666607
0.000250769969201232,0.016666666666666607
0.00025077996880124796,0.033333333333333215
0.000250789968401264,0.016666666666666607
0.00025079996800127994,0.033333333333333215
0.00025080996760129597,0.033333333333333215
0.000250819967201312,0.033333333333333215
0.00025082996680132795,0.033333333333333215
0.000250839966401344,0.016666666666666607
0.00025084996600135994,0.033333333333333215
0.00025085996560137596,0.033333333333333215
0.000250869965201392,0.016666666666666607
0.00025087996480140795,0.016666666666666607
0.00025088996440142397,0.033333333333333215
0.00025089996400143994,0.016666666666666607
0.00025090996360145596,0.033333333333333215
0.000250919963201472,0.033333333333333215
0.00025092996280148795,0.033333333333333215
0.00025093996240150397,0.016666666666666607
0.00025094996200151993,0.016666666666666607
0.00025095996160153595,0.0
0.000250969961201552,0.0
0.00025097996080156794,-0.016666666666666607
0.00025098996040158396,-0.016666666666666607
0.00025099996000159993,0.0
0.00025100995960161595,0.0
0.00025101995920163197,0.016666666666666607
0.00025102995880164794,0.0
0.00025103995840166396,0.0
0.0002510499580016799,0.0
0.00025105995760169595,0.0
0.00025106995720171197,0.033333333333333215
0.00025107995680172793,0.033333333333333215
0.00025108995640174396,0.04999999999999982
0.0002510999560017599,0.033333333333333215
0.00025110995560177594,0.033333333333333215
0.00025111995520179196,0.033333333333333215
0.00025112995480180793,0.033333333333333215
0.00025113995440182395,0.04999999999999982
0.0002511499540018399,0.04999999999999982
0.00025115995360185594,0.06666666666666643
0.00025116995320187196,0.04999999999999982
0.0002511799528018879,0.033333333333333215
0.00025118995240190395,0.033333333333333215
0.0002511999520019199,0.033333333333333215
0.00025120995160193594,0.033333333333333215
0.00025121995120195196,0.033333333333333215
0.0002512299508019679,0.033333333333333215
0.00025123995040198394,0.033333333333333215
0.0002512499500019999,0.016666666666666607
0.00025125994960201593,0.016666666666666607
0.00025126994920203195,0.016666666666666607
0.0002512799488020479,0.0
0.00025128994840206394,0.016666666666666607
0.0002512999480020799,0.0
0.00025130994760209593,0.0
0.00025131994720211195,0.0
0.0002513299468021279,0.0
0.00025133994640214394,0.0
0.0002513499460021599,0.016666666666666607
0.0002513599456021759,0.016666666666666607
0.00025136994520219195,0.016666666666666607
0.0002513799448022079,0.016666666666666607
0.00025138994440222393,0.016666666666666607
0.0002513999440022399,0.016666666666666607
0.0002514099436022559,0.033333333333333215
0.00025141994320227194,0.033333333333333215
0.0002514299428022879,0.016666666666666607
0.00025143994240230393,0.016666666666666607
0.0002514499420023199,0.033333333333333215
0.0002514599416023359,0.033333333333333215
0.00025146994120235194,0.016666666666666607
0.0002514799408023679,0.016666666666666607
0.0002514899404023839,0.016666666666666607
0.0002514999400023999,0.0
0.0002515099396024159,0.0
0.00025151993920243193,0.016666666666666607
0.0002515299388024479,0.016666666666666607
0.0002515399384024639,0.0
0.0002515499380024799,0.0
0.0002515599376024959,0.0
0.00025156993720251193,0.0
0.0002515799368025279,0.0
0.0002515899364025439,0.0
0.00025159993600255994,0.0
0.0002516099356025759,0.0
0.0002516199352025919,0.0
0.0002516299348026079,0.016666666666666607
0.0002516399344026239,0.016666666666666607
0.00025164993400263993,0.016666666666666607
0.0002516599336026559,0.0
0.0002516699332026719,0.0
0.0002516799328026879,0.0
0.0002516899324027039,0.0
0.00025169993200271993,0.0
0.0002517099316027359,0.0
0.0002517199312027519,0.0
0.0002517299308027679,0.0
0.0002517399304027839,0.0
0.00025174993000279993,0.0
0.0002517599296028159,0.0
0.0002517699292028319,0.0
0.0002517799288028479,-0.016666666666666607
0.0002517899284028639,0.0
0.0002517999280028799,-0.016666666666666607
0.0002518099276028959,0.0
0.0002518199272029119,0.016666666666666607
0.0002518299268029279,0.0
0.0002518399264029439,0.0
0.0002518499260029599,0.0
0.0002518599256029759,0.0
0.0002518699252029919,-0.016666666666666607
0.0002518799248030079,0.0
0.0002518899244030239,0.0
0.0002518999240030399,0.0
0.0002519099236030559,0.0
0.0002519199232030719,0.0
0.00025192992280308787,0.016666666666666607
0.0002519399224031039,0.0
0.0002519499220031199,0.0
0.0002519599216031359,0.0
0.0002519699212031519,-0.016666666666666607
0.00025197992080316787,0.0
0.0002519899204031839,0.0
0.0002519999200031999,0.0
0.0002520099196032159,0.0
0.0002520199192032319,0.0
0.00025202991880324786,0.0
0.0002520399184032639,0.0
0.0002520499180032799,0.0
0.00025205991760329587,0.0
0.0002520699172033119,0.016666666666666607
0.00025207991680332786,0.016666666666666607
0.0002520899164033439,0.016666666666666607
0.0002520999160033599,0.016666666666666607
0.00025210991560337587,0.016666666666666607
0.0002521199152033919,0.016666666666666607
0.00025212991480340786,0.016666666666666607
0.0002521399144034239,0.0
0.0002521499140034399,0.016666666666666607
0.00025215991360345586,0.016666666666666607
0.0002521699132034719,0.016666666666666607
0.00025217991280348785,0.016666666666666607
0.00025218991240350387,0.016666666666666607
0.0002521999120035199,0.016666666666666607
0.00025220991160353586,0.016666666666666607
0.0002522199112035519,0.0
0.00025222991080356785,0.0
0.00025223991040358387,0.0
0.0002522499100035999,0.0
0.00025225990960361586,0.0
0.0002522699092036319,0.016666666666666607
0.00025227990880364784,0.0
0.00025228990840366386,0.0
0.0002522999080036799,0.0
0.00025230990760369585,0.0
0.0002523199072037119,0.0
0.00025232990680372784,0.0
0.00025233990640374386,0.0
0.0002523499060037599,0.0
0.00025235990560377585,0.0
0.00025236990520379187,0.016666666666666607
0.00025237990480380784,0.016666666666666607
0.00025238990440382386,0.0
0.0002523999040038399,0.016666666666666607
0.00025240990360385584,0.0
0.00025241990320387187,0.016666666666666607
0.00025242990280388783,0.0
0.00025243990240390385,0.016666666666666607
0.0002524499020039199,0.016666666666666607
0.00025245990160393584,0.0
0.00025246990120395186,0.016666666666666607
0.00025247990080396783,0.016666666666666607
0.00025248990040398385,0.0
0.00025249990000399987,0.0
0.00025250989960401584,0.0
0.00025251989920403186,0.0
0.0002525298988040479,0.016666666666666607
0.00025253989840406385,0.016666666666666607
0.00025254989800407987,0.016666666666666607
0.00025255989760409583,0.016666666666666607
0.00025256989720411185,0.016666666666666607
0.0002525798968041279,0.0
0.00025258989640414384,0.0
0.00025259989600415986,0.0
0.00025260989560417583,0.016666666666666607
0.00025261989520419185,0.0
0.00025262989480420787,0.016666666666666607
0.00025263989440422384,0.016666666666666607
0.00025264989400423986,0.016666666666666607
0.0002526598936042558,0.016666666666666607
0.00025266989320427185,0.016666666666666607
0.00025267989280428787,0.0
0.00025268989240430383,0.016666666666666607
0.00025269989200431986,0.016666666666666607
0.0002527098916043358,0.016666666666666607
0.00025271989120435184,0.033333333333333215
0.00025272989080436786,0.033333333333333215
0.00025273989040438383,0.016666666666666607
0.00025274989000439985,0.016666666666666607
0.0002527598896044158,0.016666666666666607
0.00025276988920443184,0.016666666666666607
0.00025277988880444786,0.016666666666666607
0.0002527898884044638,0.016666666666666607
0.00025279988800447985,0.016666666666666607
0.0002528098876044958,0.016666666666666607
0.00025281988720451184,0.033333333333333215
0.00025282988680452786,0.016666666666666607
0.0002528398864045438,0.033333333333333215
0.00025284988600455984,0.033333333333333215
0.0002528598856045758,0.016666666666666607
0.00025286988520459183,0.016666666666666607
0.00025287988480460785,0.016666666666666607
0.0002528898844046238,0.016666666666666607
0.00025289988400463984,0.016666666666666607
0.0002529098836046558,0.016666666666666607
0.00025291988320467183,0.033333333333333215
0.00025292988280468785,0.016666666666666607
0.0002529398824047038,0.016666666666666607
0.00025294988200471984,0.016666666666666607
0.0002529598816047358,0.0
0.0002529698812047518,0.016666666666666607
0.00025297988080476785,0.016666666666666607
0.0002529898804047838,0.016666666666666607
0.00025299988000479983,0.016666666666666607
0.0002530098796048158,0.016666666666666607
0.0002530198792048318,0.016666666666666607
0.00025302987880484784,0.016666666666666607
0.0002530398784048638,0.016666666666666607
0.00025304987800487983,0.016666666666666607
0.0002530598776048958,0.016666666666666607
0.0002530698772049118,0.033333333333333215
0.00025307987680492784,0.016666666666666607
0.0002530898764049438,0.033333333333333215
0.0002530998760049598,0.033333333333333215
0.0002531098756049758,0.016666666666666607
0.0002531198752049918,0.016666666666666607
0.00025312987480500783,0.016666666666666607
0.0002531398744050238,0.016666666666666607
0.0002531498740050398,0.016666666666666607
0.0002531598736050558,0.033333333333333215
0.0002531698732050718,0.033333333333333215
0.00025317987280508783,0.016666666666666607
0.0002531898724051038,0.016666666666666607
0.0002531998720051198,0.016666666666666607
0.0002532098716051358,0.016666666666666607
0.0002532198712051518,0.016666666666666607
0.0002532298708051678,0.016666666666666607
0.0002532398704051838,0.016666666666666607
0.0002532498700051998,0.033333333333333215
0.0002532598696052158,0.016666666666666607
0.0002532698692052318,0.033333333333333215
0.0002532798688052478,0.016666666666666607
0.0002532898684052638,0.033333333333333215
0.0002532998680052798,0.016666666666666607
0.0002533098676052958,0.016666666666666607
0.0002533198672053118,0.016666666666666607
0.0002533298668053278,0.016666666666666607
0.0002533398664053438,0.016666666666666607
0.0002533498660053598,0.016666666666666607
0.0002533598656053758,0.033333333333333215
0.0002533698652053918,0.016666666666666607
0.0002533798648054078,0.016666666666666607
0.0002533898644054238,0.016666666666666607
0.0002533998640054398,0.016666666666666607
0.00025340986360545577,0.016666666666666607
0.0002534198632054718,0.016666666666666607
0.0002534298628054878,0.016666666666666607
0.0002534398624055038,0.033333333333333215
0.0002534498620055198,0.033333333333333215
0.0002534598616055358,0.033333333333333215
0.0002534698612055518,0.016666666666666607
0.0002534798608055678,0.016666666666666607
0.0002534898604055838,0.016666666666666607
0.0002534998600055998,0.016666666666666607
0.0002535098596056158,0.016666666666666607
0.0002535198592056318,0.016666666666666607
0.0002535298588056478,0.016666666666666607
0.00025353985840566377,0.033333333333333215
0.0002535498580056798,0.033333333333333215
0.0002535598576056958,0.016666666666666607
0.0002535698572057118,0.016666666666666607
0.0002535798568057278,0.016666666666666607
0.00025358985640574377,0.016666666666666607
0.0002535998560057598,0.016666666666666607
0.0002536098556057758,0.016666666666666607
0.0002536198552057918,0.016666666666666607
0.0002536298548058078,0.016666666666666607
0.00025363985440582376,0.016666666666666607
0.0002536498540058398,0.016666666666666607
0.0002536598536058558,0.016666666666666607
0.00025366985320587177,0.016666666666666607
0.0002536798528058878,0.016666666666666607
0.00025368985240590376,0.016666666666666607
0.0002536998520059198,0.016666666666666607
0.0002537098516059358,0.016666666666666607
0.00025371985120595177,0.016666666666666607
0.0002537298508059678,0.033333333333333215
0.00025373985040598376,0.033333333333333215
0.0002537498500059998,0.016666666666666607
0.0002537598496060158,0.016666666666666607
0.00025376984920603176,0.016666666666666607
0.0002537798488060478,0.016666666666666607
0.00025378984840606375,0.016666666666666607
0.00025379984800607977,0.033333333333333215
0.0002538098476060958,0.033333333333333215
0.00025381984720611176,0.033333333333333215
0.0002538298468061278,0.016666666666666607
0.00025383984640614375,0.016666666666666607
0.00025384984600615977,0.033333333333333215
0.0002538598456061758,0.016666666666666607
0.00025386984520619176,0.016666666666666607
0.0002538798448062078,0.016666666666666607
0.00025388984440622374,0.033333333333333215
0.00025389984400623976,0.033333333333333215
0.0002539098436062558,0.033333333333333215
0.00025391984320627175,0.033333333333333215
0.0002539298428062878,0.016666666666666607
0.00025393984240630374,0.016666666666666607
0.00025394984200631976,0.016666666666666607
0.0002539598416063358,0.016666666666666607
0.00025396984120635175,0.016666666666666607
0.00025397984080636777,0.016666666666666607
0.00025398984040638374,0.033333333333333215
0.00025399984000639976,0.033333333333333215
0.0002540098396064158,0.016666666666666607
0.00025401983920643174,0.016666666666666607
0.00025402983880644777,0.016666666666666607
0.00025403983840646373,0.033333333333333215
0.00025404983800647975,0.016666666666666607
0.0002540598376064958,0.016666666666666607
0.00025406983720651174,0.016666666666666607
0.00025407983680652776,0.016666666666666607
0.00025408983640654373,0.016666666666666607
0.00025409983600655975,0.033333333333333215
0.00025410983560657577,0.033333333333333215
0.00025411983520659174,0.016666666666666607
0.00025412983480660776,0.016666666666666607
0.0002541398344066237,0.016666666666666607
0.00025414983400663975,0.016666666666666607
0.00025415983360665577,0.016666666666666607
0.00025416983320667173,0.016666666666666607
0.00025417983280668775,0.033333333333333215
0.0002541898324067037,0.033333333333333215
0.00025419983200671974,0.016666666666666607
0.00025420983160673576,0.016666666666666607
0.00025421983120675173,0.016666666666666607
0.00025422983080676775,0.0
0.0002542398304067837,0.033333333333333215
0.00025424983000679974,0.033333333333333215
0.00025425982960681576,0.016666666666666607
0.0002542698292068317,0.033333333333333215
0.00025427982880684775,0.016666666666666607
0.0002542898284068637,0.016666666666666607
0.00025429982800687973,0.016666666666666607
0.00025430982760689576,0.016666666666666607
0.0002543198272069117,0.016666666666666607
0.00025432982680692774,0.016666666666666607
0.0002543398264069437,0.033333333333333215
0.00025434982600695973,0.033333333333333215
0.00025435982560697575,0.016666666666666607
0.0002543698252069917,0.033333333333333215
0.00025437982480700774,0.016666666666666607
0.00025438982440702376,0.016666666666666607
0.0002543998240070397,0.016666666666666607
0.00025440982360705575,0.016666666666666607
0.0002544198232070717,0.016666666666666607
0.00025442982280708774,0.033333333333333215
0.00025443982240710376,0.016666666666666607
0.0002544498220071197,0.016666666666666607
0.00025445982160713574,0.016666666666666607
0.0002544698212071517,0.016666666666666607
0.00025447982080716773,0.016666666666666607
0.00025448982040718375,0.016666666666666607
0.0002544998200071997,0.016666666666666607
0.00025450981960721574,0.016666666666666607
0.0002545198192072317,0.016666666666666607
0.00025452981880724773,0.016666666666666607
0.00025453981840726375,0.016666666666666607
0.0002545498180072797,0.016666666666666607
0.00025455981760729574,0.016666666666666607
0.0002545698172073117,0.016666666666666607
0.0002545798168073277,0.033333333333333215
0.00025458981640734375,0.016666666666666607
0.0002545998160073597,0.016666666666666607
0.00025460981560737573,0.033333333333333215
0.0002546198152073917,0.016666666666666607
0.0002546298148074077,0.033333333333333215
0.00025463981440742374,0.016666666666666607
0.0002546498140074397,0.016666666666666607
0.00025465981360745573,0.016666666666666607
0.0002546698132074717,0.016666666666666607
0.0002546798128074877,0.016666666666666607
0.00025468981240750374,0.016666666666666607
0.0002546998120075197,0.016666666666666607
0.0002547098116075357,0.016666666666666607
0.0002547198112075517,0.016666666666666607
0.0002547298108075677,0.016666666666666607
0.00025473981040758373,0.016666666666666607
0.0002547498100075997,0.0
0.0002547598096076157,0.016666666666666607
0.0002547698092076317,0.016666666666666607
0.0002547798088076477,0.016666666666666607
0.00025478980840766373,0.016666666666666607
0.0002547998080076797,0.016666666666666607
0.0002548098076076957,0.016666666666666607
0.0002548198072077117,0.016666666666666607
0.0002548298068077277,0.016666666666666607
0.0002548398064077437,0.016666666666666607
0.0002548498060077597,0.016666666666666607
0.0002548598056077757,0.016666666666666607
0.0002548698052077917,0.016666666666666607
0.0002548798048078077,0.016666666666666607
0.0002548898044078237,0.016666666666666607
0.0002548998040078397,0.016666666666666607
0.0002549098036078557,0.016666666666666607
0.0002549198032078717,0.016666666666666607
0.0002549298028078877,0.016666666666666607
0.0002549398024079037,0.016666666666666607
0.0002549498020079197,0.016666666666666607
0.0002549598016079357,0.016666666666666607
0.0002549698012079517,0.016666666666666607
0.0002549798008079677,0.0
0.0002549898004079837,0.016666666666666607
0.0002549998000079997,0.016666666666666607
0.0002550097996080157,0.016666666666666607
0.00025501979920803167,0.016666666666666607
0.0002550297988080477,0.016666666666666607
0.0002550397984080637,0.0
0.0002550497980080797,0.016666666666666607
0.0002550597976080957,0.016666666666666607
0.00025506979720811167,0.016666666666666607
0.0002550797968081277,0.016666666666666607
0.0002550897964081437,0.016666666666666607
0.0002550997960081597,0.016666666666666607
0.0002551097956081757,0.016666666666666607
0.00025511979520819166,0.016666666666666607
0.0002551297948082077,0.016666666666666607
0.0002551397944082237,0.0
0.00025514979400823967,0.016666666666666607
0.0002551597936082557,0.016666666666666607
0.00025516979320827166,0.016666666666666607
0.0002551797928082877,0.0
0.0002551897924083037,0.016666666666666607
0.00025519979200831967,0.016666666666666607
0.0002552097916083357,0.016666666666666607
0.00025521979120835165,0.0
0.0002552297908083677,0.016666666666666607
0.0002552397904083837,0.016666666666666607
0.00025524979000839966,0.016666666666666607
0.0002552597896084157,0.016666666666666607
0.00025526978920843165,0.016666666666666607
0.00025527978880844767,0.016666666666666607
0.0002552897884084637,0.033333333333333215
0.00025529978800847966,0.016666666666666607
0.0002553097876084957,0.016666666666666607
0.0002553197872085117,0.016666666666666607
0.00025532978680852767,0.016666666666666607
0.0002553397864085437,0.016666666666666607
0.00025534978600855966,0.016666666666666607
0.0002553597856085757,0.016666666666666607
0.0002553697852085917,0.016666666666666607
0.00025537978480860766,0.016666666666666607
0.0002553897844086237,0.016666666666666607
0.00025539978400863965,0.0
0.00025540978360865567,0.016666666666666607
0.0002554197832086717,0.016666666666666607
0.00025542978280868766,0.016666666666666607
0.0002554397824087037,0.033333333333333215
0.00025544978200871965,0.016666666666666607
0.00025545978160873567,0.016666666666666607
0.0002554697812087517,0.016666666666666607
0.00025547978080876766,0.016666666666666607
0.0002554897804087837,0.016666666666666607
0.00025549978000879964,0.0
0.00025550977960881566,0.016666666666666607
0.0002555197792088317,0.016666666666666607
0.00025552977880884765,0.016666666666666607
0.0002555397784088637,0.016666666666666607
0.00025554977800887964,0.016666666666666607
0.00025555977760889566,0.016666666666666607
0.0002555697772089117,0.016666666666666607
0.00025557977680892765,0.016666666666666607
0.00025558977640894367,0.016666666666666607
0.00025559977600895964,0.016666666666666607
0.00025560977560897566,0.016666666666666607
0.0002556197752089917,0.016666666666666607
0.00025562977480900764,0.016666666666666607
0.00025563977440902367,0.016666666666666607
0.00025564977400903963,0.0
0.00025565977360905565,0.0
0.0002556697732090717,0.0
0.00025567977280908764,0.016666666666666607
0.00025568977240910366,0.016666666666666607
0.00025569977200911963,0.016666666666666607
0.00025570977160913565,0.033333333333333215
0.00025571977120915167,0.033333333333333215
0.00025572977080916764,0.033333333333333215
0.00025573977040918366,0.016666666666666607
0.0002557497700091996,0.016666666666666607
0.00025575976960921565,0.016666666666666607
0.00025576976920923167,0.016666666666666607
0.00025577976880924763,0.0
0.00025578976840926365,-0.016666666666666607
0.0002557997680092796,-0.033333333333333215
0.00025580976760929564,-0.033333333333333215
0.00025581976720931166,-0.033333333333333215
0.00025582976680932763,-0.016666666666666607
0.00025583976640934365,0.0
0.0002558497660093596,0.016666666666666607
0.00025585976560937564,0.016666666666666607
0.00025586976520939166,0.016666666666666607
0.0002558797648094076,0.033333333333333215
0.00025588976440942365,0.04999999999999982
0.0002558997640094396,0.04999999999999982
0.00025590976360945563,0.04999999999999982
0.00025591976320947166,0.033333333333333215
0.0002559297628094876,0.016666666666666607
0.00025593976240950364,0.0
0.0002559497620095196,0.0
0.00025595976160953563,0.016666666666666607
0.00025596976120955165,0.016666666666666607
0.0002559797608095676,0.016666666666666607
0.00025598976040958364,-0.016666666666666607
0.0002559997600095996,-0.033333333333333215
0.0002560097596096156,-0.016666666666666607
0.00025601975920963165,0.0
0.0002560297588096476,0.033333333333333215
0.00025603975840966364,0.04999999999999982
0.0002560497580096796,0.033333333333333215
0.0002560597576096956,0.016666666666666607
0.00025606975720971164,0.0
0.0002560797568097276,0.016666666666666607
0.00025608975640974363,0.033333333333333215
0.0002560997560097596,0.033333333333333215
0.0002561097556097756,0.016666666666666607
0.00025611975520979164,-0.016666666666666607
0.0002561297548098076,-0.033333333333333215
0.00025613975440982363,-0.016666666666666607
0.0002561497540098396,0.016666666666666607
0.0002561597536098556,0.033333333333333215
0.00025616975320987164,0.016666666666666607
0.0002561797528098876,0.0
0.0002561897524099036,0.0
0.0002561997520099196,0.016666666666666607
0.0002562097516099356,0.033333333333333215
0.00025621975120995163,0.04999999999999982
0.0002562297508099676,0.04999999999999982
0.0002562397504099836,0.016666666666666607
0.0002562497500099996,0.0
0.0002562597496100156,0.0
0.00025626974921003163,0.016666666666666607
0.0002562797488100476,0.016666666666666607
0.0002562897484100636,0.0
0.00025629974801007964,-0.016666666666666607
0.0002563097476100956,-0.033333333333333215
0.0002563197472101116,-0.016666666666666607
0.0002563297468101276,0.016666666666666607
0.0002563397464101436,0.033333333333333215
0.00025634974601015963,0.033333333333333215
0.0002563597456101756,0.016666666666666607
0.0002563697452101916,0.016666666666666607
0.0002563797448102076,0.0
0.0002563897444102236,0.016666666666666607
0.00025639974401023963,0.016666666666666607
0.0002564097436102556,0.016666666666666607
0.0002564197432102716,0.0
0.0002564297428102876,-0.016666666666666607
0.0002564397424103036,0.0
0.0002564497420103196,0.0
0.0002564597416103356,0.016666666666666607
0.0002564697412103516,0.016666666666666607
0.0002564797408103676,-0.016666666666666607
0.0002564897404103836,0.0
0.0002564997400103996,0.0
0.0002565097396104156,0.016666666666666607
0.0002565197392104316,0.033333333333333215
0.0002565297388104476,0.033333333333333215
0.0002565397384104636,0.016666666666666607
0.0002565497380104796,0.016666666666666607
0.0002565597376104956,0.033333333333333215
0.0002565697372105116,0.033333333333333215
0.0002565797368105276,0.016666666666666607
0.0002565897364105436,0.016666666666666607
0.0002565997360105596,0.0
0.0002566097356105756,0.0
0.0002566197352105916,0.0
0.00025662973481060757,0.0
0.0002566397344106236,0.0
0.0002566497340106396,-0.016666666666666607
0.0002566597336106556,-0.016666666666666607
0.0002566697332106716,-0.016666666666666607
0.00025667973281068757,0.0
0.0002566897324107036,0.016666666666666607
0.0002566997320107196,0.016666666666666607
0.0002567097316107356,0.016666666666666607
0.0002567197312107516,0.016666666666666607
0.00025672973081076756,0.016666666666666607
0.0002567397304107836,0.016666666666666607
0.0002567497300107996,0.033333333333333215
0.00025675972961081557,0.033333333333333215
0.0002567697292108316,0.016666666666666607
0.00025677972881084756,0.016666666666666607
0.0002567897284108636,0.0
0.0002567997280108796,0.0
0.00025680972761089557,0.0
0.0002568197272109116,0.0
0.00025682972681092755,0.0
0.0002568397264109436,0.0
0.0002568497260109596,-0.016666666666666607
0.00025685972561097556,0.0
0.0002568697252109916,0.0
0.00025687972481100755,0.0
0.00025688972441102357,0.016666666666666607
0.0002568997240110396,0.016666666666666607
0.00025690972361105556,0.0
0.0002569197232110716,0.016666666666666607
0.00025692972281108755,0.033333333333333215
0.00025693972241110357,0.016666666666666607
0.0002569497220111196,0.016666666666666607
0.00025695972161113556,0.016666666666666607
0.0002569697212111516,0.0
0.00025697972081116754,0.0
0.00025698972041118356,0.016666666666666607
0.0002569997200111996,0.0
0.00025700971961121555,0.0
0.00025701971921123157,0.0
0.00025702971881124754,0.0
0.00025703971841126356,0.0
0.0002570497180112796,0.016666666666666607
0.00025705971761129555,0.0
0.00025706971721131157,0.0
0.00025707971681132754,0.0
0.00025708971641134356,0.0
0.0002570997160113596,0.016666666666666607
0.00025710971561137554,0.016666666666666607
0.00025711971521139156,0.0
0.00025712971481140753,0.016666666666666607
0.00025713971441142355,0.016666666666666607
0.0002571497140114396,0.016666666666666607
0.00025715971361145554,0.016666666666666607
0.00025716971321147156,0.0
0.00025717971281148753,0.0
0.00025718971241150355,0.0
0.00025719971201151957,0.0
0.00025720971161153554,0.0
0.00025721971121155156,-0.016666666666666607
0.0002572297108115676,0.0
0.00025723971041158354,0.0
0.00025724971001159957,0.016666666666666607
0.00025725970961161553,0.0
0.00025726970921163155,0.0
0.0002572797088116476,0.0
0.00025728970841166354,0.016666666666666607
0.00025729970801167956,0.016666666666666607
0.00025730970761169553,0.016666666666666607
0.00025731970721171155,0.016666666666666607
0.00025732970681172757,0.016666666666666607
0.00025733970641174354,0.016666666666666607
0.00025734970601175956,0.016666666666666607
0.0002573597056117755,0.0
0.00025736970521179155,0.016666666666666607
0.00025737970481180757,0.0
0.00025738970441182353,0.0
0.00025739970401183955,0.0
0.0002574097036118555,0.0
0.00025741970321187154,0.0
0.00025742970281188756,0.0
0.00025743970241190353,0.0
0.00025744970201191955,0.016666666666666607
0.0002574597016119355,0.0
0.00025746970121195154,0.0
0.00025747970081196756,0.016666666666666607
0.0002574897004119835,0.016666666666666607
0.00025749970001199955,0.0
0.0002575096996120155,0.0
0.00025751969921203153,0.016666666666666607
0.00025752969881204756,0.016666666666666607
0.0002575396984120635,0.0
0.00025754969801207954,0.0
0.0002575596976120955,0.0
0.00025756969721211153,0.0
0.00025757969681212755,0.0
0.0002575896964121435,0.016666666666666607
0.00025759969601215954,0.016666666666666607
0.0002576096956121755,0.016666666666666607
0.0002576196952121915,-0.016666666666666607
0.00025762969481220755,0.0
0.0002576396944122235,0.0
0.00025764969401223954,0.0
0.0002576596936122555,0.0
0.0002576696932122715,0.016666666666666607
0.00025767969281228754,0.016666666666666607
0.0002576896924123035,0.016666666666666607
0.00025769969201231953,0.016666666666666607
0.0002577096916123355,0.016666666666666607
0.0002577196912123515,0.016666666666666607
0.00025772969081236754,0.016666666666666607
0.0002577396904123835,0.016666666666666607
0.00025774969001239953,0.0
0.0002577596896124155,0.016666666666666607
0.0002577696892124315,0.016666666666666607
0.00025777968881244754,0.016666666666666607
0.0002577896884124635,0.0
0.0002577996880124795,0.0
0.0002578096876124955,0.0
0.0002578196872125115,0.0
0.00025782968681252753,0.0
0.0002578396864125435,0.0
0.0002578496860125595,0.0
0.0002578596856125755,0.016666666666666607
0.0002578696852125915,0.016666666666666607
0.00025787968481260753,0.016666666666666607
0.0002578896844126235,0.016666666666666607
0.0002578996840126395,0.016666666666666607
0.0002579096836126555,0.0
0.0002579196832126715,0.016666666666666607
0.0002579296828126875,0.016666666666666607
0.0002579396824127035,0.016666666666666607
0.0002579496820127195,0.016666666666666607
0.0002579596816127355,0.0
0.0002579696812127515,0.0
0.0002579796808127675,0.0
0.0002579896804127835,0.0
0.0002579996800127995,0.016666666666666607
0.0002580096796128155,0.0
0.0002580196792128315,0.016666666666666607
0.0002580296788128475,0.016666666666666607
0.0002580396784128635,0.016666666666666607
0.0002580496780128795,0.016666666666666607
0.00025805967761289547,0.016666666666666607
0.0002580696772129115,0.016666666666666607
0.0002580796768129275,0.016666666666666607
0.0002580896764129435,0.033333333333333215
0.0002580996760129595,0.016666666666666607
0.00025810967561297547,0.016666666666666607
0.0002581196752129915,0.016666666666666607
0.0002581296748130075,0.016666666666666607
0.0002581396744130235,0.0
0.0002581496740130395,0.0
0.0002581596736130555,0.0
0.0002581696732130715,0.016666666666666607
0.0002581796728130875,0.016666666666666607
0.0002581896724131035,0.016666666666666607
0.0002581996720131195,0.0
0.0002582096716131355,0.0
0.0002582196712131515,0.016666666666666607
0.0002582296708131675,0.016666666666666607
0.00025823967041318347,0.0
0.0002582496700131995,0.016666666666666607
0.0002582596696132155,0.016666666666666607
0.0002582696692132315,0.016666666666666607
0.0002582796688132475,0.016666666666666607
0.00025828966841326347,0.016666666666666607
0.0002582996680132795,0.016666666666666607
0.0002583096676132955,0.033333333333333215
0.0002583196672133115,0.016666666666666607
0.0002583296668133275,0.016666666666666607
0.00025833966641334346,0.016666666666666607
0.0002583496660133595,0.016666666666666607
0.0002583596656133755,0.016666666666666607
0.00025836966521339147,0.016666666666666607
0.0002583796648134075,0.016666666666666607
0.00025838966441342346,0.0
0.0002583996640134395,0.0
0.0002584096636134555,0.016666666666666607
0.00025841966321347147,0.016666666666666607
0.0002584296628134875,0.016666666666666607
0.00025843966241350345,0.016666666666666607
0.0002584496620135195,0.016666666666666607
0.0002584596616135355,0.016666666666666607
0.00025846966121355146,0.016666666666666607
0.0002584796608135675,0.016666666666666607
0.00025848966041358345,0.016666666666666607
0.00025849966001359947,0.016666666666666607
0.0002585096596136155,0.016666666666666607
0.00025851965921363146,0.016666666666666607
0.0002585296588136475,0.0
0.00025853965841366345,0.016666666666666607
0.00025854965801367947,0.016666666666666607
0.0002585596576136955,0.0
0.00025856965721371146,0.016666666666666607
0.0002585796568137275,0.0
0.00025858965641374344,0.016666666666666607
0.00025859965601375946,0.016666666666666607
0.0002586096556137755,0.016666666666666607
0.00025861965521379145,0.016666666666666607
0.00025862965481380747,0.016666666666666607
0.00025863965441382344,0.0
0.00025864965401383946,0.0
0.0002586596536138555,0.016666666666666607
0.00025866965321387145,0.016666666666666607
0.00025867965281388747,0.0
0.00025868965241390344,0.016666666666666607
0.00025869965201391946,0.016666666666666607
0.0002587096516139355,0.016666666666666607
0.00025871965121395144,0.016666666666666607
0.00025872965081396746,0.0
0.00025873965041398343,0.0
0.00025874965001399945,0.016666666666666607
0.0002587596496140155,0.0
0.00025876964921403144,0.016666666666666607
0.00025877964881404746,0.0
0.00025878964841406343,0.0
0.00025879964801407945,0.016666666666666607
0.00025880964761409547,0.016666666666666607
0.00025881964721411144,0.016666666666666607
0.00025882964681412746,0.016666666666666607
0.0002588396464141434,0.016666666666666607
0.00025884964601415944,0.016666666666666607
0.00025885964561417547,0.016666666666666607
0.00025886964521419143,0.016666666666666607
0.00025887964481420745,0.016666666666666607
0.0002588896444142234,0.016666666666666607
0.00025889964401423944,0.016666666666666607
0.00025890964361425546,0.0
0.00025891964321427143,0.0
0.00025892964281428745,0.0
0.0002589396424143034,0.016666666666666607
0.00025894964201431944,0.0
0.00025895964161433546,0.016666666666666607
0.0002589696412143514,0.016666666666666607
0.00025897964081436745,0.0
0.0002589896404143834,0.016666666666666607
0.00025899964001439943,0.0
0.00025900963961441545,0.0
0.0002590196392144314,0.016666666666666607
0.00025902963881444744,0.0
0.0002590396384144634,0.0
0.00025904963801447943,0.016666666666666607
0.00025905963761449545,0.0
0.0002590696372145114,0.0
0.00025907963681452744,0.0
0.00025908963641454346,0.016666666666666607
0.0002590996360145594,0.016666666666666607
0.00025910963561457545,0.016666666666666607
0.0002591196352145914,0.016666666666666607
0.00025912963481460743,0.016666666666666607
0.00025913963441462346,0.0
0.0002591496340146394,0.0
0.00025915963361465544,0.0
0.0002591696332146714,0.0
0.00025917963281468743,0.0
0.00025918963241470345,0.0
0.0002591996320147194,0.0
0.00025920963161473544,0.0
0.0002592196312147514,0.016666666666666607
0.0002592296308147674,0.016666666666666607
0.00025923963041478345,0.016666666666666607
0.0002592496300147994,0.016666666666666607
0.00025925962961481544,0.0
0.0002592696292148314,0.016666666666666607
0.0002592796288148474,0.016666666666666607
0.00025928962841486344,0.0
0.0002592996280148794,0.016666666666666607
0.00025930962761489543,0.016666666666666607
0.0002593196272149114,0.0
0.0002593296268149274,0.0
0.00025933962641494344,0.0
0.0002593496260149594,0.016666666666666607
0.00025935962561497543,0.0
0.0002593696252149914,0.0
0.0002593796248150074,0.0
0.00025938962441502344,0.0
0.0002593996240150394,0.0
0.0002594096236150554,0.0
0.0002594196232150714,0.0
0.0002594296228150874,0.0
0.00025943962241510343,0.0
0.0002594496220151194,0.0
0.0002594596216151354,0.0
0.0002594696212151514,0.016666666666666607
0.0002594796208151674,0.0
0.00025948962041518343,0.016666666666666607
0.0002594996200151994,0.0
0.0002595096196152154,0.016666666666666607
0.0002595196192152314,0.0
0.0002595296188152474,0.0
0.0002595396184152634,0.0
0.0002595496180152794,0.0
0.0002595596176152954,0.0
0.0002595696172153114,0.0
0.0002595796168153274,0.016666666666666607
0.0002595896164153434,0.0
0.0002595996160153594,0.0
0.0002596096156153754,0.0
0.0002596196152153914,0.0
0.0002596296148154074,0.0
0.0002596396144154234,0.0
0.0002596496140154394,0.0
0.0002596596136154554,0.016666666666666607
0.00025966961321547137,0.016666666666666607
0.0002596796128154874,0.0
0.0002596896124155034,0.0
0.0002596996120155194,0.0
0.0002597096116155354,0.0
0.00025971961121555137,0.0
0.0002597296108155674,0.0
0.0002597396104155834,0.0
0.0002597496100155994,0.0
0.0002597596096156154,0.0
0.00025976960921563136,0.0
0.0002597796088156474,0.0
0.0002597896084156634,0.016666666666666607
0.0002597996080156794,0.0
0.0002598096076156954,0.0
0.00025981960721571136,0.0
0.0002598296068157274,0.0
0.0002598396064157434,0.016666666666666607
0.00025984960601575937,0.0
0.0002598596056157754,0.0
0.00025986960521579136,0.0
0.0002598796048158074,0.0
0.0002598896044158234,0.0
0.00025989960401583937,0.016666666666666607
0.0002599096036158554,0.0
0.00025991960321587135,0.0
0.0002599296028158874,0.016666666666666607
0.0002599396024159034,0.0
0.00025994960201591936,0.016666666666666607
0.0002599596016159354,0.0
0.00025996960121595135,0.0
0.00025997960081596737,-0.016666666666666607
0.0002599896004159834,0.0
0.00025999960001599936,0.0
0.0002600095996160154,0.0
0.0002600195992160314,0.016666666666666607
0.00026002959881604737,0.0
0.0002600395984160634,0.0
0.00026004959801607935,0.0
0.0002600595976160954,0.0
0.0002600695972161114,0.0
0.00026007959681612736,0.0
0.0002600895964161434,0.0
0.00026009959601615935,0.0
0.00026010959561617537,0.0
0.0002601195952161914,0.0
0.00026012959481620736,0.0
0.0002601395944162234,0.016666666666666607
0.00026014959401623935,0.016666666666666607
0.00026015959361625537,0.0
0.0002601695932162714,0.0
0.00026017959281628736,0.016666666666666607
0.0002601895924163034,0.0
0.00026019959201631934,0.0
0.00026020959161633536,0.0
0.0002602195912163514,0.0
0.00026022959081636735,0.016666666666666607
0.00026023959041638337,0.0
0.00026024959001639934,0.016666666666666607
0.00026025958961641536,0.0
0.0002602695892164314,0.0
0.00026027958881644735,0.0
0.00026028958841646337,0.0
0.00026029958801647934,0.0
0.00026030958761649536,0.0
0.0002603195872165114,0.0
0.00026032958681652734,0.016666666666666607
0.00026033958641654336,0.0
0.00026034958601655933,0.016666666666666607
0.00026035958561657535,0.0
0.0002603695852165914,0.0
0.00026037958481660734,0.0
0.00026038958441662336,0.016666666666666607
0.00026039958401663933,0.0
0.00026040958361665535,0.016666666666666607
0.00026041958321667137,0.0
0.00026042958281668734,0.0
0.00026043958241670336,0.0
0.0002604495820167193,0.016666666666666607
0.00026045958161673534,0.016666666666666607
0.00026046958121675137,0.0
0.00026047958081676733,0.016666666666666607
0.00026048958041678335,0.016666666666666607
0.0002604995800167993,0.0
0.00026050957961681534,0.016666666666666607
0.00026051957921683136,0.0
0.00026052957881684733,0.016666666666666607
0.00026053957841686335,0.016666666666666607
0.0002605495780168793,0.0
0.00026055957761689534,0.0
0.00026056957721691136,0.0
0.0002605795768169273,0.016666666666666607
0.00026058957641694335,0.0
0.0002605995760169593,0.0
0.00026060957561697533,0.016666666666666607
0.00026061957521699135,0.0
0.0002606295748170073,0.0
0.00026063957441702334,0.0
0.0002606495740170393,0.0
0.00026065957361705533,0.0
0.00026066957321707135,0.016666666666666607
0.0002606795728170873,0.016666666666666607
0.00026068957241710334,0.016666666666666607
0.0002606995720171193,0.0
0.0002607095716171353,0.016666666666666607
0.00026071957121715135,0.016666666666666607
0.0002607295708171673,0.0
0.00026073957041718333,0.016666666666666607
0.0002607495700171993,0.016666666666666607
0.0002607595696172153,0.0
0.00026076956921723134,0.0
0.0002607795688172473,0.016666666666666607
0.00026078956841726333,0.016666666666666607
0.0002607995680172793,0.0
0.0002608095676172953,0.0
0.00026081956721731134,0.0
0.0002608295668173273,0.0
0.00026083956641734333,0.0
0.0002608495660173593,0.0
0.0002608595656173753,0.016666666666666607
0.00026086956521739134,0.0
0.0002608795648174073,0.0
0.0002608895644174233,0.0
0.0002608995640174393,0.016666666666666607
0.0002609095636174553,0.0
0.00026091956321747133,0.016666666666666607
0.0002609295628174873,0.016666666666666607
0.0002609395624175033,0.0
0.00026094956201751934,0.0
0.0002609595616175353,0.016666666666666607
0.00026096956121755133,0.016666666666666607
0.0002609795608175673,0.016666666666666607
0.0002609895604175833,0.016666666666666607
0.00026099956001759934,0.016666666666666607
0.0002610095596176153,0.0
0.0002610195592176313,0.0
0.0002610295588176473,0.016666666666666607
0.0002610395584176633,0.0
0.00026104955801767933,0.0
0.0002610595576176953,0.0
0.0002610695572177113,0.0
0.0002610795568177273,0.0
0.0002610895564177433,0.0
0.00026109955601775933,0.0
0.0002611095556177753,0.0
0.0002611195552177913,0.0
0.0002611295548178073,0.016666666666666607
0.0002611395544178233,0.0
0.0002611495540178393,0.016666666666666607
0.0002611595536178553,0.0
0.0002611695532178713,0.0
0.0002611795528178873,0.016666666666666607
0.0002611895524179033,0.016666666666666607
0.0002611995520179193,0.016666666666666607
0.0002612095516179353,0.016666666666666607
0.0002612195512179513,0.0
0.0002612295508179673,0.016666666666666607
0.0002612395504179833,0.016666666666666607
0.0002612495500179993,0.016666666666666607
0.0002612595496180153,0.0
0.0002612695492180313,0.0
0.00026127954881804727,0.0
0.0002612895484180633,0.016666666666666607
0.0002612995480180793,0.016666666666666607
0.0002613095476180953,0.0
0.0002613195472181113,0.016666666666666607
0.00026132954681812727,0.0
0.0002613395464181433,0.0
0.0002613495460181593,0.0
0.0002613595456181753,0.0
0.0002613695452181913,0.0
0.00026137954481820726,0.016666666666666607
0.0002613895444182233,0.0
0.0002613995440182393,0.0
0.0002614095436182553,0.016666666666666607
0.0002614195432182713,0.016666666666666607
0.00026142954281828726,0.016666666666666607
0.0002614395424183033,0.0
0.0002614495420183193,0.0
0.00026145954161833527,0.0
0.0002614695412183513,0.0
0.00026147954081836726,0.016666666666666607
0.0002614895404183833,0.0
0.0002614995400183993,0.0
0.00026150953961841527,0.0
0.0002615195392184313,0.0
0.00026152953881844725,0.0
0.0002615395384184633,0.0
0.0002615495380184793,0.0
0.00026155953761849526,0.016666666666666607
0.0002615695372185113,0.016666666666666607
0.00026157953681852725,0.0
0.00026158953641854327,0.0
0.0002615995360185593,0.0
0.00026160953561857526,0.0
0.0002616195352185913,0.0
0.00026162953481860725,0.016666666666666607
0.00026163953441862327,0.0
0.0002616495340186393,0.0
0.00026165953361865525,0.0
0.0002616695332186713,0.016666666666666607
0.00026167953281868724,0.016666666666666607
0.00026168953241870326,0.016666666666666607
0.0002616995320187193,0.016666666666666607
0.00026170953161873525,0.0
0.00026171953121875127,0.0
0.00026172953081876724,0.0
0.00026173953041878326,0.0
0.0002617495300187993,0.0
0.00026175952961881525,0.0
0.00026176952921883127,0.0
0.00026177952881884723,0.0
0.00026178952841886326,0.0
0.0002617995280188793,0.016666666666666607
0.00026180952761889524,0.016666666666666607
0.00026181952721891126,0.0
0.00026182952681892723,0.0
0.00026183952641894325,0.016666666666666607
0.00026184952601895927,0.016666666666666607
0.00026185952561897524,0.016666666666666607
0.00026186952521899126,0.0
0.0002618795248190073,0.0
0.00026188952441902325,0.0
0.00026189952401903927,0.016666666666666607
0.00026190952361905524,0.0
0.00026191952321907126,0.016666666666666607
0.0002619295228190873,0.016666666666666607
0.00026193952241910324,0.0
0.00026194952201911926,0.016666666666666607
0.00026195952161913523,0.0
0.00026196952121915125,0.0
0.0002619795208191673,0.0
0.00026198952041918324,0.0
0.00026199952001919926,0.0
0.00026200951961921523,0.016666666666666607
0.00026201951921923125,0.0
0.00026202951881924727,0.0
0.00026203951841926324,0.0
0.00026204951801927926,0.0
0.0002620595176192952,0.0
0.00026206951721931125,0.0
0.00026207951681932727,0.0
0.00026208951641934323,0.016666666666666607
0.00026209951601935925,0.0
0.0002621095156193752,0.0
0.00026211951521939124,0.016666666666666607
0.00026212951481940726,0.016666666666666607
0.00026213951441942323,0.016666666666666607
0.00026214951401943925,0.0
0.0002621595136194552,0.016666666666666607
0.00026216951321947124,0.0
0.00026217951281948726,0.016666666666666607
0.0002621895124195032,0.0
0.00026219951201951925,0.0
0.0002622095116195352,0.0
0.00026221951121955123,0.0
0.00026222951081956725,0.0
0.0002622395104195832,0.0
0.00026224951001959924,0.0
0.0002622595096196152,0.0
0.00026226950921963123,0.0
0.00026227950881964725,0.0
0.0002622895084196632,0.016666666666666607
0.00026229950801967924,0.0
0.0002623095076196952,0.016666666666666607
0.0002623195072197112,0.0
0.00026232950681972725,0.0
0.0002623395064197432,0.0
0.00026234950601975923,0.0
0.0002623595056197752,0.0
0.0002623695052197912,0.0
0.00026237950481980724,0.0
0.0002623895044198232,0.016666666666666607
0.00026239950401983923,0.016666666666666607
0.0002624095036198552,0.016666666666666607
0.0002624195032198712,0.0
0.00026242950281988724,0.016666666666666607
0.0002624395024199032,0.0
0.00026244950201991923,0.0
0.0002624595016199352,0.0
0.0002624695012199512,0.0
0.00026247950081996724,0.0
0.0002624895004199832,0.0
0.0002624995000199992,0.0
0.0002625094996200152,0.0
0.0002625194992200312,0.0
0.00026252949882004723,0.0
0.0002625394984200632,0.0
0.0002625494980200792,0.0
0.0002625594976200952,0.0
0.0002625694972201112,0.016666666666666607
0.00026257949682012723,0.016666666666666607
0.0002625894964201432,0.016666666666666607
0.0002625994960201592,0.016666666666666607
0.0002626094956201752,0.016666666666666607
0.0002626194952201912,0.016666666666666607
0.0002626294948202072,0.0
0.0002626394944202232,0.0
0.0002626494940202392,0.016666666666666607
0.0002626594936202552,0.0
0.0002626694932202712,0.0
0.0002626794928202872,0.0
0.0002626894924203032,0.016666666666666607
0.0002626994920203192,0.0
0.0002627094916203352,0.0
0.0002627194912203512,0.0
0.0002627294908203672,0.0
0.0002627394904203832,0.0
0.0002627494900203992,0.0
0.00026275948962041517,0.0
0.0002627694892204312,0.0
0.0002627794888204472,0.0
0.0002627894884204632,0.0
0.0002627994880204792,0.0
0.0002628094876204952,0.016666666666666607
0.0002628194872205112,0.0
0.0002628294868205272,0.0
0.0002628394864205432,0.0
0.0002628494860205592,0.0
0.0002628594856205752,0.0
0.0002628694852205912,0.0
0.0002628794848206072,0.0
0.00026288948442062317,0.016666666666666607
0.0002628994840206392,0.016666666666666607
0.0002629094836206552,0.0
0.0002629194832206712,0.016666666666666607
0.0002629294828206872,0.0
0.00026293948242070317,0.0
0.0002629494820207192,0.0
0.0002629594816207352,0.0
0.0002629694812207512,0.0
0.0002629794808207672,0.0
0.00026298948042078316,0.0
0.0002629994800207992,0.0
0.0002630094796208152,0.0
0.0002630194792208312,0.0
0.0002630294788208472,0.0
0.00026303947842086316,0.0
0.0002630494780208792,0.0
0.0002630594776208952,0.016666666666666607
0.00026306947722091117,0.0
0.0002630794768209272,0.0
0.00026308947642094316,0.0
0.0002630994760209592,0.016666666666666607
0.0002631094756209752,0.0
0.00026311947522099117,0.0
0.0002631294748210072,0.016666666666666607
0.00026313947442102315,0.0
0.0002631494740210392,0.0
0.0002631594736210552,0.0
0.00026316947322107116,0.0
0.0002631794728210872,0.0
0.00026318947242110315,0.0
0.00026319947202111917,0.0
0.0002632094716211352,0.0
0.00026321947122115116,-0.016666666666666607
0.0002632294708211672,0.0
0.00026323947042118315,0.016666666666666607
0.00026324947002119917,0.016666666666666607
0.0002632594696212152,0.0
0.00026326946922123115,0.016666666666666607
0.0002632794688212472,0.0
0.00026328946842126314,0.016666666666666607
0.00026329946802127916,0.0
0.0002633094676212952,0.0
0.00026331946722131115,0.0
0.00026332946682132717,0.0
0.00026333946642134314,-0.016666666666666607
0.00026334946602135916,0.0
0.0002633594656213752,0.016666666666666607
0.00026336946522139115,0.033333333333333215
0.00026337946482140717,0.0
0.00026338946442142313,0.016666666666666607
0.00026339946402143916,-0.016666666666666607
0.0002634094636214552,0.0
0.00026341946322147114,0.0
0.00026342946282148716,0.0
0.00026343946242150313,0.016666666666666607
0.00026344946202151915,0.0
0.00026345946162153517,-0.016666666666666607
0.00026346946122155114,-0.016666666666666607
0.00026347946082156716,0.0
0.0002634894604215831,0.0
0.00026349946002159915,0.016666666666666607
0.00026350945962161517,0.016666666666666607
0.00026351945922163114,0.0
0.00026352945882164716,0.0
0.0002635394584216631,0.0
0.00026354945802167914,0.0
0.00026355945762169516,0.016666666666666607
0.00026356945722171113,0.016666666666666607
0.00026357945682172715,0.016666666666666607
0.0002635894564217431,0.0
0.00026359945602175914,0.0
0.00026360945562177516,0.0
0.00026361945522179113,0.0
0.00026362945482180715,0.0
0.0002636394544218231,0.0
0.00026364945402183914,0.016666666666666607
0.00026365945362185516,0.0
0.0002636694532218711,0.0
0.00026367945282188715,0.0
0.0002636894524219031,0.016666666666666607
0.00026369945202191913,0.016666666666666607
0.00026370945162193515,0.0
0.0002637194512219511,0.016666666666666607
0.00026372945082196714,0.0
0.00026373945042198316,0.0
0.00026374945002199913,0.016666666666666607
0.00026375944962201515,0.0
0.0002637694492220311,0.016666666666666607
0.00026377944882204714,0.016666666666666607
0.00026378944842206316,0.0
0.0002637994480220791,0.016666666666666607
0.00026380944762209515,0.016666666666666607
0.0002638194472221111,0.0
0.00026382944682212713,0.016666666666666607
0.00026383944642214315,0.0
0.0002638494460221591,0.016666666666666607
0.00026385944562217514,0.0
0.0002638694452221911,0.0
0.00026387944482220713,0.0
0.00026388944442222315,0.0
0.0002638994440222391,0.0
0.00026390944362225514,0.0
0.0002639194432222711,0.0
0.0002639294428222871,0.016666666666666607
0.00026393944242230315,0.0
0.0002639494420223191,0.0
0.00026395944162233513,0.0
0.0002639694412223511,0.016666666666666607
0.0002639794408223671,0.0
0.00026398944042238314,0.016666666666666607
0.0002639994400223991,0.0
0.00026400943962241513,0.016666666666666607
0.0002640194392224311,0.0
0.0002640294388224471,0.0
0.00026403943842246314,0.0
0.0002640494380224791,0.016666666666666607
0.00026405943762249513,0.016666666666666607
0.0002640694372225111,0.016666666666666607
0.0002640794368225271,0.016666666666666607
0.00026408943642254314,0.0
0.0002640994360225591,0.0
0.0002641094356225751,0.0
0.0002641194352225911,0.016666666666666607
0.0002641294348226071,0.0
0.00026413943442262313,0.0
0.0002641494340226391,0.0
0.0002641594336226551,0.0
0.0002641694332226711,0.0
0.0002641794328226871,0.0
0.00026418943242270313,0.0
0.0002641994320227191,0.016666666666666607
0.0002642094316227351,0.0
0.0002642194312227511,0.0
0.0002642294308227671,0.0
0.0002642394304227831,0.0
0.0002642494300227991,0.0
0.0002642594296228151,0.0
0.0002642694292228311,0.016666666666666607
0.0002642794288228471,0.016666666666666607
0.0002642894284228631,0.016666666666666607
0.0002642994280228791,0.0
0.0002643094276228951,0.016666666666666607
0.0002643194272229111,0.0
0.0002643294268229271,0.016666666666666607
0.0002643394264229431,0.0
0.0002643494260229591,0.016666666666666607
0.0002643594256229751,0.016666666666666607
0.00026436942522299107,0.016666666666666607
0.0002643794248230071,0.0
0.0002643894244230231,0.0
0.0002643994240230391,0.0
0.0002644094236230551,0.016666666666666607
0.00026441942322307107,0.0
0.0002644294228230871,0.0
0.0002644394224231031,0.016666666666666607
0.0002644494220231191,0.016666666666666607
0.0002644594216231351,0.0
0.00026446942122315106,0.016666666666666607
0.0002644794208231671,0.016666666666666607
0.0002644894204231831,0.016666666666666607
0.00026449942002319907,0.0
0.0002645094196232151,0.016666666666666607
0.00026451941922323106,0.0
0.0002645294188232471,0.016666666666666607
0.0002645394184232631,0.016666666666666607
0.00026454941802327907,0.016666666666666607
0.0002645594176232951,0.0
0.00026456941722331106,0.016666666666666607
0.0002645794168233271,0.016666666666666607
0.0002645894164233431,0.016666666666666607
0.00026459941602335906,0.016666666666666607
0.0002646094156233751,0.0
0.00026461941522339105,0.0
0.0002646294148234071,0.016666666666666607
0.0002646394144234231,0.0
0.00026464941402343906,0.016666666666666607
0.0002646594136234551,0.0
0.0002646694132234711,0.016666666666666607
0.00026467941282348707,0.016666666666666607
0.0002646894124235031,0.0
0.00026469941202351906,0.0
0.0002647094116235351,0.0
0.0002647194112235511,0.016666666666666607
0.00026472941082356707,0.016666666666666607
0.0002647394104235831,0.0
0.00026474941002359905,0.0
0.0002647594096236151,0.016666666666666607
0.0002647694092236311,0.0
0.00026477940882364706,0.016666666666666607
0.0002647894084236631,0.016666666666666607
0.00026479940802367905,0.016666666666666607
0.00026480940762369507,0.016666666666666607
0.0002648194072237111,0.0
0.00026482940682372706,0.016666666666666607
0.0002648394064237431,0.016666666666666607
0.00026484940602375905,0.0
0.00026485940562377507,0.0
0.0002648694052237911,0.0
0.00026487940482380705,0.0
0.0002648894044238231,0.016666666666666607
0.00026489940402383904,0.0
0.00026490940362385506,0.0
0.0002649194032238711,0.0
0.00026492940282388705,0.0
0.00026493940242390307,0.0
0.00026494940202391904,0.016666666666666607
0.00026495940162393506,0.016666666666666607
0.0002649694012239511,0.0
0.00026497940082396705,0.0
0.00026498940042398307,0.016666666666666607
0.00026499940002399903,0.016666666666666607
0.00026500939962401506,0.016666666666666607
0.0002650193992240311,0.0
0.00026502939882404704,0.016666666666666607
0.00026503939842406306,0.016666666666666607
0.00026504939802407903,0.016666666666666607
0.00026505939762409505,0.016666666666666607
0.00026506939722411107,0.0
0.00026507939682412704,0.0
0.00026508939642414306,0.016666666666666607
0.000265099396024159,0.0
0.00026510939562417505,0.016666666666666607
0.00026511939522419107,0.016666666666666607
0.00026512939482420704,0.016666666666666607
0.00026513939442422306,0.016666666666666607
0.000265149394024239,0.0
0.00026515939362425504,0.0
0.00026516939322427107,0.0
0.00026517939282428703,0.0
0.00026518939242430305,0.016666666666666607
0.000265199392024319,0.0
0.00026520939162433504,0.016666666666666607
0.00026521939122435106,0.016666666666666607
0.00026522939082436703,0.016666666666666607
0.00026523939042438305,0.0
0.000265249390024399,0.0
0.00026525938962441504,0.016666666666666607
0.00026526938922443106,0.016666666666666607
0.000265279388824447,0.0
0.00026528938842446305,0.016666666666666607
0.000265299388024479,0.0
0.00026530938762449503,0.016666666666666607
0.00026531938722451105,0.0
0.000265329386824527,0.016666666666666607
0.00026533938642454304,0.016666666666666607
0.000265349386024559,0.0
0.00026535938562457503,0.0
0.00026536938522459105,0.016666666666666607
0.000265379384824607,0.016666666666666607
0.00026538938442462304,0.0
0.000265399384024639,0.0
0.000265409383624655,0.016666666666666607
0.00026541938322467105,0.016666666666666607
0.000265429382824687,0.0
0.00026543938242470303,0.016666666666666607
0.000265449382024719,0.0
0.000265459381624735,0.0
0.00026546938122475104,0.0
0.000265479380824767,0.0
0.00026548938042478303,0.0
0.000265499380024799,0.0
0.000265509379624815,0.016666666666666607
0.00026551937922483104,0.0
0.000265529378824847,0.016666666666666607
0.000265539378424863,0.016666666666666607
0.000265549378024879,0.016666666666666607
0.000265559377624895,0.016666666666666607
0.00026556937722491103,0.0
0.000265579376824927,0.016666666666666607
0.000265589376424943,0.016666666666666607
0.00026559937602495904,0.0
0.000265609375624975,0.016666666666666607
0.00026561937522499103,0.0
0.000265629374825007,0.016666666666666607
0.000265639374425023,0.0
0.00026564937402503904,0.0
0.000265659373625055,0.0
0.00026566937322507103,0.016666666666666607
0.000265679372825087,0.016666666666666607
0.000265689372425103,0.0
0.00026569937202511904,0.0
0.000265709371625135,0.0
0.000265719371225151,0.0
0.000265729370825167,0.0
0.000265739370425183,0.016666666666666607
0.00026574937002519903,0.0
0.000265759369625215,0.0
0.000265769369225231,0.016666666666666607
0.000265779368825247,0.0
0.000265789368425263,0.0
0.00026579936802527903,0.0
0.000265809367625295,0.016666666666666607
0.000265819367225311,0.0
0.000265829366825327,0.0
0.000265839366425343,0.016666666666666607
0.000265849366025359,0.016666666666666607
0.000265859365625375,0.016666666666666607
0.000265869365225391,0.0
0.000265879364825407,0.016666666666666607
0.000265889364425423,0.0
0.000265899364025439,0.0
0.000265909363625455,0.0
0.000265919363225471,0.0
0.000265929362825487,0.0
0.000265939362425503,0.016666666666666607
0.000265949362025519,0.016666666666666607
0.000265959361625535,0.0
0.000265969361225551,0.016666666666666607
0.00026597936082556697,0.0
0.000265989360425583,0.016666666666666607
0.000265999360025599,0.0
0.000266009359625615,0.0
0.000266019359225631,0.016666666666666607
0.00026602935882564697,0.0
0.000266039358425663,0.016666666666666607
0.000266049358025679,0.0
0.000266059357625695,0.016666666666666607
0.000266069357225711,0.016666666666666607
0.00026607935682572696,0.0
0.000266089356425743,0.0
0.000266099356025759,0.0
0.00026610935562577497,0.0
0.000266119355225791,0.0
0.00026612935482580696,0.0
0.000266139354425823,0.016666666666666607
0.000266149354025839,0.0
0.00026615935362585497,0.0
0.000266169353225871,0.016666666666666607
0.00026617935282588696,0.016666666666666607
0.000266189352425903,0.016666666666666607
0.000266199352025919,0.016666666666666607
0.00026620935162593496,0.016666666666666607
0.000266219351225951,0.0
0.00026622935082596695,0.0
0.000266239350425983,0.0
0.000266249350025999,0.0
0.00026625934962601496,0.0
0.000266269349226031,0.0
0.00026627934882604695,0.0
0.00026628934842606297,0.0
0.000266299348026079,0.016666666666666607
0.00026630934762609496,0.0
0.000266319347226111,0.0
0.00026632934682612694,0.0
0.00026633934642614297,0.0
0.000266349346026159,0.0
0.00026635934562617495,0.0
0.000266369345226191,0.016666666666666607
0.00026637934482620694,0.0
0.00026638934442622296,0.0
0.000266399344026239,0.0
0.00026640934362625495,0.016666666666666607
0.00026641934322627097,0.016666666666666607
0.00026642934282628694,0.0
0.00026643934242630296,0.016666666666666607
0.000266449342026319,0.016666666666666607
0.00026645934162633495,0.016666666666666607
0.00026646934122635097,0.016666666666666607
0.00026647934082636693,0.016666666666666607
0.00026648934042638295,0.016666666666666607
0.000266499340026399,0.016666666666666607
0.00026650933962641494,0.0
0.00026651933922643096,0.016666666666666607
0.000266529338826447,0.016666666666666607
0.00026653933842646295,0.016666666666666607
0.00026654933802647897,0.0
0.00026655933762649494,0.016666666666666607
0.00026656933722651096,0.0
0.000266579336826527,0.0
0.00026658933642654295,0.016666666666666607
0.00026659933602655897,0.0
0.00026660933562657493,0.016666666666666607
0.00026661933522659096,0.0
0.000266629334826607,0.0
0.00026663933442662294,0.0
0.00026664933402663896,0.0
0.00026665933362665493,0.016666666666666607
0.00026666933322667095,0.016666666666666607
0.00026667933282668697,0.033333333333333215
0.00026668933242670294,0.016666666666666607
0.00026669933202671896,0.016666666666666607
0.0002667093316267349,0.0
0.00026671933122675095,0.0
0.00026672933082676697,0.016666666666666607
0.00026673933042678294,0.0
0.00026674933002679896,0.033333333333333215
0.0002667593296268149,0.016666666666666607
0.00026676932922683094,-0.016666666666666607
0.00026677932882684697,0.016666666666666607
0.00026678932842686293,0.0
0.00026679932802687895,0.0
0.0002668093276268949,0.016666666666666607
0.00026681932722691094,0.016666666666666607
0.00026682932682692696,0.016666666666666607
0.00026683932642694293,0.0
0.00026684932602695895,0.0
0.0002668593256269749,0.0
0.00026686932522699094,0.016666666666666607
0.00026687932482700696,0.016666666666666607
0.0002668893244270229,0.016666666666666607
0.00026689932402703895,0.033333333333333215
0.0002669093236270549,0.0
0.00026691932322707093,0.0
0.00026692932282708695,0.016666666666666607
0.0002669393224271029,0.0
0.00026694932202711894,0.0
0.0002669593216271349,0.016666666666666607
0.00026696932122715093,0.016666666666666607
0.00026697932082716695,0.0
0.0002669893204271829,0.016666666666666607
0.00026699932002719894,0.0
0.0002670093196272149,0.016666666666666607
0.0002670193192272309,0.016666666666666607
0.00026702931882724695,0.0
0.0002670393184272629,0.0
0.00026704931802727893,0.0
0.0002670593176272949,0.0
0.0002670693172273109,0.016666666666666607
0.00026707931682732694,0.016666666666666607
0.0002670893164273429,0.016666666666666607
0.00026709931602735893,0.016666666666666607
0.0002671093156273749,0.016666666666666607
0.0002671193152273909,0.0
0.00026712931482740694,0.016666666666666607
0.0002671393144274229,0.0
0.0002671493140274389,0.016666666666666607
0.0002671593136274549,0.0
0.0002671693132274709,0.0
0.00026717931282748693,0.016666666666666607
0.0002671893124275029,0.016666666666666607
0.0002671993120275189,0.0
0.0002672093116275349,0.0
0.0002672193112275509,0.0
0.00026722931082756693,0.0
0.0002672393104275829,0.0
0.0002672493100275989,0.016666666666666607
0.0002672593096276149,0.016666666666666607
0.0002672693092276309,0.0
0.00026727930882764693,0.0
0.0002672893084276629,0.016666666666666607
0.0002672993080276789,0.016666666666666607
0.0002673093076276949,0.016666666666666607
0.0002673193072277109,0.0
0.0002673293068277269,0.016666666666666607
0.0002673393064277429,0.0
0.0002673493060277589,0.016666666666666607
0.0002673593056277749,0.016666666666666607
0.0002673693052277909,0.033333333333333215
0.0002673793048278069,0.016666666666666607
0.0002673893044278229,0.016666666666666607
0.0002673993040278389,0.016666666666666607
0.0002674093036278549,0.0
0.0002674193032278709,0.0
0.0002674293028278869,0.016666666666666607
0.0002674393024279029,0.0
0.0002674493020279189,0.016666666666666607
0.0002674593016279349,0.0
0.0002674693012279509,0.0
0.0002674793008279669,0.0
0.0002674893004279829,0.0
0.0002674993000279989,0.0
0.0002675092996280149,0.0
0.0002675192992280309,0.0
0.0002675292988280469,0.0
0.0002675392984280629,0.016666666666666607
0.0002675492980280789,0.016666666666666607
0.0002675592976280949,0.0
0.0002675692972281109,0.016666666666666607
0.0002675792968281269,0.016666666666666607
0.00026758929642814287,0.016666666666666607
0.0002675992960281589,0.016666666666666607
0.0002676092956281749,0.016666666666666607
0.0002676192952281909,0.016666666666666607
0.0002676292948282069,0.016666666666666607
0.00026763929442822287,0.0
0.0002676492940282389,0.0
0.0002676592936282549,0.0
0.0002676692932282709,0.016666666666666607
0.0002676792928282869,0.016666666666666607
0.00026768929242830286,0.016666666666666607
0.0002676992920283189,0.0
0.0002677092916283349,0.0
0.00026771929122835087,0.0
0.0002677292908283669,0.0
0.00026773929042838286,0.0
0.0002677492900283989,0.0
0.0002677592896284149,0.016666666666666607
0.00026776928922843087,0.016666666666666607
0.0002677792888284469,0.016666666666666607
0.00026778928842846286,0.016666666666666607
0.0002677992880284789,0.016666666666666607
0.0002678092876284949,0.016666666666666607
0.00026781928722851086,0.0
0.0002678292868285269,0.016666666666666607
0.00026783928642854285,0.016666666666666607
0.0002678492860285589,0.016666666666666607
0.0002678592856285749,0.016666666666666607
0.00026786928522859086,0.016666666666666607
0.0002678792848286069,0.016666666666666607
0.00026788928442862285,0.0
0.00026789928402863887,0.016666666666666607
0.0002679092836286549,0.016666666666666607
0.00026791928322867086,0.0
0.0002679292828286869,0.016666666666666607
0.00026793928242870284,0.0
0.00026794928202871887,0.0
0.0002679592816287349,0.0
0.00026796928122875085,0.016666666666666607
0.0002679792808287669,0.016666666666666607
0.00026798928042878284,0.0
0.00026799928002879886,0.0
0.0002680092796288149,0.0
0.00026801927922883085,0.016666666666666607
0.00026802927882884687,0.016666666666666607
0.00026803927842886284,0.0
0.00026804927802887886,0.016666666666666607
0.0002680592776288949,0.0
0.00026806927722891085,0.0
0.00026807927682892687,0.0
0.00026808927642894283,0.016666666666666607
0.00026809927602895885,0.0
0.0002681092756289749,0.016666666666666607
0.00026811927522899084,0.016666666666666607
0.00026812927482900686,0.016666666666666607
0.00026813927442902283,0.016666666666666607
0.00026814927402903885,0.016666666666666607
0.00026815927362905487,0.0
0.00026816927322907084,0.016666666666666607
0.00026817927282908686,0.016666666666666607
0.0002681892724291028,0.016666666666666607
0.00026819927202911885,0.016666666666666607
0.00026820927162913487,0.0
0.00026821927122915083,0.016666666666666607
0.00026822927082916686,0.0
0.0002682392704291828,0.0
0.00026824927002919884,0.016666666666666607
0.00026825926962921486,0.0
0.00026826926922923083,0.016666666666666607
0.00026827926882924685,0.0
0.0002682892684292628,0.016666666666666607
0.00026829926802927884,0.016666666666666607
0.00026830926762929486,0.016666666666666607
0.0002683192672293108,0.016666666666666607
0.00026832926682932685,0.016666666666666607
0.0002683392664293428,0.0
0.00026834926602935884,0.016666666666666607
0.00026835926562937486,0.0
0.0002683692652293908,0.016666666666666607
0.00026837926482940684,0.016666666666666607
0.00026838926442942287,0.016666666666666607
0.00026839926402943883,0.016666666666666607
0.00026840926362945485,0.0
0.0002684192632294708,0.0
0.00026842926282948684,0.0
0.00026843926242950286,0.016666666666666607
0.00026844926202951883,0.016666666666666607
0.00026845926162953485,0.0
0.0002684692612295508,0.016666666666666607
0.00026847926082956684,0.016666666666666607
0.00026848926042958286,0.016666666666666607
0.0002684992600295988,0.0
0.00026850925962961485,0.0
0.0002685192592296308,0.0
0.00026852925882964683,0.0
0.00026853925842966285,0.0
0.0002685492580296788,0.0
0.00026855925762969484,0.0
0.0002685692572297108,0.0
0.00026857925682972683,0.016666666666666607
0.00026858925642974285,0.0
0.0002685992560297588,0.016666666666666607
0.00026860925562977484,0.016666666666666607
0.0002686192552297908,0.016666666666666607
0.0002686292548298068,0.033333333333333215
0.00026863925442982285,0.016666666666666607
0.0002686492540298388,0.0
0.00026865925362985483,0.016666666666666607
0.0002686692532298708,0.0
0.0002686792528298868,0.0
0.00026868925242990284,0.0
0.0002686992520299188,0.0
0.00026870925162993483,0.0
0.0002687192512299508,0.0
0.0002687292508299668,0.016666666666666607
0.00026873925042998284,0.016666666666666607
0.0002687492500299988,0.016666666666666607
0.0002687592496300148,0.0
0.0002687692492300308,0.016666666666666607
0.0002687792488300468,0.016666666666666607
0.00026878924843006283,0.0
0.0002687992480300788,0.016666666666666607
0.0002688092476300948,0.016666666666666607
0.0002688192472301108,0.016666666666666607
0.0002688292468301268,0.016666666666666607
0.00026883924643014283,0.016666666666666607
0.0002688492460301588,0.016666666666666607
0.0002688592456301748,0.0
0.0002688692452301908,0.016666666666666607
0.0002688792448302068,0.016666666666666607
0.00026888924443022283,0.016666666666666607
0.0002688992440302388,0.0
0.0002689092436302548,0.0
0.0002689192432302708,0.0
0.0002689292428302868,0.016666666666666607
0.0002689392424303028,0.016666666666666607
0.0002689492420303188,0.0
0.0002689592416303348,0.016666666666666607
0.0002689692412303508,0.0
0.0002689792408303668,0.0
0.0002689892404303828,0.0
0.0002689992400303988,0.016666666666666607
0.0002690092396304148,0.016666666666666607
0.0002690192392304308,0.016666666666666607
0.0002690292388304468,0.0
0.0002690392384304628,0.0
0.0002690492380304788,0.016666666666666607
0.0002690592376304948,0.016666666666666607
0.00026906923723051077,0.016666666666666607
0.0002690792368305268,0.016666666666666607
0.0002690892364305428,0.0
0.0002690992360305588,0.0
0.0002691092356305748,0.0
0.00026911923523059077,0.016666666666666607
0.0002691292348306068,0.016666666666666607
0.0002691392344306228,0.0
0.0002691492340306388,0.016666666666666607
0.0002691592336306548,0.016666666666666607
0.00026916923323067076,0.0
0.0002691792328306868,0.0
0.0002691892324307028,0.0
0.00026919923203071877,0.0
0.0002692092316307348,0.0
0.00026921923123075076,0.016666666666666607
0.0002692292308307668,0.016666666666666607
0.0002692392304307828,0.0
0.00026924923003079877,0.016666666666666607
0.0002692592296308148,0.016666666666666607
0.00026926922923083076,0.016666666666666607
0.0002692792288308468,0.0
0.0002692892284308628,0.0
0.00026929922803087876,0.0
0.0002693092276308948,0.016666666666666607
0.00026931922723091075,0.016666666666666607
0.00026932922683092677,0.016666666666666607
0.0002693392264309428,0.016666666666666607
0.00026934922603095876,0.016666666666666607
0.0002693592256309748,0.0
0.0002693692252309908,0.016666666666666607
0.00026937922483100677,0.0
0.0002693892244310228,0.016666666666666607
0.00026939922403103876,0.016666666666666607
0.0002694092236310548,0.0
0.0002694192232310708,0.016666666666666607
0.00026942922283108676,0.016666666666666607
0.0002694392224311028,0.0
0.00026944922203111875,0.0
0.0002694592216311348,0.0
0.0002694692212311508,0.0
0.00026947922083116676,0.016666666666666607
0.0002694892204311828,0.0
0.00026949922003119875,0.016666666666666607
0.00026950921963121477,0.0
0.0002695192192312308,0.016666666666666607
0.00026952921883124676,0.016666666666666607
0.0002695392184312628,0.016666666666666607
0.00026954921803127874,0.0
0.00026955921763129477,0.016666666666666607
0.0002695692172313108,0.016666666666666607
0.00026957921683132675,0.016666666666666607
0.0002695892164313428,0.016666666666666607
0.00026959921603135874,0.0
0.00026960921563137476,0.016666666666666607
0.0002696192152313908,0.016666666666666607
0.00026962921483140675,0.016666666666666607
0.00026963921443142277,0.0
0.00026964921403143874,0.0
0.00026965921363145476,0.016666666666666607
0.0002696692132314708,0.016666666666666607
0.00026967921283148675,0.016666666666666607
0.00026968921243150277,0.0
0.00026969921203151873,0.0
0.00026970921163153475,0.0
0.0002697192112315508,0.016666666666666607
0.00026972921083156674,0.016666666666666607
0.00026973921043158276,0.016666666666666607
0.00026974921003159873,0.016666666666666607
0.00026975920963161475,0.016666666666666607
0.00026976920923163077,0.016666666666666607
0.00026977920883164674,0.0
0.00026978920843166276,0.0
0.0002697992080316787,0.0
0.00026980920763169475,0.0
0.00026981920723171077,0.016666666666666607
0.00026982920683172673,0.016666666666666607
0.00026983920643174276,0.016666666666666607
0.0002698492060317587,0.016666666666666607
0.00026985920563177474,0.016666666666666607
0.00026986920523179076,0.016666666666666607
0.00026987920483180673,0.0
0.00026988920443182275,0.016666666666666607
0.0002698992040318387,0.016666666666666607
0.00026990920363185474,0.0
0.00026991920323187076,0.016666666666666607
0.0002699292028318867,0.016666666666666607
0.00026993920243190275,0.016666666666666607
0.0002699492020319187,0.0
0.00026995920163193474,0.0
0.00026996920123195076,0.016666666666666607
0.0002699792008319667,0.016666666666666607
0.00026998920043198274,0.016666666666666607
0.0002699992000319987,0.016666666666666607
0.00027000919963201473,0.0
0.00027001919923203075,0.016666666666666607
0.0002700291988320467,0.016666666666666607
0.00027003919843206274,0.016666666666666607
0.0002700491980320787,0.0
0.00027005919763209473,0.0
0.00027006919723211075,0.016666666666666607
0.0002700791968321267,0.0
0.00027008919643214274,0.0
0.0002700991960321587,0.016666666666666607
0.0002701091956321747,0.016666666666666607
0.00027011919523219075,0.0
0.0002701291948322067,0.016666666666666607
0.00027013919443222273,0.0
0.0002701491940322387,0.016666666666666607
0.0002701591936322547,0.016666666666666607
0.00027016919323227074,0.016666666666666607
0.0002701791928322867,0.016666666666666607
0.00027018919243230273,0.0
0.0002701991920323187,0.0
0.0002702091916323347,0.016666666666666607
0.00027021919123235074,0.016666666666666607
0.0002702291908323667,0.016666666666666607
0.0002702391904323827,0.016666666666666607
0.0002702491900323987,0.016666666666666607
0.0002702591896324147,0.016666666666666607
0.00027026918923243073,0.016666666666666607
0.0002702791888324467,0.016666666666666607
0.0002702891884324627,0.0
0.00027029918803247874,0.0
0.0002703091876324947,0.0
0.00027031918723251073,0.0
0.0002703291868325267,0.016666666666666607
0.0002703391864325427,0.016666666666666607
0.00027034918603255874,0.016666666666666607
0.0002703591856325747,0.016666666666666607
0.0002703691852325907,0.0
0.0002703791848326067,0.016666666666666607
0.0002703891844326227,0.016666666666666607
0.00027039918403263873,0.0
0.0002704091836326547,0.016666666666666607
0.0002704191832326707,0.0
0.0002704291828326867,0.016666666666666607
0.0002704391824327027,0.0
0.00027044918203271873,0.0
0.0002704591816327347,0.016666666666666607
0.0002704691812327507,0.0
0.0002704791808327667,0.016666666666666607
0.0002704891804327827,0.016666666666666607
0.00027049918003279873,0.016666666666666607
0.0002705091796328147,0.016666666666666607
0.0002705191792328307,0.016666666666666607
0.0002705291788328467,0.016666666666666607
0.0002705391784328627,0.016666666666666607
0.0002705491780328787,0.016666666666666607
0.0002705591776328947,0.0
0.0002705691772329107,0.0
0.0002705791768329267,0.0
0.0002705891764329427,0.0
0.0002705991760329587,0.0
0.0002706091756329747,0.016666666666666607
0.0002706191752329907,0.016666666666666607
0.0002706291748330067,0.016666666666666607
0.0002706391744330227,0.0
0.0002706491740330387,0.0
0.0002706591736330547,0.0
0.0002706691732330707,0.016666666666666607
0.00027067917283308667,0.016666666666666607
0.0002706891724331027,0.016666666666666607
0.0002706991720331187,0.0
0.0002707091716331347,0.016666666666666607
0.0002707191712331507,0.016666666666666607
0.00027072917083316667,0.016666666666666607
0.0002707391704331827,0.016666666666666607
0.0002707491700331987,0.016666666666666607
0.0002707591696332147,0.0
0.0002707691692332307,0.016666666666666607
0.00027077916883324666,0.0
0.0002707891684332627,0.016666666666666607
0.0002707991680332787,0.0
0.00027080916763329467,0.016666666666666607
0.0002708191672333107,0.0
0.00027082916683332666,0.0
0.0002708391664333427,0.016666666666666607
0.0002708491660333587,0.016666666666666607
0.00027085916563337467,0.016666666666666607
0.0002708691652333907,0.016666666666666607
0.00027087916483340666,0.016666666666666607
0.0002708891644334227,0.016666666666666607
0.0002708991640334387,0.016666666666666607
0.00027090916363345466,0.0
0.0002709191632334707,0.016666666666666607
0.00027092916283348665,0.016666666666666607
0.00027093916243350267,0.016666666666666607
0.0002709491620335187,0.016666666666666607
0.00027095916163353466,0.016666666666666607
0.0002709691612335507,0.016666666666666607
0.00027097916083356665,0.016666666666666607
0.00027098916043358267,0.0
0.0002709991600335987,0.016666666666666607
0.00027100915963361466,0.016666666666666607
0.0002710191592336307,0.016666666666666607
0.00027102915883364664,0.016666666666666607
0.00027103915843366266,0.0
0.0002710491580336787,0.016666666666666607
0.00027105915763369465,0.016666666666666607
0.0002710691572337107,0.016666666666666607
0.00027107915683372664,0.016666666666666607
0.00027108915643374266,0.016666666666666607
0.0002710991560337587,0.016666666666666607
0.00027110915563377465,0.016666666666666607
0.00027111915523379067,0.016666666666666607
0.00027112915483380664,0.016666666666666607
0.00027113915443382266,0.016666666666666607
0.0002711491540338387,0.0
0.00027115915363385464,0.016666666666666607
0.00027116915323387067,0.016666666666666607
0.00027117915283388663,0.0
0.00027118915243390265,0.016666666666666607
0.0002711991520339187,0.016666666666666607
0.00027120915163393464,0.016666666666666607
0.00027121915123395066,0.0
0.0002712291508339667,0.016666666666666607
0.00027123915043398265,0.016666666666666607
0.00027124915003399867,0.016666666666666607
0.00027125914963401464,0.016666666666666607
0.00027126914923403066,0.016666666666666607
0.0002712791488340467,0.016666666666666607
0.00027128914843406265,0.016666666666666607
0.00027129914803407867,0.016666666666666607
0.00027130914763409463,0.0
0.00027131914723411065,0.016666666666666607
0.0002713291468341267,0.016666666666666607
0.00027133914643414264,0.0
0.00027134914603415866,0.016666666666666607
0.00027135914563417463,0.016666666666666607
0.00027136914523419065,0.016666666666666607
0.00027137914483420667,0.016666666666666607
0.00027138914443422264,0.016666666666666607
0.00027139914403423866,0.016666666666666607
0.0002714091436342546,0.016666666666666607
0.00027141914323427065,0.016666666666666607
0.00027142914283428667,0.0
0.00027143914243430263,0.0
0.00027144914203431866,0.016666666666666607
0.0002714591416343346,0.0
0.00027146914123435064,0.0
0.00027147914083436666,0.016666666666666607
0.00027148914043438263,0.0
0.00027149914003439865,0.016666666666666607
0.0002715091396344146,0.016666666666666607
0.00027151913923443064,0.0
0.00027152913883444666,0.016666666666666607
0.00027153913843446263,0.016666666666666607
0.00027154913803447865,0.016666666666666607
0.0002715591376344946,0.016666666666666607
0.00027156913723451064,0.016666666666666607
0.00027157913683452666,0.016666666666666607
0.0002715891364345426,0.016666666666666607
0.00027159913603455864,0.016666666666666607
0.0002716091356345746,0.016666666666666607
0.00027161913523459063,0.016666666666666607
0.00027162913483460665,0.0
0.0002716391344346226,0.0
0.00027164913403463864,0.016666666666666607
0.0002716591336346546,0.016666666666666607
0.00027166913323467063,0.0
0.00027167913283468665,0.0
0.0002716891324347026,0.016666666666666607
0.00027169913203471864,0.0
0.0002717091316347346,0.0
0.0002717191312347506,0.016666666666666607
0.00027172913083476665,0.016666666666666607
0.0002717391304347826,0.0
0.00027174913003479863,0.016666666666666607
0.0002717591296348146,0.016666666666666607
0.0002717691292348306,0.016666666666666607
0.00027177912883484664,0.016666666666666607
0.0002717891284348626,0.016666666666666607
0.00027179912803487863,0.016666666666666607
0.0002718091276348946,0.016666666666666607
0.0002718191272349106,0.016666666666666607
0.00027182912683492664,0.016666666666666607
0.0002718391264349426,0.016666666666666607
0.0002718491260349586,0.016666666666666607
0.0002718591256349746,0.016666666666666607
0.0002718691252349906,0.016666666666666607
0.00027187912483500663,0.0
0.0002718891244350226,0.016666666666666607
0.0002718991240350386,0.016666666666666607
0.0002719091236350546,0.016666666666666607
0.0002719191232350706,0.0
0.00027192912283508663,0.0
0.0002719391224351026,0.016666666666666607
0.0002719491220351186,0.016666666666666607
0.0002719591216351346,0.016666666666666607
0.0002719691212351506,0.016666666666666607
0.0002719791208351666,0.0
0.0002719891204351826,0.016666666666666607
0.0002719991200351986,0.016666666666666607
0.0002720091196352146,0.016666666666666607
0.0002720191192352306,0.016666666666666607
0.0002720291188352466,0.0
0.0002720391184352626,0.016666666666666607
0.0002720491180352786,0.0
0.0002720591176352946,0.0
0.0002720691172353106,0.016666666666666607
0.0002720791168353266,0.0
0.0002720891164353426,0.016666666666666607
0.0002720991160353586,0.016666666666666607
0.0002721091156353746,0.016666666666666607
0.0002721191152353906,0.016666666666666607
0.0002721291148354066,0.016666666666666607
0.0002721391144354226,0.0
0.0002721491140354386,0.0
0.0002721591136354546,0.016666666666666607
0.0002721691132354706,0.016666666666666607
0.0002721791128354866,0.016666666666666607
0.0002721891124355026,0.016666666666666607
0.0002721991120355186,0.016666666666666607
0.0002722091116355346,0.016666666666666607
0.0002722191112355506,0.016666666666666607
0.0002722291108355666,0.016666666666666607
0.0002722391104355826,0.016666666666666607
0.0002722491100355986,0.016666666666666607
0.0002722591096356146,0.0
0.0002722691092356306,0.0
0.0002722791088356466,0.016666666666666607
0.00027228910843566257,0.016666666666666607
0.0002722991080356786,0.016666666666666607
0.0002723091076356946,0.016666666666666607
0.0002723191072357106,0.016666666666666607
0.0002723291068357266,0.016666666666666607
0.00027233910643574257,0.016666666666666607
0.0002723491060357586,0.016666666666666607
0.0002723591056357746,0.016666666666666607
0.0002723691052357906,0.016666666666666607
0.0002723791048358066,0.0
0.00027238910443582256,0.016666666666666607
0.0002723991040358386,0.016666666666666607
0.0002724091036358546,0.016666666666666607
0.00027241910323587057,0.016666666666666607
0.0002724291028358866,0.016666666666666607
0.00027243910243590256,0.016666666666666607
0.0002724491020359186,0.0
0.0002724591016359346,0.016666666666666607
0.00027246910123595057,0.016666666666666607
0.0002724791008359666,0.016666666666666607
0.00027248910043598256,0.016666666666666607
0.0002724991000359986,0.016666666666666607
0.0002725090996360146,0.016666666666666607
0.00027251909923603056,0.016666666666666607
0.0002725290988360466,0.016666666666666607
0.00027253909843606255,0.016666666666666607
0.00027254909803607857,0.016666666666666607
0.0002725590976360946,0.0
0.00027256909723611056,0.016666666666666607
0.0002725790968361266,0.016666666666666607
0.00027258909643614255,0.0
0.00027259909603615857,0.016666666666666607
0.0002726090956361746,0.016666666666666607
0.00027261909523619056,0.016666666666666607
0.0002726290948362066,0.016666666666666607
0.00027263909443622254,0.016666666666666607
0.00027264909403623856,0.016666666666666607
0.0002726590936362546,0.016666666666666607
0.00027266909323627055,0.016666666666666607
0.0002726790928362866,0.0
0.00027268909243630254,0.0
0.00027269909203631856,0.016666666666666607
0.0002727090916363346,0.016666666666666607
0.00027271909123635055,0.016666666666666607
0.00027272909083636657,0.016666666666666607
0.00027273909043638254,0.016666666666666607
0.00027274909003639856,0.016666666666666607
0.0002727590896364146,0.016666666666666607
0.00027276908923643055,0.016666666666666607
0.00027277908883644657,0.016666666666666607
0.00027278908843646253,0.016666666666666607
0.00027279908803647855,0.016666666666666607
0.0002728090876364946,0.0
0.00027281908723651054,0.016666666666666607
0.00027282908683652656,0.016666666666666607
0.00027283908643654253,0.016666666666666607
0.00027284908603655855,0.016666666666666607
0.00027285908563657457,0.016666666666666607
0.00027286908523659054,0.016666666666666607
0.00027287908483660656,0.016666666666666607
0.0002728890844366225,0.016666666666666607
0.00027289908403663855,0.016666666666666607
0.00027290908363665457,0.0
0.00027291908323667053,0.016666666666666607
0.00027292908283668655,0.016666666666666607
0.0002729390824367025,0.0
0.00027294908203671854,0.016666666666666607
0.00027295908163673456,0.0
0.00027296908123675053,0.016666666666666607
0.00027297908083676655,0.0
0.0002729890804367825,0.0
0.00027299908003679854,0.016666666666666607
0.00027300907963681456,0.016666666666666607
0.0002730190792368305,0.0
0.00027302907883684655,0.016666666666666607
0.0002730390784368625,0.016666666666666607
0.00027304907803687853,0.016666666666666607
0.00027305907763689456,0.0
0.0002730690772369105,0.016666666666666607
0.00027307907683692654,0.016666666666666607
0.00027308907643694256,0.016666666666666607
0.00027309907603695853,0.0
0.00027310907563697455,0.016666666666666607
0.0002731190752369905,0.0
0.00027312907483700654,0.016666666666666607
0.00027313907443702256,0.016666666666666607
0.00027314907403703853,0.016666666666666607
0.00027315907363705455,0.0
0.0002731690732370705,0.016666666666666607
0.00027317907283708654,0.0
0.00027318907243710256,0.016666666666666607
0.0002731990720371185,0.016666666666666607
0.00027320907163713454,0.016666666666666607
0.0002732190712371505,0.016666666666666607
0.00027322907083716653,0.016666666666666607
0.00027323907043718255,0.0
0.0002732490700371985,0.016666666666666607
0.00027325906963721454,0.016666666666666607
0.0002732690692372305,0.0
0.00027327906883724653,0.016666666666666607
0.00027328906843726255,0.016666666666666607
0.0002732990680372785,0.016666666666666607
0.00027330906763729454,0.016666666666666607
0.0002733190672373105,0.016666666666666607
0.0002733290668373265,0.0
0.00027333906643734255,0.0
0.0002733490660373585,0.0
0.00027335906563737453,0.016666666666666607
0.0002733690652373905,0.016666666666666607
0.0002733790648374065,0.0
0.00027338906443742254,0.016666666666666607
0.0002733990640374385,0.016666666666666607
0.00027340906363745453,0.016666666666666607
0.0002734190632374705,0.016666666666666607
0.0002734290628374865,0.016666666666666607
0.00027343906243750254,0.0
0.0002734490620375185,0.016666666666666607
0.0002734590616375345,0.016666666666666607
0.0002734690612375505,0.0
0.0002734790608375665,0.016666666666666607
0.00027348906043758253,0.016666666666666607
0.0002734990600375985,0.016666666666666607
0.0002735090596376145,0.016666666666666607
0.0002735190592376305,0.0
0.0002735290588376465,0.016666666666666607
0.00027353905843766253,0.016666666666666607
0.0002735490580376785,0.016666666666666607
0.0002735590576376945,0.016666666666666607
0.0002735690572377105,0.016666666666666607
0.0002735790568377265,0.016666666666666607
0.0002735890564377425,0.016666666666666607
0.0002735990560377585,0.016666666666666607
0.0002736090556377745,0.016666666666666607
0.0002736190552377905,0.016666666666666607
0.0002736290548378065,0.016666666666666607
0.0002736390544378225,0.016666666666666607
0.0002736490540378385,0.016666666666666607
0.0002736590536378545,0.016666666666666607
0.0002736690532378705,0.016666666666666607
0.0002736790528378865,0.016666666666666607
0.0002736890524379025,0.0
0.0002736990520379185,0.016666666666666607
0.0002737090516379345,0.016666666666666607
0.0002737190512379505,0.016666666666666607
0.0002737290508379665,0.016666666666666607
0.0002737390504379825,0.016666666666666607
0.0002737490500379985,0.016666666666666607
0.0002737590496380145,0.016666666666666607
0.00027376904923803047,0.016666666666666607
0.0002737790488380465,0.016666666666666607
0.0002737890484380625,0.016666666666666607
0.0002737990480380785,0.016666666666666607
0.0002738090476380945,0.016666666666666607
0.00027381904723811047,0.016666666666666607
0.0002738290468381265,0.016666666666666607
0.0002738390464381425,0.016666666666666607
0.0002738490460381585,0.0
0.0002738590456381745,0.016666666666666607
0.00027386904523819046,0.016666666666666607
0.0002738790448382065,0.016666666666666607
0.0002738890444382225,0.016666666666666607
0.00027389904403823847,0.016666666666666607
0.0002739090436382545,0.016666666666666607
0.00027391904323827046,0.016666666666666607
0.0002739290428382865,0.016666666666666607
0.0002739390424383025,0.0
0.00027394904203831847,0.016666666666666607
0.0002739590416383345,0.016666666666666607
0.00027396904123835045,0.016666666666666607
0.0002739790408383665,0.016666666666666607
0.0002739890404383825,0.016666666666666607
0.00027399904003839846,0.0
0.0002740090396384145,0.016666666666666607
0.0002740190392384305,0.0
0.00027402903883844647,0.016666666666666607
0.0002740390384384625,0.0
0.00027404903803847846,0.016666666666666607
0.0002740590376384945,0.0
0.0002740690372385105,0.016666666666666607
0.00027407903683852647,0.016666666666666607
0.0002740890364385425,0.0
0.00027409903603855846,0.016666666666666607
0.0002741090356385745,0.016666666666666607
0.0002741190352385905,0.016666666666666607
0.00027412903483860646,0.016666666666666607
0.0002741390344386225,0.0
0.00027414903403863845,0.016666666666666607
0.00027415903363865447,0.016666666666666607
0.0002741690332386705,0.016666666666666607
0.00027417903283868646,0.016666666666666607
0.0002741890324387025,0.016666666666666607
0.00027419903203871845,0.016666666666666607
0.00027420903163873447,0.016666666666666607
0.0002742190312387505,0.016666666666666607
0.00027422903083876646,0.0
0.0002742390304387825,0.016666666666666607
0.00027424903003879844,0.016666666666666607
0.00027425902963881446,0.016666666666666607
0.0002742690292388305,0.016666666666666607
0.00027427902883884645,0.016666666666666607
0.0002742890284388625,0.016666666666666607
0.00027429902803887844,0.016666666666666607
0.00027430902763889446,0.016666666666666607
0.0002743190272389105,0.016666666666666607
0.00027432902683892645,0.016666666666666607
0.00027433902643894247,0.016666666666666607
0.00027434902603895844,0.016666666666666607
0.00027435902563897446,0.016666666666666607
0.0002743690252389905,0.0
0.00027437902483900645,0.016666666666666607
0.00027438902443902247,0.033333333333333215
0.00027439902403903843,0.016666666666666607
0.00027440902363905445,0.016666666666666607
0.0002744190232390705,0.016666666666666607
0.00027442902283908644,0.016666666666666607
0.00027443902243910246,0.016666666666666607
0.00027444902203911843,0.016666666666666607
0.00027445902163913445,0.016666666666666607
0.00027446902123915047,0.0
0.00027447902083916644,0.016666666666666607
0.00027448902043918246,0.016666666666666607
0.0002744990200391984,0.0
0.00027450901963921445,0.016666666666666607
0.00027451901923923047,0.016666666666666607
0.00027452901883924643,0.016666666666666607
0.00027453901843926245,0.016666666666666607
0.0002745490180392784,0.016666666666666607
0.00027455901763929444,0.016666666666666607
0.00027456901723931046,0.016666666666666607
0.00027457901683932643,0.016666666666666607
0.00027458901643934245,0.016666666666666607
0.0002745990160393584,0.016666666666666607
0.00027460901563937444,0.016666666666666607
0.00027461901523939046,0.016666666666666607
0.0002746290148394064,0.0
0.00027463901443942245,0.0
0.0002746490140394384,0.016666666666666607
0.00027465901363945443,0.0
0.00027466901323947046,0.0
0.0002746790128394864,0.016666666666666607
0.00027468901243950244,0.016666666666666607
0.0002746990120395184,0.016666666666666607
0.00027470901163953443,0.016666666666666607
0.00027471901123955045,0.016666666666666607
0.0002747290108395664,0.016666666666666607
0.00027473901043958244,0.016666666666666607
0.0002747490100395984,0.016666666666666607
0.00027475900963961443,0.016666666666666607
0.00027476900923963045,0.016666666666666607
0.0002747790088396464,0.0
0.00027478900843966244,0.016666666666666607
0.0002747990080396784,0.016666666666666607
0.0002748090076396944,0.0
0.00027481900723971044,0.016666666666666607
0.0002748290068397264,0.016666666666666607
0.00027483900643974243,0.033333333333333215
0.0002748490060397584,0.016666666666666607
0.0002748590056397744,0.016666666666666607
0.00027486900523979044,0.016666666666666607
0.0002748790048398064,0.016666666666666607
0.00027488900443982243,0.016666666666666607
0.0002748990040398384,0.016666666666666607
0.0002749090036398544,0.016666666666666607
0.00027491900323987044,0.0
0.0002749290028398864,0.016666666666666607
0.0002749390024399024,0.0
0.00027494900203991845,0.016666666666666607
0.0002749590016399344,0.0
0.00027496900123995043,0.016666666666666607
0.0002749790008399664,0.016666666666666607
0.0002749890004399824,0.016666666666666607
0.00027499900003999844,0.0
0.0002750089996400144,0.016666666666666607
0.00027501899924003043,0.0
0.0002750289988400464,0.016666666666666607
0.0002750389984400624,0.016666666666666607
0.00027504899804007844,0.016666666666666607
0.0002750589976400944,0.016666666666666607
0.0002750689972401104,0.016666666666666607
0.0002750789968401264,0.016666666666666607
0.0002750889964401424,0.016666666666666607
0.00027509899604015843,0.016666666666666607
0.0002751089956401744,0.016666666666666607
0.0002751189952401904,0.016666666666666607
0.0002751289948402064,0.016666666666666607
0.0002751389944402224,0.016666666666666607
0.00027514899404023843,0.016666666666666607
0.0002751589936402544,0.016666666666666607
0.0002751689932402704,0.016666666666666607
0.0002751789928402864,0.0
0.0002751889924403024,0.0
0.0002751989920403184,0.016666666666666607
0.0002752089916403344,0.016666666666666607
0.0002752189912403504,0.0
0.0002752289908403664,0.016666666666666607
0.0002752389904403824,0.0
0.0002752489900403984,0.0
0.0002752589896404144,0.016666666666666607
0.0002752689892404304,0.016666666666666607
0.0002752789888404464,0.016666666666666607
0.0002752889884404624,0.016666666666666607
0.0002752989880404784,0.016666666666666607
0.0002753089876404944,0.033333333333333215
0.0002753189872405104,0.016666666666666607
0.0002753289868405264,0.016666666666666607
0.0002753389864405424,0.016666666666666607
0.0002753489860405584,0.016666666666666607
0.0002753589856405744,0.016666666666666607
0.0002753689852405904,0.033333333333333215
0.00027537898484060637,0.016666666666666607
0.0002753889844406224,0.016666666666666607
0.0002753989840406384,0.0
0.0002754089836406544,0.016666666666666607
0.0002754189832406704,0.016666666666666607
0.00027542898284068637,0.016666666666666607
0.0002754389824407024,0.016666666666666607
0.0002754489820407184,0.0
0.0002754589816407344,0.0
0.0002754689812407504,0.016666666666666607
0.00027547898084076636,0.016666666666666607
0.0002754889804407824,0.016666666666666607
0.0002754989800407984,0.016666666666666607
0.00027550897964081437,0.016666666666666607
0.0002755189792408304,0.0
0.00027552897884084636,0.016666666666666607
0.0002755389784408624,0.016666666666666607
0.0002755489780408784,0.016666666666666607
0.00027555897764089437,0.016666666666666607
0.0002755689772409104,0.016666666666666607
0.00027557897684092635,0.016666666666666607
0.0002755889764409424,0.016666666666666607
0.0002755989760409584,0.016666666666666607
0.00027560897564097436,0.016666666666666607
0.0002756189752409904,0.016666666666666607
0.00027562897484100635,0.016666666666666607
0.00027563897444102237,0.016666666666666607
0.0002756489740410384,0.016666666666666607
0.00027565897364105436,0.016666666666666607
0.0002756689732410704,0.0
0.00027567897284108635,0.0
0.00027568897244110237,0.016666666666666607
0.0002756989720411184,0.016666666666666607
0.00027570897164113436,0.0
0.0002757189712411504,0.016666666666666607
0.00027572897084116634,0.016666666666666607
0.00027573897044118236,0.016666666666666607
0.0002757489700411984,0.016666666666666607
0.00027575896964121435,0.016666666666666607
0.00027576896924123037,0.016666666666666607
0.00027577896884124634,0.0
0.00027578896844126236,0.016666666666666607
0.0002757989680412784,0.016666666666666607
0.00027580896764129435,0.016666666666666607
0.00027581896724131037,0.0
0.00027582896684132634,0.016666666666666607
0.00027583896644134236,0.016666666666666607
0.0002758489660413584,0.016666666666666607
0.00027585896564137434,0.016666666666666607
0.00027586896524139037,0.016666666666666607
0.0002758789648414064,0.0
0.00027588896444142235,0.0
0.0002758989640414384,0.0
0.00027590896364145434,0.016666666666666607
0.00027591896324147036,0.016666666666666607
0.0002759289628414864,0.016666666666666607
0.00027593896244150235,0.016666666666666607
0.00027594896204151837,0.016666666666666607
0.00027595896164153434,0.016666666666666607
0.00027596896124155036,0.016666666666666607
0.0002759789608415664,0.0
0.00027598896044158235,0.0
0.00027599896004159837,0.016666666666666607
0.00027600895964161433,0.016666666666666607
0.00027601895924163035,0.0
0.0002760289588416464,0.016666666666666607
0.00027603895844166234,0.016666666666666607
0.00027604895804167836,0.016666666666666607
0.00027605895764169433,0.0
0.00027606895724171035,0.016666666666666607
0.00027607895684172637,0.016666666666666607
0.00027608895644174234,0.016666666666666607
0.00027609895604175836,0.016666666666666607
0.0002761089556417743,0.016666666666666607
0.00027611895524179035,0.0
0.00027612895484180637,0.016666666666666607
0.00027613895444182233,0.016666666666666607
0.00027614895404183835,0.016666666666666607
0.0002761589536418543,0.016666666666666607
0.00027616895324187034,0.016666666666666607
0.00027617895284188636,0.016666666666666607
0.00027618895244190233,0.0
0.00027619895204191835,0.016666666666666607
0.0002762089516419343,0.016666666666666607
0.00027621895124195034,0.016666666666666607
0.00027622895084196636,0.016666666666666607
0.0002762389504419823,0.016666666666666607
0.00027624895004199835,0.016666666666666607
0.0002762589496420143,0.016666666666666607
0.00027626894924203033,0.016666666666666607
0.00027627894884204636,0.0
0.0002762889484420623,0.0
0.00027629894804207834,0.016666666666666607
0.0002763089476420943,0.016666666666666607
0.00027631894724211033,0.016666666666666607
0.00027632894684212635,0.016666666666666607
0.0002763389464421423,0.016666666666666607
0.00027634894604215834,0.016666666666666607
0.0002763589456421743,0.016666666666666607
0.00027636894524219033,0.016666666666666607
0.00027637894484220635,0.016666666666666607
0.0002763889444422223,0.016666666666666607
0.00027639894404223834,0.016666666666666607
0.0002764089436422543,0.016666666666666607
0.0002764189432422703,0.016666666666666607
0.00027642894284228634,0.016666666666666607
0.0002764389424423023,0.016666666666666607
0.00027644894204231833,0.016666666666666607
0.0002764589416423343,0.016666666666666607
0.0002764689412423503,0.016666666666666607
0.00027647894084236634,0.016666666666666607
0.0002764889404423823,0.016666666666666607
0.00027649894004239833,0.016666666666666607
0.0002765089396424143,0.016666666666666607
0.0002765189392424303,0.016666666666666607
0.00027652893884244634,0.016666666666666607
0.0002765389384424623,0.016666666666666607
0.0002765489380424783,0.0
0.0002765589376424943,0.016666666666666607
0.0002765689372425103,0.016666666666666607
0.00027657893684252633,0.0
0.0002765889364425423,0.016666666666666607
0.0002765989360425583,0.016666666666666607
0.0002766089356425743,0.016666666666666607
0.0002766189352425903,0.016666666666666607
0.00027662893484260633,0.0
0.0002766389344426223,0.016666666666666607
0.0002766489340426383,0.016666666666666607
0.0002766589336426543,0.0
0.0002766689332426703,0.016666666666666607
0.0002766789328426863,0.016666666666666607
0.0002766889324427023,0.016666666666666607
0.0002766989320427183,0.016666666666666607
0.0002767089316427343,0.0
0.0002767189312427503,0.016666666666666607
0.0002767289308427663,0.016666666666666607
0.0002767389304427823,0.016666666666666607
0.0002767489300427983,0.016666666666666607
0.0002767589296428143,0.016666666666666607
0.0002767689292428303,0.016666666666666607
0.0002767789288428463,0.016666666666666607
0.0002767889284428623,0.0
0.0002767989280428783,0.016666666666666607
0.0002768089276428943,0.0
0.0002768189272429103,0.016666666666666607
0.0002768289268429263,0.016666666666666607
0.0002768389264429423,0.016666666666666607
0.0002768489260429583,0.016666666666666607
0.0002768589256429743,0.016666666666666607
0.0002768689252429903,0.0
0.0002768789248430063,0.0
0.0002768889244430223,0.016666666666666607
0.0002768989240430383,0.016666666666666607
0.0002769089236430543,0.016666666666666607
0.0002769189232430703,0.0
0.0002769289228430863,0.016666666666666607
0.0002769389224431023,0.016666666666666607
0.0002769489220431183,0.016666666666666607
0.0002769589216431343,0.0
0.0002769689212431503,0.016666666666666607
0.0002769789208431663,0.016666666666666607
0.00027698892044318227,0.016666666666666607
0.0002769989200431983,0.016666666666666607
0.0002770089196432143,0.016666666666666607
0.0002770189192432303,0.0
0.0002770289188432463,0.016666666666666607
0.00027703891844326227,0.0
0.0002770489180432783,0.016666666666666607
0.0002770589176432943,0.016666666666666607
0.0002770689172433103,0.016666666666666607
0.0002770789168433263,0.016666666666666607
0.00027708891644334226,0.016666666666666607
0.0002770989160433583,0.0
0.0002771089156433743,0.0
0.00027711891524339027,0.016666666666666607
0.0002771289148434063,0.0
0.00027713891444342226,0.016666666666666607
0.0002771489140434383,0.016666666666666607
0.0002771589136434543,0.0
0.00027716891324347027,0.016666666666666607
0.0002771789128434863,0.016666666666666607
0.00027718891244350225,0.016666666666666607
0.0002771989120435183,0.016666666666666607
0.0002772089116435343,0.0
0.00027721891124355026,0.016666666666666607
0.0002772289108435663,0.016666666666666607
0.00027723891044358225,0.016666666666666607
0.00027724891004359827,0.016666666666666607
0.0002772589096436143,0.016666666666666607
0.00027726890924363026,0.016666666666666607
0.0002772789088436463,0.016666666666666607
0.00027728890844366225,0.016666666666666607
0.00027729890804367827,0.016666666666666607
0.0002773089076436943,0.016666666666666607
0.00027731890724371026,0.016666666666666607
0.0002773289068437263,0.016666666666666607
0.00027733890644374224,0.016666666666666607
0.00027734890604375826,0.0
0.0002773589056437743,0.016666666666666607
0.00027736890524379025,0.016666666666666607
0.00027737890484380627,0.016666666666666607
0.00027738890444382224,0.016666666666666607
0.00027739890404383826,0.0
0.0002774089036438543,0.016666666666666607
0.00027741890324387025,0.016666666666666607
0.00027742890284388627,0.016666666666666607
0.00027743890244390224,0.016666666666666607
0.00027744890204391826,0.0
0.0002774589016439343,0.016666666666666607
0.00027746890124395024,0.0
0.00027747890084396627,0.0
0.00027748890044398223,0.016666666666666607
0.00027749890004399825,0.016666666666666607
0.0002775088996440143,0.016666666666666607
0.00027751889924403024,0.016666666666666607
0.00027752889884404626,0.016666666666666607
0.00027753889844406223,0.016666666666666607
0.00027754889804407825,0.016666666666666607
0.00027755889764409427,0.016666666666666607
0.00027756889724411024,0.016666666666666607
0.00027757889684412626,0.016666666666666607
0.0002775888964441422,0.016666666666666607
0.00027759889604415825,0.016666666666666607
0.00027760889564417427,0.016666666666666607
0.00027761889524419023,0.0
0.00027762889484420625,0.0
0.0002776388944442222,0.016666666666666607
0.00027764889404423824,0.016666666666666607
0.00027765889364425426,0.016666666666666607
0.00027766889324427023,0.016666666666666607
0.00027767889284428625,0.016666666666666607
0.0002776888924443022,0.016666666666666607
0.00027769889204431824,0.016666666666666607
0.00027770889164433426,0.016666666666666607
0.0002777188912443502,0.0
0.00027772889084436625,0.016666666666666607
0.00027773889044438227,0.0
0.00027774889004439823,0.016666666666666607
0.00027775888964441425,0.016666666666666607
0.0002777688892444302,0.016666666666666607
0.00027777888884444624,0.016666666666666607
0.00027778888844446226,0.016666666666666607
0.00027779888804447823,0.016666666666666607
0.00027780888764449425,0.016666666666666607
0.0002778188872445102,0.016666666666666607
0.00027782888684452624,0.016666666666666607
0.00027783888644454226,0.0
0.0002778488860445582,0.016666666666666607
0.00027785888564457425,0.016666666666666607
0.0002778688852445902,0.033333333333333215
0.00027787888484460623,0.0
0.00027788888444462226,0.016666666666666607
0.0002778988840446382,0.0
0.00027790888364465424,0.016666666666666607
0.0002779188832446702,0.0
0.00027792888284468623,0.016666666666666607
0.00027793888244470225,0.016666666666666607
0.0002779488820447182,0.016666666666666607
0.00027795888164473424,0.016666666666666607
0.0002779688812447502,0.016666666666666607
0.00027797888084476623,0.016666666666666607
0.00027798888044478225,0.016666666666666607
0.0002779988800447982,0.0
0.00027800887964481424,0.016666666666666607
0.0002780188792448302,0.016666666666666607
0.0002780288788448462,0.016666666666666607
0.00027803887844486224,0.016666666666666607
0.0002780488780448782,0.033333333333333215
0.00027805887764489423,0.016666666666666607
0.0002780688772449102,0.016666666666666607
0.0002780788768449262,0.016666666666666607
0.00027808887644494224,0.016666666666666607
0.0002780988760449582,0.016666666666666607
0.00027810887564497423,0.0
0.0002781188752449902,0.016666666666666607
0.0002781288748450062,0.0
0.00027813887444502224,0.0
0.0002781488740450382,0.0
0.0002781588736450542,0.016666666666666607
0.0002781688732450702,0.016666666666666607
0.0002781788728450862,0.0
0.00027818887244510223,0.016666666666666607
0.0002781988720451182,0.016666666666666607
0.0002782088716451342,0.0
0.0002782188712451502,0.016666666666666607
0.0002782288708451662,0.016666666666666607
0.00027823887044518223,0.0
0.0002782488700451982,0.016666666666666607
0.0002782588696452142,0.016666666666666607
0.0002782688692452302,0.016666666666666607
0.0002782788688452462,0.016666666666666607
0.0002782888684452622,0.016666666666666607
0.0002782988680452782,0.016666666666666607
0.0002783088676452942,0.016666666666666607
0.0002783188672453102,0.016666666666666607
0.0002783288668453262,0.016666666666666607
0.0002783388664453422,0.0
0.0002783488660453582,0.0
0.0002783588656453742,0.016666666666666607
0.0002783688652453902,0.016666666666666607
0.0002783788648454062,0.016666666666666607
0.0002783888644454222,0.016666666666666607
0.0002783988640454382,0.0
0.0002784088636454542,0.0
0.00027841886324547017,0.0
0.0002784288628454862,0.0
0.0002784388624455022,0.016666666666666607
0.0002784488620455182,0.016666666666666607
0.0002784588616455342,0.0
0.00027846886124555017,0.016666666666666607
0.0002784788608455662,0.016666666666666607
0.0002784888604455822,0.016666666666666607
0.0002784988600455982,0.016666666666666607
0.0002785088596456142,0.016666666666666607
0.00027851885924563016,0.016666666666666607
0.0002785288588456462,0.016666666666666607
0.0002785388584456622,0.016666666666666607
0.0002785488580456782,0.016666666666666607
0.0002785588576456942,0.016666666666666607
0.00027856885724571016,0.016666666666666607
0.0002785788568457262,0.016666666666666607
0.0002785888564457422,0.016666666666666607
0.00027859885604575817,0.0
0.0002786088556457742,0.0
0.00027861885524579016,0.0
0.0002786288548458062,0.016666666666666607
0.0002786388544458222,0.016666666666666607
0.00027864885404583817,0.016666666666666607
0.0002786588536458542,0.0
0.0002786688532458702,0.016666666666666607
0.0002786788528458862,0.016666666666666607
0.0002786888524459022,0.016666666666666607
0.00027869885204591816,0.016666666666666607
0.0002787088516459342,0.016666666666666607
0.0002787188512459502,0.0
0.00027872885084596617,0.016666666666666607
0.0002787388504459822,0.016666666666666607
0.00027874885004599816,0.016666666666666607
0.0002787588496460142,0.016666666666666607
0.0002787688492460302,0.0
0.00027877884884604617,0.0
0.0002787888484460622,0.016666666666666607
0.00027879884804607815,0.033333333333333215
0.0002788088476460942,0.033333333333333215
0.0002788188472461102,0.016666666666666607
0.00027882884684612616,0.016666666666666607
0.0002788388464461422,0.0
0.00027884884604615815,0.016666666666666607
0.00027885884564617417,0.016666666666666607
0.0002788688452461902,0.016666666666666607
0.00027887884484620616,0.016666666666666607
0.0002788888444462222,0.0
0.00027889884404623815,0.0
0.00027890884364625417,0.0
0.0002789188432462702,0.0
0.00027892884284628616,0.016666666666666607
0.0002789388424463022,0.016666666666666607
0.00027894884204631814,0.016666666666666607
0.00027895884164633416,0.016666666666666607
0.0002789688412463502,0.016666666666666607
0.00027897884084636615,0.016666666666666607
0.00027898884044638217,0.0
0.00027899884004639814,0.016666666666666607
0.00027900883964641416,0.016666666666666607
0.0002790188392464302,0.016666666666666607
0.00027902883884644615,0.016666666666666607
0.00027903883844646217,0.016666666666666607
0.00027904883804647814,0.016666666666666607
0.00027905883764649416,0.0
0.0002790688372465102,0.016666666666666607
0.00027907883684652614,0.0
0.00027908883644654217,0.016666666666666607
0.00027909883604655813,0.016666666666666607
0.00027910883564657415,0.0
0.0002791188352465902,0.0
0.00027912883484660614,0.016666666666666607
0.00027913883444662216,0.016666666666666607
0.00027914883404663813,0.0
0.00027915883364665415,0.016666666666666607
0.00027916883324667017,0.016666666666666607
0.00027917883284668614,0.016666666666666607
0.00027918883244670216,0.033333333333333215
0.0002791988320467181,0.016666666666666607
0.00027920883164673415,0.016666666666666607
0.00027921883124675017,0.016666666666666607
0.00027922883084676613,0.016666666666666607
0.00027923883044678215,0.016666666666666607
0.0002792488300467981,0.016666666666666607
0.00027925882964681414,0.016666666666666607
0.00027926882924683016,0.016666666666666607
0.00027927882884684613,0.016666666666666607
0.00027928882844686215,0.0
0.0002792988280468781,0.0
0.00027930882764689414,0.016666666666666607
0.00027931882724691016,0.016666666666666607
0.0002793288268469261,0.016666666666666607
0.00027933882644694215,0.0
0.0002793488260469581,0.016666666666666607
0.00027935882564697413,0.016666666666666607
0.00027936882524699015,0.016666666666666607
0.0002793788248470061,0.0
0.00027938882444702214,0.0
0.0002793988240470381,0.0
0.00027940882364705413,0.016666666666666607
0.00027941882324707015,0.016666666666666607
0.0002794288228470861,0.016666666666666607
0.00027943882244710214,0.016666666666666607
0.0002794488220471181,0.016666666666666607
0.0002794588216471341,0.016666666666666607
0.00027946882124715015,0.016666666666666607
0.0002794788208471661,0.016666666666666607
0.00027948882044718213,0.016666666666666607
0.0002794988200471981,0.033333333333333215
0.0002795088196472141,0.016666666666666607
0.00027951881924723014,0.016666666666666607
0.0002795288188472461,0.0
0.00027953881844726213,0.0
0.0002795488180472781,0.016666666666666607
0.0002795588176472941,0.0
0.00027956881724731014,0.016666666666666607
0.0002795788168473261,0.0
0.00027958881644734213,0.0
0.00027959881604735815,0.016666666666666607
0.0002796088156473741,0.016666666666666607
0.00027961881524739014,0.0
0.0002796288148474061,0.0
0.0002796388144474221,0.016666666666666607
0.00027964881404743814,0.0
0.0002796588136474541,0.016666666666666607
0.00027966881324747013,0.016666666666666607
0.0002796788128474861,0.016666666666666607
0.0002796888124475021,0.016666666666666607
0.00027969881204751814,0.016666666666666607
0.0002797088116475341,0.016666666666666607
0.00027971881124755013,0.016666666666666607
0.0002797288108475661,0.016666666666666607
0.0002797388104475821,0.033333333333333215
0.00027974881004759814,0.016666666666666607
0.0002797588096476141,0.016666666666666607
0.0002797688092476301,0.016666666666666607
0.0002797788088476461,0.016666666666666607
0.0002797888084476621,0.016666666666666607
0.00027979880804767813,0.016666666666666607
0.0002798088076476941,0.016666666666666607
0.0002798188072477101,0.0
0.0002798288068477261,0.016666666666666607
0.0002798388064477421,0.0
0.00027984880604775813,0.016666666666666607
0.0002798588056477741,0.016666666666666607
0.0002798688052477901,0.0
0.0002798788048478061,0.0
0.0002798888044478221,0.016666666666666607
0.0002798988040478381,0.0
0.0002799088036478541,0.0
0.0002799188032478701,0.016666666666666607
0.0002799288028478861,0.016666666666666607
0.0002799388024479021,0.016666666666666607
0.0002799488020479181,0.016666666666666607
0.0002799588016479341,0.016666666666666607
0.0002799688012479501,0.016666666666666607
0.0002799788008479661,0.0
0.0002799888004479821,0.016666666666666607
0.0002799988000479981,0.016666666666666607
0.0002800087996480141,0.016666666666666607
0.0002800187992480301,0.016666666666666607
0.00028002879884804607,0.0
0.0002800387984480621,0.016666666666666607
0.0002800487980480781,0.016666666666666607
0.0002800587976480941,0.016666666666666607
0.0002800687972481101,0.0
0.00028007879684812607,0.0
0.0002800887964481421,0.0
0.0002800987960481581,0.016666666666666607
0.0002801087956481741,0.016666666666666607
0.0002801187952481901,0.016666666666666607
0.00028012879484820606,0.016666666666666607
0.0002801387944482221,0.016666666666666607
0.0002801487940482381,0.016666666666666607
0.0002801587936482541,0.016666666666666607
0.0002801687932482701,0.016666666666666607
0.00028017879284828606,0.0
0.0002801887924483021,0.016666666666666607
0.0002801987920483181,0.016666666666666607
0.00028020879164833407,0.016666666666666607
0.0002802187912483501,0.016666666666666607
0.00028022879084836606,0.016666666666666607
0.0002802387904483821,0.0
0.0002802487900483981,0.0
0.00028025878964841407,0.016666666666666607
0.0002802687892484301,0.016666666666666607
0.00028027878884844605,0.016666666666666607
0.0002802887884484621,0.016666666666666607
0.0002802987880484781,0.0
0.00028030878764849406,0.016666666666666607
0.0002803187872485101,0.016666666666666607
0.00028032878684852605,0.016666666666666607
0.00028033878644854207,0.016666666666666607
0.0002803487860485581,0.016666666666666607
0.00028035878564857406,0.016666666666666607
0.0002803687852485901,0.016666666666666607
0.00028037878484860605,0.016666666666666607
0.00028038878444862207,0.016666666666666607
0.0002803987840486381,0.016666666666666607
0.00028040878364865405,0.016666666666666607
0.0002804187832486701,0.016666666666666607
0.00028042878284868604,0.016666666666666607
0.00028043878244870206,0.016666666666666607
0.0002804487820487181,0.0
0.00028045878164873405,0.016666666666666607
0.00028046878124875007,0.016666666666666607
0.00028047878084876604,0.016666666666666607
0.00028048878044878206,0.016666666666666607
0.0002804987800487981,0.016666666666666607
0.00028050877964881405,0.016666666666666607
0.00028051877924883007,0.0
0.0002805287788488461,0.016666666666666607
0.00028053877844886206,0.016666666666666607
0.0002805487780488781,0.0
0.00028055877764889404,0.0
0.00028056877724891006,0.0
0.0002805787768489261,0.016666666666666607
0.00028058877644894205,0.016666666666666607
0.00028059877604895807,0.016666666666666607
0.00028060877564897404,0.016666666666666607
0.00028061877524899006,0.016666666666666607
0.0002806287748490061,0.016666666666666607
0.00028063877444902205,0.016666666666666607
0.00028064877404903807,0.016666666666666607
0.00028065877364905404,0.016666666666666607
0.00028066877324907006,0.016666666666666607
0.0002806787728490861,0.016666666666666607
0.00028068877244910204,0.016666666666666607
0.00028069877204911807,0.0
0.00028070877164913403,0.0
0.00028071877124915005,0.016666666666666607
0.0002807287708491661,0.0
0.00028073877044918204,0.016666666666666607
0.00028074877004919806,0.016666666666666607
0.00028075876964921403,0.0
0.00028076876924923005,0.016666666666666607
0.00028077876884924607,0.033333333333333215
0.00028078876844926204,0.016666666666666607
0.00028079876804927806,0.0
0.000280808767649294,0.0
0.00028081876724931005,0.0
0.00028082876684932607,0.016666666666666607
0.00028083876644934203,0.016666666666666607
0.00028084876604935805,0.033333333333333215
0.000280858765649374,0.016666666666666607
0.00028086876524939004,0.0
0.00028087876484940606,0.0
0.00028088876444942203,0.016666666666666607
0.00028089876404943805,0.016666666666666607
0.000280908763649454,0.016666666666666607
0.00028091876324947004,0.033333333333333215
0.00028092876284948606,0.016666666666666607
0.000280938762449502,-0.016666666666666607
0.00028094876204951805,0.0
0.000280958761649534,0.0
0.00028096876124955003,0.0
0.00028097876084956605,0.016666666666666607
0.000280988760449582,0.016666666666666607
0.00028099876004959804,0.016666666666666607
0.000281008759649614,0.016666666666666607
0.00028101875924963003,0.0
0.00028102875884964605,0.016666666666666607
0.000281038758449662,0.016666666666666607
0.00028104875804967804,0.016666666666666607
0.000281058757649694,0.016666666666666607
0.00028106875724971,0.016666666666666607
0.00028107875684972605,0.016666666666666607
0.000281088756449742,0.0
0.00028109875604975803,0.016666666666666607
0.000281108755649774,0.016666666666666607
0.00028111875524979,0.016666666666666607
0.00028112875484980604,0.016666666666666607
0.000281138754449822,0.0
0.00028114875404983803,0.016666666666666607
0.000281158753649854,0.0
0.00028116875324987,0.016666666666666607
0.00028117875284988604,0.0
0.000281188752449902,0.016666666666666607
0.00028119875204991803,0.0
0.000281208751649934,0.0
0.00028121875124995,0.016666666666666607
0.00028122875084996604,0.0
0.000281238750449982,0.016666666666666607
0.000281248750049998,0.016666666666666607
0.000281258749650014,0.016666666666666607
0.00028126874925003,0.016666666666666607
0.00028127874885004603,0.016666666666666607
0.000281288748450062,0.016666666666666607
0.000281298748050078,0.016666666666666607
0.000281308747650094,0.016666666666666607
0.00028131874725011,0.016666666666666607
0.00028132874685012603,0.016666666666666607
0.000281338746450142,0.016666666666666607
0.000281348746050158,0.016666666666666607
0.000281358745650174,0.016666666666666607
0.00028136874525019,0.016666666666666607
0.000281378744850206,0.0
0.000281388744450222,0.0
0.000281398744050238,0.016666666666666607
0.000281408743650254,0.016666666666666607
0.00028141874325027,0.0
0.000281428742850286,0.0
0.000281438742450302,0.0
0.000281448742050318,0.016666666666666607
0.00028145874165033403,0.0
0.00028146874125035,0.016666666666666607
0.000281478740850366,0.016666666666666607
0.000281488740450382,0.016666666666666607
0.000281498740050398,0.0
0.000281508739650414,0.0
0.00028151873925043,0.0
0.000281528738850446,0.016666666666666607
0.000281538738450462,0.016666666666666607
0.000281548738050478,0.016666666666666607
0.000281558737650494,0.016666666666666607
0.00028156873725051,0.0
0.000281578736850526,0.016666666666666607
0.000281588736450542,0.016666666666666607
0.000281598736050558,0.016666666666666607
0.000281608735650574,0.016666666666666607
0.00028161873525059,0.016666666666666607
0.000281628734850606,0.016666666666666607
0.00028163873445062197,0.016666666666666607
0.000281648734050638,0.016666666666666607
0.000281658733650654,0.016666666666666607
0.00028166873325067,0.016666666666666607
0.000281678732850686,0.0
0.00028168873245070197,0.016666666666666607
0.000281698732050718,0.016666666666666607
0.000281708731650734,0.016666666666666607
0.00028171873125075,0.0
0.000281728730850766,0.016666666666666607
0.00028173873045078196,0.016666666666666607
0.000281748730050798,0.016666666666666607
0.000281758729650814,0.016666666666666607
0.00028176872925083,0.016666666666666607
0.000281778728850846,0.016666666666666607
0.00028178872845086196,0.016666666666666607
0.000281798728050878,0.0
0.000281808727650894,0.016666666666666607
0.00028181872725090997,0.016666666666666607
0.000281828726850926,0.016666666666666607
0.00028183872645094196,0.016666666666666607
0.000281848726050958,0.016666666666666607
0.000281858725650974,0.0
0.00028186872525098997,0.016666666666666607
0.000281878724851006,0.016666666666666607
0.00028188872445102195,0.016666666666666607
0.000281898724051038,0.016666666666666607
0.000281908723651054,0.016666666666666607
0.00028191872325106996,0.016666666666666607
0.000281928722851086,0.0
0.00028193872245110195,0.016666666666666607
0.00028194872205111797,0.016666666666666607
0.000281958721651134,0.0
0.00028196872125114996,0.016666666666666607
0.000281978720851166,0.016666666666666607
0.00028198872045118195,0.016666666666666607
0.00028199872005119797,0.016666666666666607
0.000282008719651214,0.016666666666666607
0.00028201871925122995,0.016666666666666607
0.000282028718851246,0.016666666666666607
0.00028203871845126194,0.016666666666666607
0.00028204871805127796,0.016666666666666607
0.000282058717651294,0.016666666666666607
0.00028206871725130995,0.016666666666666607
0.00028207871685132597,0.0
0.00028208871645134194,0.0
0.00028209871605135796,0.0
0.000282108715651374,0.016666666666666607
0.00028211871525138995,0.0
0.00028212871485140597,0.0
0.00028213871445142193,0.016666666666666607
0.00028214871405143796,0.016666666666666607
0.000282158713651454,0.016666666666666607
0.00028216871325146994,0.0
0.00028217871285148596,0.0
0.00028218871245150193,0.016666666666666607
0.00028219871205151795,0.0
0.00028220871165153397,0.016666666666666607
0.00028221871125154994,0.016666666666666607
0.00028222871085156596,0.016666666666666607
0.0002822387104515819,0.0
0.00028224871005159795,0.016666666666666607
0.00028225870965161397,0.016666666666666607
0.00028226870925162994,0.0
0.00028227870885164596,0.016666666666666607
0.0002822887084516619,0.016666666666666607
0.00028229870805167794,0.016666666666666607
0.00028230870765169397,0.016666666666666607
0.00028231870725170993,0.0
0.00028232870685172595,0.016666666666666607
0.0002823387064517419,0.0
0.00028234870605175794,0.016666666666666607
0.00028235870565177396,0.016666666666666607
0.00028236870525178993,0.016666666666666607
0.00028237870485180595,0.016666666666666607
0.0002823887044518219,0.0
0.00028239870405183794,0.0
0.00028240870365185396,0.016666666666666607
0.0002824187032518699,0.016666666666666607
0.00028242870285188595,0.0
0.00028243870245190197,0.016666666666666607
0.00028244870205191793,0.016666666666666607
0.00028245870165193395,0.0
0.0002824687012519499,0.016666666666666607
0.00028247870085196594,0.016666666666666607
0.00028248870045198196,0.016666666666666607
0.00028249870005199793,0.016666666666666607
0.00028250869965201395,0.016666666666666607
0.0002825186992520299,0.016666666666666607
0.00028252869885204594,0.016666666666666607
0.00028253869845206196,0.016666666666666607
0.0002825486980520779,0.0
0.00028255869765209395,0.016666666666666607
0.0002825686972521099,0.016666666666666607
0.00028257869685212593,0.016666666666666607
0.00028258869645214195,0.016666666666666607
0.0002825986960521579,0.0
0.00028260869565217394,0.0
0.0002826186952521899,0.016666666666666607
0.00028262869485220593,0.0
0.00028263869445222195,0.0
0.0002826486940522379,0.016666666666666607
0.00028265869365225394,0.016666666666666607
0.0002826686932522699,0.016666666666666607
0.0002826786928522859,0.016666666666666607
0.00028268869245230195,0.016666666666666607
0.0002826986920523179,0.0
0.00028270869165233393,0.016666666666666607
0.0002827186912523499,0.016666666666666607
0.0002827286908523659,0.016666666666666607
0.00028273869045238194,0.016666666666666607
0.0002827486900523979,0.016666666666666607
0.00028275868965241393,0.016666666666666607
0.0002827686892524299,0.016666666666666607
0.0002827786888524459,0.0
0.00028278868845246194,0.016666666666666607
0.0002827986880524779,0.016666666666666607
0.00028280868765249393,0.016666666666666607
0.0002828186872525099,0.016666666666666607
0.0002828286868525259,0.0
0.00028283868645254194,0.016666666666666607
0.0002828486860525579,0.016666666666666607
0.0002828586856525739,0.016666666666666607
0.0002828686852525899,0.016666666666666607
0.0002828786848526059,0.016666666666666607
0.00028288868445262193,0.016666666666666607
0.0002828986840526379,0.0
0.0002829086836526539,0.016666666666666607
0.0002829186832526699,0.0
0.0002829286828526859,0.0
0.00028293868245270193,0.0
0.0002829486820527179,0.016666666666666607
0.0002829586816527339,0.016666666666666607
0.0002829686812527499,0.016666666666666607
0.0002829786808527659,0.0
0.0002829886804527819,0.016666666666666607
0.0002829986800527979,0.016666666666666607
0.0002830086796528139,0.0
0.0002830186792528299,0.0
0.0002830286788528459,0.0
0.0002830386784528619,0.016666666666666607
0.0002830486780528779,0.016666666666666607
0.0002830586776528939,0.016666666666666607
0.0002830686772529099,0.0
0.0002830786768529259,0.0
0.0002830886764529419,0.016666666666666607
0.0002830986760529579,0.016666666666666607
0.0002831086756529739,0.016666666666666607
0.00028311867525298987,0.0
0.0002831286748530059,0.016666666666666607
0.0002831386744530219,0.016666666666666607
0.0002831486740530379,0.0
0.0002831586736530539,0.016666666666666607
0.00028316867325306987,0.016666666666666607
0.0002831786728530859,0.016666666666666607
0.0002831886724531019,0.0
0.0002831986720531179,0.0
0.0002832086716531339,0.016666666666666607
0.00028321867125314986,0.016666666666666607
0.0002832286708531659,0.0
0.0002832386704531819,0.0
0.00028324867005319787,0.016666666666666607
0.0002832586696532139,0.0
0.00028326866925322986,0.016666666666666607
0.0002832786688532459,0.0
0.0002832886684532619,0.016666666666666607
0.00028329866805327787,0.016666666666666607
0.0002833086676532939,0.016666666666666607
0.00028331866725330986,0.016666666666666607
0.0002833286668533259,0.016666666666666607
0.0002833386664533419,0.016666666666666607
0.00028334866605335786,0.0
0.0002833586656533739,0.0
0.0002833686652533899,0.016666666666666607
0.0002833786648534059,0.016666666666666607
0.0002833886644534219,0.016666666666666607
0.00028339866405343786,0.016666666666666607
0.0002834086636534539,0.016666666666666607
0.0002834186632534699,0.016666666666666607
0.00028342866285348587,0.016666666666666607
0.0002834386624535019,0.0
0.00028344866205351786,0.016666666666666607
0.0002834586616535339,0.016666666666666607
0.0002834686612535499,0.0
0.00028347866085356587,0.016666666666666607
0.0002834886604535819,0.016666666666666607
0.00028349866005359785,0.016666666666666607
0.0002835086596536139,0.016666666666666607
0.0002835186592536299,0.0
0.00028352865885364586,0.0
0.0002835386584536619,0.0
0.00028354865805367785,0.016666666666666607
0.00028355865765369387,0.016666666666666607
0.0002835686572537099,0.0
0.00028357865685372586,0.016666666666666607
0.0002835886564537419,0.0
0.00028359865605375785,0.016666666666666607
0.00028360865565377387,0.016666666666666607
0.0002836186552537899,0.016666666666666607
0.00028362865485380585,0.016666666666666607
0.0002836386544538219,0.0
0.00028364865405383784,0.016666666666666607
0.00028365865365385386,0.0
0.0002836686532538699,0.016666666666666607
0.00028367865285388585,0.0
0.00028368865245390187,0.016666666666666607
0.00028369865205391784,0.016666666666666607
0.00028370865165393386,0.0
0.0002837186512539499,0.016666666666666607
0.00028372865085396585,0.016666666666666607
0.00028373865045398187,0.0
0.00028374865005399783,0.016666666666666607
0.00028375864965401386,0.0
0.0002837686492540299,0.016666666666666607
0.00028377864885404584,0.0
0.00028378864845406186,0.0
0.00028379864805407783,0.016666666666666607
0.00028380864765409385,0.016666666666666607
0.00028381864725410987,0.0
0.00028382864685412584,0.016666666666666607
0.00028383864645414186,0.0
0.00028384864605415783,0.016666666666666607
0.00028385864565417385,0.016666666666666607
0.00028386864525418987,0.0
0.00028387864485420584,0.0
0.00028388864445422186,0.0
0.0002838986440542378,0.0
0.00028390864365425384,0.016666666666666607
0.00028391864325426987,0.016666666666666607
0.00028392864285428583,0.0
0.00028393864245430185,0.016666666666666607
0.0002839486420543178,0.0
0.00028395864165433384,0.016666666666666607
0.00028396864125434986,0.016666666666666607
0.00028397864085436583,0.0
0.00028398864045438185,0.016666666666666607
0.0002839986400543978,0.016666666666666607
0.00028400863965441384,0.016666666666666607
0.00028401863925442986,0.0
0.0002840286388544458,0.016666666666666607
0.00028403863845446185,0.016666666666666607
0.0002840486380544778,0.016666666666666607
0.00028405863765449383,0.0
0.00028406863725450985,0.0
0.0002840786368545258,0.016666666666666607
0.00028408863645454184,0.016666666666666607
0.0002840986360545578,0.0
0.00028410863565457383,0.016666666666666607
0.00028411863525458985,0.016666666666666607
0.0002841286348546058,0.016666666666666607
0.00028413863445462184,0.016666666666666607
0.0002841486340546378,0.0
0.0002841586336546538,0.0
0.00028416863325466985,0.016666666666666607
0.0002841786328546858,0.0
0.00028418863245470183,0.0
0.0002841986320547178,0.0
0.0002842086316547338,0.016666666666666607
0.00028421863125474984,0.016666666666666607
0.0002842286308547658,0.0
0.00028423863045478183,0.0
0.0002842486300547978,0.016666666666666607
0.0002842586296548138,0.016666666666666607
0.00028426862925482984,0.016666666666666607
0.0002842786288548458,0.016666666666666607
0.0002842886284548618,0.016666666666666607
0.00028429862805487785,0.0
0.0002843086276548938,0.016666666666666607
0.00028431862725490983,0.0
0.0002843286268549258,0.016666666666666607
0.0002843386264549418,0.0
0.00028434862605495784,0.016666666666666607
0.0002843586256549738,0.0
0.00028436862525498983,0.016666666666666607
0.0002843786248550058,0.0
0.0002843886244550218,0.016666666666666607
0.00028439862405503784,0.016666666666666607
0.0002844086236550538,0.016666666666666607
0.00028441862325506983,0.016666666666666607
0.0002844286228550858,0.016666666666666607
0.0002844386224551018,0.0
0.00028444862205511784,0.016666666666666607
0.0002844586216551338,0.0
0.0002844686212551498,0.0
0.0002844786208551658,0.016666666666666607
0.0002844886204551818,0.016666666666666607
0.00028449862005519783,0.0
0.0002845086196552138,0.016666666666666607
0.0002845186192552298,0.016666666666666607
0.0002845286188552458,0.0
0.0002845386184552618,0.016666666666666607
0.00028454861805527783,0.0
0.0002845586176552938,0.0
0.0002845686172553098,0.016666666666666607
0.0002845786168553258,0.0
0.0002845886164553418,0.016666666666666607
0.0002845986160553578,0.016666666666666607
0.0002846086156553738,0.016666666666666607
0.0002846186152553898,0.0
0.0002846286148554058,0.016666666666666607
0.0002846386144554218,0.0
0.0002846486140554378,0.016666666666666607
0.0002846586136554538,0.016666666666666607
0.0002846686132554698,0.016666666666666607
0.0002846786128554858,0.0
0.0002846886124555018,0.016666666666666607
0.0002846986120555178,0.0
0.0002847086116555338,0.0
0.0002847186112555498,0.016666666666666607
0.00028472861085556577,0.016666666666666607
0.0002847386104555818,0.0
0.0002847486100555978,0.016666666666666607
0.0002847586096556138,0.0
0.0002847686092556298,0.016666666666666607
0.00028477860885564577,0.016666666666666607
0.0002847886084556618,0.016666666666666607
0.0002847986080556778,0.0
0.0002848086076556938,0.016666666666666607
0.0002848186072557098,0.016666666666666607
0.00028482860685572576,0.0
0.0002848386064557418,0.0
0.0002848486060557578,0.016666666666666607
0.00028485860565577377,0.0
0.0002848686052557898,0.0
0.00028487860485580576,0.016666666666666607
0.0002848886044558218,0.0
0.0002848986040558378,0.0
0.00028490860365585377,0.0
0.0002849186032558698,0.0
0.00028492860285588576,0.016666666666666607
0.0002849386024559018,0.016666666666666607
0.0002849486020559178,0.0
0.00028495860165593376,0.016666666666666607
0.0002849686012559498,0.016666666666666607
0.00028497860085596575,0.0
0.0002849886004559818,0.0
0.0002849986000559978,0.0
0.00028500859965601376,0.016666666666666607
0.0002850185992560298,0.016666666666666607
0.00028502859885604575,0.016666666666666607
0.00028503859845606177,0.0
0.0002850485980560778,0.016666666666666607
0.00028505859765609376,0.0
0.0002850685972561098,0.0
0.00028507859685612575,0.016666666666666607
0.00028508859645614177,0.016666666666666607
0.0002850985960561578,0.0
0.00028510859565617375,0.016666666666666607
0.0002851185952561898,0.0
0.00028512859485620574,0.016666666666666607
0.00028513859445622176,0.016666666666666607
0.0002851485940562378,0.016666666666666607
0.00028515859365625375,0.016666666666666607
0.00028516859325626977,0.016666666666666607
0.00028517859285628574,0.016666666666666607
0.00028518859245630176,0.016666666666666607
0.0002851985920563178,0.0
0.00028520859165633375,0.016666666666666607
0.00028521859125634977,0.0
0.0002852285908563658,0.016666666666666607
0.00028523859045638175,0.0
0.0002852485900563978,0.016666666666666607
0.00028525858965641374,0.0
0.00028526858925642976,0.0
0.0002852785888564458,0.0
0.00028528858845646175,0.016666666666666607
0.00028529858805647777,0.016666666666666607
0.00028530858765649374,0.0
0.00028531858725650976,0.0
0.0002853285868565258,0.016666666666666607
0.00028533858645654175,0.016666666666666607
0.00028534858605655777,0.016666666666666607
0.00028535858565657373,0.0
0.00028536858525658976,0.016666666666666607
0.0002853785848566058,0.016666666666666607
0.00028538858445662174,0.016666666666666607
0.00028539858405663776,0.016666666666666607
0.00028540858365665373,0.016666666666666607
0.00028541858325666975,0.0
0.00028542858285668577,0.016666666666666607
0.00028543858245670174,0.016666666666666607
0.00028544858205671776,0.016666666666666607
0.00028545858165673373,0.016666666666666607
0.00028546858125674975,0.016666666666666607
0.00028547858085676577,0.016666666666666607
0.00028548858045678174,0.016666666666666607
0.00028549858005679776,0.016666666666666607
0.0002855085796568137,0.0
0.00028551857925682974,0.016666666666666607
0.00028552857885684577,0.016666666666666607
0.00028553857845686173,0.016666666666666607
0.00028554857805687775,0.016666666666666607
0.0002855585776568937,0.016666666666666607
0.00028556857725690974,0.016666666666666607
0.00028557857685692576,0.0
0.00028558857645694173,0.016666666666666607
0.00028559857605695775,0.016666666666666607
0.0002856085756569737,0.016666666666666607
0.00028561857525698974,0.0
0.00028562857485700576,0.0
0.0002856385744570217,0.0
0.00028564857405703775,0.016666666666666607
0.0002856585736570537,0.0
0.00028566857325706973,0.0
0.00028567857285708575,0.016666666666666607
0.0002856885724571017,0.016666666666666607
0.00028569857205711774,0.016666666666666607
0.0002857085716571337,0.016666666666666607
0.00028571857125714973,0.0
0.00028572857085716575,0.0
0.0002857385704571817,0.016666666666666607
0.00028574857005719774,0.016666666666666607
0.0002857585696572137,0.016666666666666607
0.0002857685692572297,0.016666666666666607
0.00028577856885724575,0.016666666666666607
0.0002857885684572617,0.0
0.00028579856805727773,0.0
0.0002858085676572937,0.016666666666666607
0.0002858185672573097,0.0
0.00028582856685732574,0.016666666666666607
0.0002858385664573417,0.016666666666666607
0.00028584856605735773,0.016666666666666607
0.0002858585656573737,0.0
0.0002858685652573897,0.016666666666666607
0.00028587856485740574,0.0
0.0002858885644574217,0.0
0.0002858985640574377,0.016666666666666607
0.0002859085636574537,0.016666666666666607
0.0002859185632574697,0.0
0.00028592856285748574,0.016666666666666607
0.0002859385624575017,0.016666666666666607
0.0002859485620575177,0.016666666666666607
0.0002859585616575337,0.0
0.0002859685612575497,0.016666666666666607
0.00028597856085756573,0.0
0.0002859885604575817,0.0
0.0002859985600575977,0.016666666666666607
0.0002860085596576137,0.016666666666666607
0.0002860185592576297,0.0
0.00028602855885764573,0.0
0.0002860385584576617,0.0
0.0002860485580576777,0.016666666666666607
0.0002860585576576937,0.0
0.0002860685572577097,0.0
0.0002860785568577257,0.016666666666666607
0.0002860885564577417,0.0
0.0002860985560577577,0.016666666666666607
0.0002861085556577737,0.0
0.0002861185552577897,0.016666666666666607
0.0002861285548578057,0.0
0.0002861385544578217,0.016666666666666607
0.0002861485540578377,0.0
0.00028615855365785373,0.016666666666666607
0.0002861685532578697,0.0
0.0002861785528578857,0.016666666666666607
0.0002861885524579017,0.016666666666666607
0.0002861985520579177,0.016666666666666607
0.0002862085516579337,0.016666666666666607
0.0002862185512579497,0.0
0.0002862285508579657,0.016666666666666607
0.0002862385504579817,0.016666666666666607
0.0002862485500579977,0.0
0.0002862585496580137,0.016666666666666607
0.0002862685492580297,0.016666666666666607
0.0002862785488580457,0.0
0.0002862885484580617,0.016666666666666607
0.0002862985480580777,0.016666666666666607
0.0002863085476580937,0.0
0.0002863185472581097,0.0
0.0002863285468581257,0.016666666666666607
0.00028633854645814167,0.016666666666666607
0.0002863485460581577,0.016666666666666607
0.0002863585456581737,0.0
0.0002863685452581897,0.016666666666666607
0.0002863785448582057,0.0
0.00028638854445822167,0.0
0.0002863985440582377,0.016666666666666607
0.0002864085436582537,0.016666666666666607
0.0002864185432582697,0.016666666666666607
0.0002864285428582857,0.0
0.00028643854245830166,0.0
0.0002864485420583177,0.016666666666666607
0.0002864585416583337,0.0
0.00028646854125834967,0.016666666666666607
0.0002864785408583657,0.016666666666666607
0.00028648854045838166,0.0
0.0002864985400583977,0.0
0.0002865085396584137,0.016666666666666607
0.00028651853925842967,0.016666666666666607
0.0002865285388584457,0.016666666666666607
0.00028653853845846166,0.016666666666666607
0.0002865485380584777,0.016666666666666607
0.0002865585376584937,0.016666666666666607
0.00028656853725850966,0.016666666666666607
0.0002865785368585257,0.016666666666666607
0.00028658853645854165,0.0
0.0002865985360585577,0.016666666666666607
0.0002866085356585737,0.0
0.00028661853525858966,0.0
0.0002866285348586057,0.016666666666666607
0.00028663853445862165,0.0
0.00028664853405863767,0.016666666666666607
0.0002866585336586537,0.0
0.00028666853325866966,0.0
0.0002866785328586857,0.0
0.00028668853245870165,0.016666666666666607
0.00028669853205871767,0.016666666666666607
0.0002867085316587337,0.016666666666666607
0.00028671853125874965,0.016666666666666607
0.0002867285308587657,0.016666666666666607
0.00028673853045878164,0.0
0.00028674853005879766,0.016666666666666607
0.0002867585296588137,0.016666666666666607
0.00028676852925882965,0.016666666666666607
0.00028677852885884567,0.0
0.00028678852845886164,0.016666666666666607
0.00028679852805887766,0.016666666666666607
0.0002868085276588937,0.0
0.00028681852725890965,0.0
0.00028682852685892567,0.016666666666666607
0.00028683852645894163,0.0
0.00028684852605895765,0.016666666666666607
0.0002868585256589737,0.0
0.00028686852525898964,0.016666666666666607
0.00028687852485900566,0.016666666666666607
0.00028688852445902163,0.016666666666666607
0.00028689852405903765,0.016666666666666607
0.00028690852365905367,0.016666666666666607
0.00028691852325906964,0.0
0.00028692852285908566,0.016666666666666607
0.0002869385224591016,0.016666666666666607
0.00028694852205911765,0.016666666666666607
0.00028695852165913367,0.0
0.00028696852125914963,0.016666666666666607
0.00028697852085916566,0.0
0.0002869885204591816,0.0
0.00028699852005919764,0.016666666666666607
0.00028700851965921366,0.016666666666666607
0.00028701851925922963,0.016666666666666607
0.00028702851885924565,0.0
0.0002870385184592616,0.016666666666666607
0.00028704851805927764,0.016666666666666607
0.00028705851765929366,0.0
0.00028706851725930963,0.0
0.00028707851685932565,0.016666666666666607
0.00028708851645934167,0.0
0.00028709851605935764,0.016666666666666607
0.00028710851565937366,0.016666666666666607
0.0002871185152593896,0.016666666666666607
0.00028712851485940564,0.0
0.00028713851445942167,0.0
0.00028714851405943763,0.016666666666666607
0.00028715851365945365,0.016666666666666607
0.0002871685132594696,0.016666666666666607
0.00028717851285948564,0.016666666666666607
0.00028718851245950166,0.016666666666666607
0.00028719851205951763,0.0
0.00028720851165953365,0.016666666666666607
0.0002872185112595496,0.016666666666666607
0.00028722851085956564,0.016666666666666607
0.00028723851045958166,0.0
0.0002872485100595976,0.016666666666666607
0.00028725850965961365,0.016666666666666607
0.0002872685092596296,0.0
0.00028727850885964563,0.016666666666666607
0.00028728850845966165,0.0
0.0002872985080596776,0.016666666666666607
0.00028730850765969364,0.016666666666666607
0.0002873185072597096,0.0
0.00028732850685972563,0.016666666666666607
0.00028733850645974165,0.016666666666666607
0.0002873485060597576,0.016666666666666607
0.00028735850565977364,0.016666666666666607
0.0002873685052597896,0.016666666666666607
0.0002873785048598056,0.016666666666666607
0.00028738850445982165,0.0
0.0002873985040598376,0.0
0.00028740850365985363,0.016666666666666607
0.0002874185032598696,0.016666666666666607
0.0002874285028598856,0.0
0.00028743850245990164,0.0
0.0002874485020599176,0.016666666666666607
0.00028745850165993363,0.016666666666666607
0.0002874685012599496,0.0
0.0002874785008599656,0.016666666666666607
0.00028748850045998164,0.016666666666666607
0.0002874985000599976,0.0
0.0002875084996600136,0.016666666666666607
0.0002875184992600296,0.0
0.0002875284988600456,0.016666666666666607
0.00028753849846006164,0.0
0.0002875484980600776,0.016666666666666607
0.0002875584976600936,0.016666666666666607
0.0002875684972601096,0.016666666666666607
0.0002875784968601256,0.016666666666666607
0.00028758849646014163,0.016666666666666607
0.0002875984960601576,0.016666666666666607
0.0002876084956601736,0.016666666666666607
0.0002876184952601896,0.0
0.0002876284948602056,0.016666666666666607
0.00028763849446022163,0.016666666666666607
0.0002876484940602376,0.016666666666666607
0.0002876584936602536,0.0
0.0002876684932602696,0.016666666666666607
0.0002876784928602856,0.016666666666666607
0.0002876884924603016,0.016666666666666607
0.0002876984920603176,0.016666666666666607
0.0002877084916603336,0.016666666666666607
0.0002877184912603496,0.016666666666666607
0.0002877284908603656,0.0
0.0002877384904603816,0.016666666666666607
0.0002877484900603976,0.016666666666666607
0.0002877584896604136,0.016666666666666607
0.0002877684892604296,0.0
0.0002877784888604456,0.0
0.0002877884884604616,0.016666666666666607
0.0002877984880604776,0.016666666666666607
0.0002878084876604936,0.0
0.00028781848726050957,0.016666666666666607
0.0002878284868605256,0.016666666666666607
0.0002878384864605416,0.0
0.0002878484860605576,0.016666666666666607
0.0002878584856605736,0.0
0.00028786848526058957,0.016666666666666607
0.0002878784848606056,0.016666666666666607
0.0002878884844606216,0.0
0.0002878984840606376,0.016666666666666607
0.0002879084836606536,0.016666666666666607
0.00028791848326066956,0.016666666666666607
0.0002879284828606856,0.016666666666666607
0.0002879384824607016,0.016666666666666607
0.00028794848206071757,0.016666666666666607
0.0002879584816607336,0.016666666666666607
0.00028796848126074956,0.016666666666666607
0.0002879784808607656,0.016666666666666607
0.0002879884804607816,0.016666666666666607
0.00028799848006079757,0.0
0.0002880084796608136,0.016666666666666607
0.0002880184792608296,0.0
0.0002880284788608456,0.016666666666666607
0.0002880384784608616,0.016666666666666607
0.00028804847806087756,0.016666666666666607
0.0002880584776608936,0.016666666666666607
0.0002880684772609096,0.016666666666666607
0.00028807847686092557,0.016666666666666607
0.0002880884764609416,0.016666666666666607
0.00028809847606095756,0.016666666666666607
0.0002881084756609736,0.016666666666666607
0.0002881184752609896,0.0
0.00028812847486100557,0.016666666666666607
0.0002881384744610216,0.016666666666666607
0.00028814847406103756,0.016666666666666607
0.0002881584736610536,0.0
0.0002881684732610696,0.016666666666666607
0.00028817847286108557,0.016666666666666607
0.0002881884724611016,0.0
0.00028819847206111755,0.016666666666666607
0.0002882084716611336,0.016666666666666607
0.0002882184712611496,0.0
0.00028822847086116556,0.016666666666666607
0.0002882384704611816,0.016666666666666607
0.00028824847006119755,0.016666666666666607
0.00028825846966121357,0.0
0.0002882684692612296,0.0
0.00028827846886124556,0.016666666666666607
0.0002882884684612616,0.0
0.00028829846806127755,0.0
0.00028830846766129357,0.016666666666666607
0.0002883184672613096,0.016666666666666607
0.00028832846686132555,0.0
0.0002883384664613416,0.016666666666666607
0.00028834846606135754,0.016666666666666607
0.00028835846566137356,0.016666666666666607
0.0002883684652613896,0.016666666666666607
0.00028837846486140555,0.0
0.00028838846446142157,0.016666666666666607
0.00028839846406143754,0.016666666666666607
0.00028840846366145356,0.0
0.0002884184632614696,0.016666666666666607
0.00028842846286148555,0.0
0.00028843846246150157,0.016666666666666607
0.00028844846206151753,0.016666666666666607
0.00028845846166153355,0.0
0.0002884684612615496,0.0
0.00028847846086156554,0.0
0.00028848846046158156,0.016666666666666607
0.00028849846006159753,0.0
0.00028850845966161355,0.016666666666666607
0.00028851845926162957,0.0
0.00028852845886164554,0.016666666666666607
0.00028853845846166156,0.016666666666666607
0.0002885484580616775,0.016666666666666607
0.00028855845766169355,0.016666666666666607
0.00028856845726170957,0.016666666666666607
0.00028857845686172553,0.016666666666666607
0.00028858845646174156,0.0
0.0002885984560617575,0.0
0.00028860845566177354,0.0
0.00028861845526178956,0.016666666666666607
0.00028862845486180553,0.016666666666666607
0.00028863845446182155,0.0
0.0002886484540618375,0.016666666666666607
0.00028865845366185354,0.016666666666666607
0.00028866845326186956,0.016666666666666607
0.00028867845286188553,0.0
0.00028868845246190155,0.016666666666666607
0.0002886984520619175,0.016666666666666607
0.00028870845166193354,0.0
0.00028871845126194956,0.0
0.0002887284508619655,0.016666666666666607
0.00028873845046198154,0.016666666666666607
0.0002887484500619975,0.0
0.00028875844966201353,0.0
0.00028876844926202955,0.016666666666666607
0.0002887784488620455,0.016666666666666607
0.00028878844846206154,0.016666666666666607
0.0002887984480620775,0.016666666666666607
0.00028880844766209353,0.016666666666666607
0.00028881844726210955,0.016666666666666607
0.0002888284468621255,0.016666666666666607
0.00028883844646214154,0.016666666666666607
0.0002888484460621575,0.016666666666666607
0.0002888584456621735,0.016666666666666607
0.00028886844526218955,0.016666666666666607
0.0002888784448622055,0.016666666666666607
0.00028888844446222153,0.016666666666666607
0.0002888984440622375,0.0
0.0002889084436622535,0.0
0.00028891844326226954,0.0
0.0002889284428622855,0.016666666666666607
0.00028893844246230153,0.016666666666666607
0.00028894844206231755,0.0
0.0002889584416623335,0.0
0.00028896844126234954,0.016666666666666607
0.0002889784408623655,0.0
0.0002889884404623815,0.016666666666666607
0.00028899844006239755,0.0
0.0002890084396624135,0.016666666666666607
0.00028901843926242953,0.0
0.0002890284388624455,0.0
0.0002890384384624615,0.0
0.00028904843806247754,0.016666666666666607
0.0002890584376624935,0.016666666666666607
0.00028906843726250953,0.016666666666666607
0.0002890784368625255,0.0
0.0002890884364625415,0.016666666666666607
0.00028909843606255754,0.016666666666666607
0.0002891084356625735,0.0
0.0002891184352625895,0.0
0.0002891284348626055,0.016666666666666607
0.0002891384344626215,0.0
0.00028914843406263754,0.016666666666666607
0.0002891584336626535,0.016666666666666607
0.0002891684332626695,0.0
0.0002891784328626855,0.0
0.0002891884324627015,0.016666666666666607
0.00028919843206271753,0.0
0.0002892084316627335,0.016666666666666607
0.0002892184312627495,0.016666666666666607
0.0002892284308627655,0.0
0.0002892384304627815,0.016666666666666607
0.00028924843006279753,0.016666666666666607
0.0002892584296628135,0.016666666666666607
0.0002892684292628295,0.016666666666666607
0.0002892784288628455,0.016666666666666607
0.0002892884284628615,0.0
0.0002892984280628775,0.0
0.0002893084276628935,0.016666666666666607
0.0002893184272629095,0.016666666666666607
0.0002893284268629255,0.0
0.0002893384264629415,0.016666666666666607
0.0002893484260629575,0.016666666666666607
0.0002893584256629735,0.016666666666666607
0.0002893684252629895,0.016666666666666607
0.0002893784248630055,0.016666666666666607
0.0002893884244630215,0.016666666666666607
0.0002893984240630375,0.0
0.0002894084236630535,0.016666666666666607
0.0002894184232630695,0.0
0.00028942842286308547,0.016666666666666607
0.0002894384224631015,0.016666666666666607
0.0002894484220631175,0.016666666666666607
0.0002894584216631335,0.0
0.0002894684212631495,0.016666666666666607
0.00028947842086316547,0.016666666666666607
0.0002894884204631815,0.016666666666666607
0.0002894984200631975,0.0
0.0002895084196632135,0.016666666666666607
0.0002895184192632295,0.016666666666666607
0.00028952841886324546,0.0
0.0002895384184632615,0.016666666666666607
0.0002895484180632775,0.016666666666666607
0.00028955841766329347,0.016666666666666607
0.0002895684172633095,0.016666666666666607
0.00028957841686332546,0.0
0.0002895884164633415,0.016666666666666607
0.0002895984160633575,0.016666666666666607
0.00028960841566337347,0.016666666666666607
0.0002896184152633895,0.016666666666666607
0.00028962841486340546,0.016666666666666607
0.0002896384144634215,0.0
0.0002896484140634375,0.016666666666666607
0.00028965841366345346,0.016666666666666607
0.0002896684132634695,0.016666666666666607
0.00028967841286348545,0.0
0.00028968841246350147,0.0
0.0002896984120635175,0.0
0.00028970841166353346,0.016666666666666607
0.0002897184112635495,0.016666666666666607
0.00028972841086356545,0.016666666666666607
0.00028973841046358147,0.0
0.0002897484100635975,0.016666666666666607
0.00028975840966361346,0.016666666666666607
0.0002897684092636295,0.016666666666666607
0.00028977840886364544,0.016666666666666607
0.00028978840846366147,0.016666666666666607
0.0002897984080636775,0.016666666666666607
0.00028980840766369345,0.016666666666666607
0.0002898184072637095,0.0
0.00028982840686372544,0.016666666666666607
0.00028983840646374146,0.0
0.0002898484060637575,0.016666666666666607
0.00028985840566377345,0.016666666666666607
0.00028986840526378947,0.016666666666666607
0.0002898784048638055,0.016666666666666607
0.00028988840446382146,0.016666666666666607
0.0002898984040638375,0.016666666666666607
0.00028990840366385345,0.016666666666666607
0.00028991840326386947,0.0
0.0002899284028638855,0.016666666666666607
0.00028993840246390145,0.0
0.0002899484020639175,0.0
0.00028995840166393344,0.016666666666666607
0.00028996840126394946,0.0
0.0002899784008639655,0.0
0.00028998840046398145,0.0
0.00028999840006399747,0.016666666666666607
0.00029000839966401344,0.016666666666666607
0.00029001839926402946,0.0
0.0002900283988640455,0.016666666666666607
0.00029003839846406145,0.016666666666666607
0.00029004839806407747,0.016666666666666607
0.00029005839766409343,0.016666666666666607
0.00029006839726410945,0.016666666666666607
0.0002900783968641255,0.0
0.00029008839646414144,0.016666666666666607
0.00029009839606415746,0.016666666666666607
0.00029010839566417343,0.016666666666666607
0.00029011839526418945,0.016666666666666607
0.00029012839486420547,0.016666666666666607
0.00029013839446422144,0.0
0.00029014839406423746,0.0
0.0002901583936642534,0.0
0.00029016839326426945,0.016666666666666607
0.00029017839286428547,0.0
0.00029018839246430143,0.0
0.00029019839206431746,0.016666666666666607
0.0002902083916643334,0.0
0.00029021839126434944,0.016666666666666607
0.00029022839086436546,0.0
0.00029023839046438143,0.0
0.00029024839006439745,0.016666666666666607
0.0002902583896644134,0.016666666666666607
0.00029026838926442944,0.016666666666666607
0.00029027838886444546,0.0
0.00029028838846446143,0.016666666666666607
0.00029029838806447745,0.016666666666666607
0.0002903083876644934,0.016666666666666607
0.00029031838726450944,0.0
0.00029032838686452546,0.033333333333333215
0.0002903383864645414,0.016666666666666607
0.00029034838606455744,0.016666666666666607
0.0002903583856645734,0.016666666666666607
0.00029036838526458943,0.016666666666666607
0.00029037838486460545,0.016666666666666607
0.0002903883844646214,0.0
0.00029039838406463744,0.0
0.0002904083836646534,0.0
0.00029041838326466943,0.016666666666666607
0.00029042838286468545,0.0
0.0002904383824647014,0.0
0.00029044838206471744,0.016666666666666607
0.0002904583816647334,0.0
0.0002904683812647494,0.016666666666666607
0.00029047838086476545,0.016666666666666607
0.0002904883804647814,0.016666666666666607
0.00029049838006479743,0.016666666666666607
0.0002905083796648134,0.016666666666666607
0.0002905183792648294,0.0
0.00029052837886484544,0.016666666666666607
0.0002905383784648614,0.016666666666666607
0.00029054837806487743,0.016666666666666607
0.0002905583776648934,0.0
0.0002905683772649094,0.016666666666666607
0.00029057837686492544,0.0
0.0002905883764649414,0.016666666666666607
0.0002905983760649574,0.0
0.0002906083756649734,0.016666666666666607
0.0002906183752649894,0.016666666666666607
0.00029062837486500543,0.016666666666666607
0.0002906383744650214,0.0
0.0002906483740650374,0.0
0.0002906583736650534,0.016666666666666607
0.0002906683732650694,0.0
0.00029067837286508543,0.016666666666666607
0.0002906883724651014,0.0
0.0002906983720651174,0.0
0.0002907083716651334,0.016666666666666607
0.0002907183712651494,0.016666666666666607
0.0002907283708651654,0.016666666666666607
0.0002907383704651814,0.016666666666666607
0.0002907483700651974,0.016666666666666607
0.0002907583696652134,0.016666666666666607
0.0002907683692652294,0.016666666666666607
0.0002907783688652454,0.016666666666666607
0.0002907883684652614,0.016666666666666607
0.0002907983680652774,0.016666666666666607
0.00029080836766529343,0.016666666666666607
0.0002908183672653094,0.016666666666666607
0.0002908283668653254,0.016666666666666607
0.0002908383664653414,0.016666666666666607
0.0002908483660653574,0.0
0.00029085836566537343,0.016666666666666607
0.0002908683652653894,0.016666666666666607
0.0002908783648654054,0.016666666666666607
0.0002908883644654214,0.016666666666666607
0.0002908983640654374,0.0
0.0002909083636654534,0.016666666666666607
0.0002909183632654694,0.0
0.0002909283628654854,0.016666666666666607
0.0002909383624655014,0.016666666666666607
0.0002909483620655174,0.016666666666666607
0.0002909583616655334,0.0
0.0002909683612655494,0.016666666666666607
0.0002909783608655654,0.016666666666666607
0.0002909883604655814,0.016666666666666607
0.0002909983600655974,0.016666666666666607
0.0002910083596656134,0.016666666666666607
0.0002910183592656294,0.016666666666666607
0.0002910283588656454,0.016666666666666607
0.00029103835846566137,0.016666666666666607
0.0002910483580656774,0.016666666666666607
0.0002910583576656934,0.016666666666666607
0.0002910683572657094,0.016666666666666607
0.0002910783568657254,0.016666666666666607
0.00029108835646574137,0.016666666666666607
0.0002910983560657574,0.016666666666666607
0.0002911083556657734,0.0
0.0002911183552657894,0.0
0.0002911283548658054,0.016666666666666607
0.00029113835446582136,0.016666666666666607
0.0002911483540658374,0.0
0.0002911583536658534,0.0
0.00029116835326586937,0.016666666666666607
0.0002911783528658854,0.0
0.00029118835246590136,0.016666666666666607
0.0002911983520659174,0.0
0.0002912083516659334,0.016666666666666607
0.00029121835126594937,0.016666666666666607
0.0002912283508659654,0.016666666666666607
0.00029123835046598136,0.016666666666666607
0.0002912483500659974,0.016666666666666607
0.0002912583496660134,0.016666666666666607
0.00029126834926602936,0.016666666666666607
0.0002912783488660454,0.0
0.00029128834846606135,0.0
0.00029129834806607737,0.016666666666666607
0.0002913083476660934,0.016666666666666607
0.00029131834726610936,0.016666666666666607
0.0002913283468661254,0.0
0.00029133834646614135,0.016666666666666607
0.00029134834606615737,0.0
0.0002913583456661734,0.0
0.00029136834526618936,0.016666666666666607
0.0002913783448662054,0.0
0.00029138834446622134,0.0
0.00029139834406623737,0.0
0.0002914083436662534,0.016666666666666607
0.00029141834326626935,0.0
0.0002914283428662854,0.016666666666666607
0.00029143834246630134,0.0
0.00029144834206631736,0.016666666666666607
0.0002914583416663334,0.016666666666666607
0.00029146834126634935,0.016666666666666607
0.00029147834086636537,0.0
0.00029148834046638134,0.016666666666666607
0.00029149834006639736,0.016666666666666607
0.0002915083396664134,0.016666666666666607
0.00029151833926642935,0.0
0.00029152833886644537,0.016666666666666607
0.00029153833846646133,0.016666666666666607
0.00029154833806647735,0.016666666666666607
0.0002915583376664934,0.0
0.00029156833726650934,0.016666666666666607
0.00029157833686652536,0.016666666666666607
0.00029158833646654133,0.016666666666666607
0.00029159833606655735,0.0
0.00029160833566657337,0.016666666666666607
0.00029161833526658934,0.016666666666666607
0.00029162833486660536,0.0
0.0002916383344666213,0.0
0.00029164833406663735,0.016666666666666607
0.00029165833366665337,0.016666666666666607
0.00029166833326666933,0.0
0.00029167833286668535,0.0
0.0002916883324667013,0.016666666666666607
0.00029169833206671734,0.0
0.00029170833166673336,0.0
0.00029171833126674933,0.0
0.00029172833086676535,0.016666666666666607
0.00029173833046678137,0.0
0.00029174833006679734,0.016666666666666607
0.00029175832966681336,0.016666666666666607
0.0002917683292668293,0.016666666666666607
0.00029177832886684535,0.0
0.00029178832846686137,0.016666666666666607
0.00029179832806687733,0.016666666666666607
0.00029180832766689336,0.016666666666666607
0.0002918183272669093,0.016666666666666607
0.00029182832686692534,0.0
0.00029183832646694136,0.0
0.00029184832606695733,0.016666666666666607
0.00029185832566697335,0.016666666666666607
0.0002918683252669893,0.016666666666666607
0.00029187832486700534,0.0
0.00029188832446702136,0.016666666666666607
0.00029189832406703733,0.016666666666666607
0.00029190832366705335,0.0
0.0002919183232670693,0.0
0.00029192832286708534,0.0
0.00029193832246710136,0.0
0.0002919483220671173,0.016666666666666607
0.00029195832166713334,0.0
0.0002919683212671493,0.016666666666666607
0.00029197832086716533,0.0
0.00029198832046718135,0.0
0.0002919983200671973,0.016666666666666607
0.00029200831966721334,0.016666666666666607
0.0002920183192672293,0.016666666666666607
0.00029202831886724533,0.016666666666666607
0.00029203831846726135,0.016666666666666607
0.0002920483180672773,0.0
0.00029205831766729334,0.0
0.0002920683172673093,0.016666666666666607
0.0002920783168673253,0.0
0.00029208831646734135,0.016666666666666607
0.0002920983160673573,0.016666666666666607
0.00029210831566737333,0.0
0.0002921183152673893,0.016666666666666607
0.0002921283148674053,0.0
0.00029213831446742134,0.016666666666666607
0.0002921483140674373,0.016666666666666607
0.00029215831366745333,0.016666666666666607
0.0002921683132674693,0.016666666666666607
0.0002921783128674853,0.016666666666666607
0.00029218831246750134,0.016666666666666607
0.0002921983120675173,0.016666666666666607
0.0002922083116675333,0.016666666666666607
0.0002922183112675493,0.0
0.0002922283108675653,0.0
0.00029223831046758133,0.016666666666666607
0.0002922483100675973,0.0
0.0002922583096676133,0.0
0.0002922683092676293,0.016666666666666607
0.0002922783088676453,0.0
0.00029228830846766133,0.0
0.0002922983080676773,0.016666666666666607
0.0002923083076676933,0.016666666666666607
0.0002923183072677093,0.0
0.0002923283068677253,0.016666666666666607
0.0002923383064677413,0.0
0.0002923483060677573,0.016666666666666607
0.0002923583056677733,0.0
0.0002923683052677893,0.016666666666666607
0.0002923783048678053,0.016666666666666607
0.0002923883044678213,0.016666666666666607
0.0002923983040678373,0.016666666666666607
0.0002924083036678533,0.016666666666666607
0.0002924183032678693,0.016666666666666607
0.0002924283028678853,0.016666666666666607
0.0002924383024679013,0.016666666666666607
0.0002924483020679173,0.016666666666666607
0.0002924583016679333,0.016666666666666607
0.0002924683012679493,0.016666666666666607
0.0002924783008679653,0.0
0.0002924883004679813,0.016666666666666607
0.0002924983000679973,0.0
0.0002925082996680133,0.0
0.00029251829926802927,0.0
0.0002925282988680453,0.016666666666666607
0.0002925382984680613,0.016666666666666607
0.0002925482980680773,0.016666666666666607
0.0002925582976680933,0.0
0.00029256829726810927,0.0
0.0002925782968681253,0.0
0.0002925882964681413,0.0
0.0002925982960681573,0.0
0.0002926082956681733,0.016666666666666607
0.00029261829526818926,0.016666666666666607
0.0002926282948682053,0.016666666666666607
0.0002926382944682213,0.016666666666666607
0.00029264829406823727,0.016666666666666607
0.0002926582936682533,0.016666666666666607
0.0002926682932682693,0.016666666666666607
0.0002926782928682853,0.016666666666666607
0.0002926882924683013,0.016666666666666607
0.00029269829206831727,0.016666666666666607
0.0002927082916683333,0.0
0.0002927182912683493,0.0
0.0002927282908683653,0.0
0.0002927382904683813,0.0
0.00029274829006839726,0.016666666666666607
0.0002927582896684133,0.0
0.0002927682892684293,0.016666666666666607
0.00029277828886844527,0.0
0.0002927882884684613,0.0
0.00029279828806847726,0.0
0.0002928082876684933,0.016666666666666607
0.0002928182872685093,0.016666666666666607
0.00029282828686852527,0.016666666666666607
0.0002928382864685413,0.016666666666666607
0.00029284828606855726,0.016666666666666607
0.0002928582856685733,0.016666666666666607
0.0002928682852685893,0.0
0.00029287828486860526,0.016666666666666607
0.0002928882844686213,0.016666666666666607
0.00029289828406863725,0.0
0.00029290828366865327,0.016666666666666607
0.0002929182832686693,0.016666666666666607
0.00029292828286868526,0.016666666666666607
0.0002929382824687013,0.016666666666666607
0.00029294828206871725,0.0
0.00029295828166873327,0.016666666666666607
0.0002929682812687493,0.016666666666666607
0.00029297828086876526,0.016666666666666607
0.0002929882804687813,0.016666666666666607
0.00029299828006879724,0.0
0.00029300827966881327,0.016666666666666607
0.0002930182792688293,0.0
0.00029302827886884525,0.0
0.0002930382784688613,0.016666666666666607
0.00029304827806887724,0.016666666666666607
0.00029305827766889326,0.016666666666666607
0.0002930682772689093,0.016666666666666607
0.00029307827686892525,0.016666666666666607
0.00029308827646894127,0.016666666666666607
0.00029309827606895724,0.0
0.00029310827566897326,0.016666666666666607
0.0002931182752689893,0.0
0.00029312827486900525,0.0
0.00029313827446902127,0.016666666666666607
0.00029314827406903723,0.016666666666666607
0.00029315827366905325,0.016666666666666607
0.0002931682732690693,0.016666666666666607
0.00029317827286908524,0.016666666666666607
0.00029318827246910126,0.016666666666666607
0.00029319827206911723,0.0
0.00029320827166913325,0.016666666666666607
0.00029321827126914927,0.033333333333333215
0.00029322827086916524,0.016666666666666607
0.00029323827046918126,0.016666666666666607
0.0002932482700691972,0.0
0.00029325826966921325,0.0
0.00029326826926922927,0.016666666666666607
0.00029327826886924523,0.0
0.00029328826846926125,0.016666666666666607
0.0002932982680692772,0.033333333333333215
0.00029330826766929324,0.016666666666666607
0.00029331826726930926,0.0
0.00029332826686932523,0.0
0.00029333826646934125,0.0
0.0002933482660693572,0.016666666666666607
0.00029335826566937324,0.016666666666666607
0.00029336826526938926,0.016666666666666607
0.0002933782648694052,0.016666666666666607
0.00029338826446942125,0.016666666666666607
0.0002933982640694372,0.0
0.00029340826366945323,0.016666666666666607
0.00029341826326946926,0.016666666666666607
0.0002934282628694852,0.016666666666666607
0.00029343826246950124,0.016666666666666607
0.0002934482620695172,0.0
0.00029345826166953323,0.0
0.00029346826126954925,0.016666666666666607
0.0002934782608695652,0.0
0.00029348826046958124,0.016666666666666607
0.0002934982600695972,0.016666666666666607
0.00029350825966961323,0.016666666666666607
0.00029351825926962925,0.016666666666666607
0.0002935282588696452,0.016666666666666607
0.00029353825846966124,0.016666666666666607
0.0002935482580696772,0.016666666666666607
0.0002935582576696932,0.016666666666666607
0.00029356825726970924,0.016666666666666607
0.0002935782568697252,0.016666666666666607
0.00029358825646974123,0.0
0.00029359825606975725,0.033333333333333215
0.0002936082556697732,0.016666666666666607
0.00029361825526978924,0.0
0.0002936282548698052,0.016666666666666607
0.00029363825446982123,0.0
0.00029364825406983725,0.016666666666666607
0.0002936582536698532,0.0
0.00029366825326986924,0.016666666666666607
0.0002936782528698852,0.016666666666666607
0.0002936882524699012,0.0
0.00029369825206991725,0.0
0.0002937082516699332,0.016666666666666607
0.00029371825126994923,0.0
0.0002937282508699652,0.016666666666666607
0.0002937382504699812,0.0
0.00029374825006999724,0.0
0.0002937582496700132,0.0
0.00029376824927002923,0.016666666666666607
0.0002937782488700452,0.016666666666666607
0.0002937882484700612,0.016666666666666607
0.00029379824807007724,0.016666666666666607
0.0002938082476700932,0.016666666666666607
0.0002938182472701092,0.016666666666666607
0.0002938282468701252,0.016666666666666607
0.0002938382464701412,0.016666666666666607
0.00029384824607015723,0.016666666666666607
0.0002938582456701732,0.016666666666666607
0.0002938682452701892,0.016666666666666607
0.0002938782448702052,0.0
0.0002938882444702212,0.016666666666666607
0.00029389824407023723,0.0
0.0002939082436702532,0.016666666666666607
0.0002939182432702692,0.016666666666666607
0.0002939282428702852,0.0
0.0002939382424703012,0.016666666666666607
0.0002939482420703172,0.0
0.0002939582416703332,0.0
0.0002939682412703492,0.0
0.0002939782408703652,0.0
0.0002939882404703812,0.0
0.0002939982400703972,0.016666666666666607
0.0002940082396704132,0.016666666666666607
0.0002940182392704292,0.0
0.0002940282388704452,0.016666666666666607
0.0002940382384704612,0.016666666666666607
0.0002940482380704772,0.016666666666666607
0.0002940582376704932,0.016666666666666607
0.0002940682372705092,0.016666666666666607
0.0002940782368705252,0.016666666666666607
0.0002940882364705412,0.016666666666666607
0.0002940982360705572,0.016666666666666607
0.0002941082356705732,0.016666666666666607
0.0002941182352705892,0.0
0.00029412823487060517,0.0
0.0002941382344706212,0.016666666666666607
0.0002941482340706372,0.016666666666666607
0.0002941582336706532,0.016666666666666607
0.0002941682332706692,0.016666666666666607
0.00029417823287068517,0.0
0.0002941882324707012,0.016666666666666607
0.0002941982320707172,0.0
0.0002942082316707332,0.0
0.0002942182312707492,0.016666666666666607
0.00029422823087076516,0.016666666666666607
0.0002942382304707812,0.016666666666666607
0.0002942482300707972,0.0
0.00029425822967081317,0.016666666666666607
0.0002942682292708292,0.016666666666666607
0.00029427822887084516,0.0
0.0002942882284708612,0.016666666666666607
0.0002942982280708772,0.016666666666666607
0.00029430822767089317,0.016666666666666607
0.0002943182272709092,0.016666666666666607
0.00029432822687092515,0.016666666666666607
0.0002943382264709412,0.016666666666666607
0.0002943482260709572,0.016666666666666607
0.00029435822567097316,0.016666666666666607
0.0002943682252709892,0.016666666666666607
0.00029437822487100515,0.016666666666666607
0.00029438822447102117,0.016666666666666607
0.0002943982240710372,0.016666666666666607
0.00029440822367105316,0.016666666666666607
0.0002944182232710692,0.016666666666666607
0.00029442822287108515,0.016666666666666607
0.00029443822247110117,0.016666666666666607
0.0002944482220711172,0.016666666666666607
0.00029445822167113316,0.016666666666666607
0.0002944682212711492,0.016666666666666607
0.00029447822087116514,0.016666666666666607
0.00029448822047118116,0.016666666666666607
0.0002944982200711972,0.016666666666666607
0.00029450821967121315,0.016666666666666607
0.00029451821927122917,0.016666666666666607
0.0002945282188712452,0.0
0.00029453821847126116,0.016666666666666607
0.0002945482180712772,0.016666666666666607
0.00029455821767129315,0.016666666666666607
0.00029456821727130917,0.0
0.0002945782168713252,0.0
0.00029458821647134116,0.016666666666666607
0.0002945982160713572,0.016666666666666607
0.00029460821567137314,0.016666666666666607
0.00029461821527138917,0.016666666666666607
0.0002946282148714052,0.016666666666666607
0.00029463821447142115,0.016666666666666607
0.0002946482140714372,0.016666666666666607
0.00029465821367145314,0.016666666666666607
0.00029466821327146916,0.016666666666666607
0.0002946782128714852,0.016666666666666607
0.00029468821247150115,0.016666666666666607
0.00029469821207151717,0.016666666666666607
0.00029470821167153314,0.016666666666666607
0.00029471821127154916,0.016666666666666607
0.0002947282108715652,0.016666666666666607
0.00029473821047158115,0.016666666666666607
0.00029474821007159717,0.016666666666666607
0.00029475820967161313,0.016666666666666607
0.00029476820927162915,0.0
0.0002947782088716452,0.016666666666666607
0.00029478820847166114,0.016666666666666607
0.00029479820807167716,0.0
0.00029480820767169313,0.016666666666666607
0.00029481820727170915,0.016666666666666607
0.00029482820687172517,0.016666666666666607
0.00029483820647174114,0.0
0.00029484820607175716,0.016666666666666607
0.0002948582056717731,0.016666666666666607
0.00029486820527178915,0.016666666666666607
0.00029487820487180517,0.016666666666666607
0.00029488820447182113,0.016666666666666607
0.00029489820407183715,0.016666666666666607
0.0002949082036718531,0.016666666666666607
0.00029491820327186914,0.016666666666666607
0.00029492820287188516,0.016666666666666607
0.00029493820247190113,0.0
0.00029494820207191715,0.0
0.0002949582016719331,0.0
0.00029496820127194914,0.016666666666666607
0.00029497820087196516,0.016666666666666607
0.0002949882004719811,0.016666666666666607
0.00029499820007199715,0.016666666666666607
0.0002950081996720131,0.016666666666666607
0.00029501819927202913,0.0
0.00029502819887204516,0.016666666666666607
0.0002950381984720611,0.016666666666666607
0.00029504819807207714,0.016666666666666607
0.0002950581976720931,0.016666666666666607
0.00029506819727210913,0.0
0.00029507819687212515,0.016666666666666607
0.0002950881964721411,0.016666666666666607
0.00029509819607215714,0.016666666666666607
0.0002951081956721731,0.016666666666666607
0.00029511819527218913,0.016666666666666607
0.00029512819487220515,0.016666666666666607
0.0002951381944722211,0.016666666666666607
0.00029514819407223714,0.016666666666666607
0.0002951581936722531,0.0
0.0002951681932722691,0.016666666666666607
0.00029517819287228514,0.016666666666666607
0.0002951881924723011,0.016666666666666607
0.00029519819207231713,0.016666666666666607
0.0002952081916723331,0.016666666666666607
0.0002952181912723491,0.0
0.00029522819087236514,0.0
0.0002952381904723811,0.0
0.00029524819007239713,0.016666666666666607
0.0002952581896724131,0.016666666666666607
0.0002952681892724291,0.016666666666666607
0.00029527818887244514,0.016666666666666607
0.0002952881884724611,0.016666666666666607
0.0002952981880724771,0.016666666666666607
0.0002953081876724931,0.016666666666666607
0.0002953181872725091,0.0
0.00029532818687252513,0.016666666666666607
0.0002953381864725411,0.016666666666666607
0.0002953481860725571,0.016666666666666607
0.0002953581856725731,0.016666666666666607
0.0002953681852725891,0.016666666666666607
0.00029537818487260513,0.0
0.0002953881844726211,0.016666666666666607
0.0002953981840726371,0.0
0.0002954081836726531,0.016666666666666607
0.0002954181832726691,0.016666666666666607
0.0002954281828726851,0.016666666666666607
0.0002954381824727011,0.016666666666666607
0.0002954481820727171,0.016666666666666607
0.0002954581816727331,0.016666666666666607
0.0002954681812727491,0.016666666666666607
0.0002954781808727651,0.016666666666666607
0.0002954881804727811,0.016666666666666607
0.0002954981800727971,0.033333333333333215
0.00029550817967281313,0.016666666666666607
0.0002955181792728291,0.016666666666666607
0.0002955281788728451,0.016666666666666607
0.0002955381784728611,0.016666666666666607
0.0002955481780728771,0.016666666666666607
0.0002955581776728931,0.016666666666666607
0.0002955681772729091,0.016666666666666607
0.0002955781768729251,0.016666666666666607
0.0002955881764729411,0.016666666666666607
0.0002955981760729571,0.0
0.0002956081756729731,0.016666666666666607
0.0002956181752729891,0.016666666666666607
0.0002956281748730051,0.0
0.0002956381744730211,0.016666666666666607
0.0002956481740730371,0.016666666666666607
0.0002956581736730531,0.016666666666666607
0.0002956681732730691,0.016666666666666607
0.0002956781728730851,0.0
0.0002956881724731011,0.016666666666666607
0.0002956981720731171,0.0
0.0002957081716731331,0.016666666666666607
0.0002957181712731491,0.0
0.0002957281708731651,0.016666666666666607
0.00029573817047318107,0.016666666666666607
0.0002957481700731971,0.0
0.0002957581696732131,0.016666666666666607
0.0002957681692732291,0.016666666666666607
0.0002957781688732451,0.016666666666666607
0.00029578816847326107,0.016666666666666607
0.0002957981680732771,0.0
0.0002958081676732931,0.016666666666666607
0.0002958181672733091,0.016666666666666607
0.0002958281668733251,0.0
0.00029583816647334106,0.016666666666666607
0.0002958481660733571,0.016666666666666607
0.0002958581656733731,0.0
0.00029586816527338907,0.016666666666666607
0.0002958781648734051,0.016666666666666607
0.00029588816447342106,0.016666666666666607
0.0002958981640734371,0.0
0.0002959081636734531,0.016666666666666607
0.00029591816327346907,0.016666666666666607
0.0002959281628734851,0.016666666666666607
0.00029593816247350105,0.016666666666666607
0.0002959481620735171,0.016666666666666607
0.0002959581616735331,0.016666666666666607
0.00029596816127354906,0.0
0.0002959781608735651,0.016666666666666607
0.00029598816047358105,0.016666666666666607
0.00029599816007359707,0.0
0.0002960081596736131,0.016666666666666607
0.00029601815927362906,0.016666666666666607
0.0002960281588736451,0.016666666666666607
0.00029603815847366105,0.016666666666666607
0.00029604815807367707,0.016666666666666607
0.0002960581576736931,0.016666666666666607
0.00029606815727370906,0.0
0.0002960781568737251,0.0
0.00029608815647374104,0.016666666666666607
0.00029609815607375706,0.016666666666666607
0.0002961081556737731,0.016666666666666607
0.00029611815527378905,0.016666666666666607
0.00029612815487380507,0.016666666666666607
0.00029613815447382104,0.016666666666666607
0.00029614815407383706,0.016666666666666607
0.0002961581536738531,0.016666666666666607
0.00029616815327386905,0.016666666666666607
0.00029617815287388507,0.016666666666666607
0.00029618815247390104,0.016666666666666607
0.00029619815207391706,0.0
0.0002962081516739331,0.016666666666666607
0.00029621815127394904,0.0
0.00029622815087396507,0.016666666666666607
0.00029623815047398103,0.016666666666666607
0.00029624815007399705,0.016666666666666607
0.0002962581496740131,0.016666666666666607
0.00029626814927402904,0.016666666666666607
0.00029627814887404506,0.0
0.00029628814847406103,0.016666666666666607
0.00029629814807407705,0.016666666666666607
0.00029630814767409307,0.016666666666666607
0.00029631814727410904,0.016666666666666607
0.00029632814687412506,0.0
0.000296338146474141,0.0
0.00029634814607415705,0.016666666666666607
0.00029635814567417307,0.0
0.00029636814527418903,0.016666666666666607
0.00029637814487420505,0.016666666666666607
0.000296388144474221,0.016666666666666607
0.00029639814407423704,0.016666666666666607
0.00029640814367425306,0.016666666666666607
0.00029641814327426903,0.016666666666666607
0.00029642814287428505,0.0
0.00029643814247430107,0.0
0.00029644814207431704,0.0
0.00029645814167433306,0.016666666666666607
0.000296468141274349,0.033333333333333215
0.00029647814087436505,0.033333333333333215
0.00029648814047438107,0.016666666666666607
0.00029649814007439703,0.0
0.00029650813967441305,0.0
0.000296518139274429,0.016666666666666607
0.00029652813887444504,0.016666666666666607
0.00029653813847446106,0.016666666666666607
0.00029654813807447703,0.016666666666666607
0.00029655813767449305,0.016666666666666607
0.000296568137274509,0.0
0.00029657813687452504,0.0
0.00029658813647454106,0.016666666666666607
0.000296598136074557,0.016666666666666607
0.00029660813567457305,0.016666666666666607
0.000296618135274589,0.033333333333333215
0.00029662813487460503,0.016666666666666607
0.00029663813447462106,0.0
0.000296648134074637,0.0
0.00029665813367465304,0.0
0.000296668133274669,0.016666666666666607
0.00029667813287468503,0.016666666666666607
0.00029668813247470105,0.033333333333333215
0.000296698132074717,0.016666666666666607
0.00029670813167473304,0.016666666666666607
0.000296718131274749,0.016666666666666607
0.00029672813087476503,0.016666666666666607
0.00029673813047478105,0.016666666666666607
0.000296748130074797,0.016666666666666607
0.00029675812967481304,0.0
0.000296768129274829,0.0
0.000296778128874845,0.016666666666666607
0.00029678812847486104,0.016666666666666607
0.000296798128074877,0.016666666666666607
0.00029680812767489303,0.016666666666666607
0.000296818127274909,0.016666666666666607
0.000296828126874925,0.016666666666666607
0.00029683812647494104,0.016666666666666607
0.000296848126074957,0.016666666666666607
0.00029685812567497303,0.016666666666666607
0.000296868125274989,0.016666666666666607
0.000296878124875005,0.016666666666666607
0.00029688812447502104,0.016666666666666607
0.000296898124075037,0.016666666666666607
0.000296908123675053,0.016666666666666607
0.000296918123275069,0.016666666666666607
0.000296928122875085,0.016666666666666607
0.00029693812247510103,0.0
0.000296948122075117,0.016666666666666607
0.000296958121675133,0.016666666666666607
0.000296968121275149,0.016666666666666607
0.000296978120875165,0.0
0.00029698812047518103,0.016666666666666607
0.000296998120075197,0.016666666666666607
0.000297008119675213,0.016666666666666607
0.000297018119275229,0.016666666666666607
0.000297028118875245,0.016666666666666607
0.000297038118475261,0.016666666666666607
0.000297048118075277,0.016666666666666607
0.000297058117675293,0.016666666666666607
0.000297068117275309,0.016666666666666607
0.000297078116875325,0.0
0.000297088116475341,0.016666666666666607
0.000297098116075357,0.016666666666666607
0.000297108115675373,0.033333333333333215
0.000297118115275389,0.016666666666666607
0.000297128114875405,0.016666666666666607
0.000297138114475421,0.016666666666666607
0.000297148114075437,0.016666666666666607
0.000297158113675453,0.016666666666666607
0.00029716811327546897,0.016666666666666607
0.000297178112875485,0.016666666666666607
0.000297188112475501,0.016666666666666607
0.000297198112075517,0.0
0.000297208111675533,0.0
0.00029721811127554897,0.016666666666666607
0.000297228110875565,0.016666666666666607
0.000297238110475581,0.0
0.000297248110075597,0.0
0.000297258109675613,0.016666666666666607
0.00029726810927562896,0.016666666666666607
0.000297278108875645,0.016666666666666607
0.000297288108475661,0.016666666666666607
0.000297298108075677,0.0
0.000297308107675693,0.016666666666666607
0.00029731810727570896,0.016666666666666607
0.000297328106875725,0.016666666666666607
0.000297338106475741,0.016666666666666607
0.00029734810607575697,0.016666666666666607
0.000297358105675773,0.016666666666666607
0.000297368105275789,0.016666666666666607
0.000297378104875805,0.033333333333333215
0.000297388104475821,0.016666666666666607
0.00029739810407583697,0.016666666666666607
0.000297408103675853,0.016666666666666607
0.000297418103275869,0.016666666666666607
0.000297428102875885,0.016666666666666607
0.000297438102475901,0.016666666666666607
0.00029744810207591696,0.0
0.000297458101675933,0.016666666666666607
0.000297468101275949,0.016666666666666607
0.00029747810087596497,0.016666666666666607
0.000297488100475981,0.016666666666666607
0.00029749810007599696,0.016666666666666607
0.000297508099676013,0.016666666666666607
0.000297518099276029,0.0
0.00029752809887604497,0.016666666666666607
0.000297538098476061,0.016666666666666607
0.00029754809807607695,0.016666666666666607
0.000297558097676093,0.016666666666666607
0.000297568097276109,0.016666666666666607
0.00029757809687612496,0.0
0.000297588096476141,0.016666666666666607
0.00029759809607615695,0.016666666666666607
0.00029760809567617297,0.016666666666666607
0.000297618095276189,0.016666666666666607
0.00029762809487620496,0.016666666666666607
0.000297638094476221,0.016666666666666607
0.00029764809407623695,0.016666666666666607
0.00029765809367625297,0.016666666666666607
0.000297668093276269,0.016666666666666607
0.00029767809287628496,0.016666666666666607
0.000297688092476301,0.016666666666666607
0.00029769809207631694,0.016666666666666607
0.00029770809167633296,0.016666666666666607
0.000297718091276349,0.016666666666666607
0.00029772809087636495,0.016666666666666607
0.00029773809047638097,0.016666666666666607
0.00029774809007639694,0.016666666666666607
0.00029775808967641296,0.016666666666666607
0.000297768089276429,0.016666666666666607
0.00029777808887644495,0.016666666666666607
0.00029778808847646097,0.0
0.00029779808807647694,0.016666666666666607
0.00029780808767649296,0.016666666666666607
0.000297818087276509,0.016666666666666607
0.00029782808687652494,0.016666666666666607
0.00029783808647654097,0.016666666666666607
0.00029784808607655693,0.016666666666666607
0.00029785808567657295,0.016666666666666607
0.000297868085276589,0.016666666666666607
0.00029787808487660494,0.016666666666666607
0.00029788808447662096,0.016666666666666607
0.00029789808407663693,0.016666666666666607
0.00029790808367665295,0.016666666666666607
0.00029791808327666897,0.016666666666666607
0.00029792808287668494,0.016666666666666607
0.00029793808247670096,0.016666666666666607
0.0002979480820767169,0.016666666666666607
0.00029795808167673295,0.016666666666666607
0.00029796808127674897,0.016666666666666607
0.00029797808087676493,0.016666666666666607
0.00029798808047678095,0.016666666666666607
0.0002979980800767969,0.016666666666666607
0.00029800807967681294,0.016666666666666607
0.00029801807927682896,0.016666666666666607
0.00029802807887684493,0.016666666666666607
0.00029803807847686095,0.0
0.0002980480780768769,0.016666666666666607
0.00029805807767689294,0.0
0.00029806807727690896,0.016666666666666607
0.0002980780768769249,0.016666666666666607
0.00029808807647694095,0.016666666666666607
0.0002980980760769569,0.0
0.00029810807567697293,0.016666666666666607
0.00029811807527698895,0.016666666666666607
0.0002981280748770049,0.016666666666666607
0.00029813807447702094,0.016666666666666607
0.0002981480740770369,0.016666666666666607
0.00029815807367705293,0.016666666666666607
0.00029816807327706895,0.016666666666666607
0.0002981780728770849,0.016666666666666607
0.00029818807247710094,0.016666666666666607
0.0002981980720771169,0.016666666666666607
0.0002982080716771329,0.016666666666666607
0.00029821807127714895,0.016666666666666607
0.0002982280708771649,0.016666666666666607
0.00029823807047718094,0.016666666666666607
0.0002982480700771969,0.016666666666666607
0.0002982580696772129,0.016666666666666607
0.00029826806927722894,0.016666666666666607
0.0002982780688772449,0.016666666666666607
0.00029828806847726093,0.016666666666666607
0.00029829806807727695,0.016666666666666607
0.0002983080676772929,0.016666666666666607
0.00029831806727730894,0.016666666666666607
0.0002983280668773249,0.016666666666666607
0.00029833806647734093,0.016666666666666607
0.00029834806607735695,0.0
0.0002983580656773729,0.016666666666666607
0.00029836806527738894,0.016666666666666607
0.0002983780648774049,0.016666666666666607
0.0002983880644774209,0.016666666666666607
0.00029839806407743694,0.0
0.0002984080636774529,0.016666666666666607
0.00029841806327746893,0.016666666666666607
0.0002984280628774849,0.016666666666666607
0.0002984380624775009,0.016666666666666607
0.00029844806207751694,0.016666666666666607
0.0002984580616775329,0.016666666666666607
0.00029846806127754893,0.016666666666666607
0.0002984780608775649,0.0
0.0002984880604775809,0.016666666666666607
0.00029849806007759694,0.016666666666666607
0.0002985080596776129,0.016666666666666607
0.0002985180592776289,0.016666666666666607
0.0002985280588776449,0.016666666666666607
0.0002985380584776609,0.016666666666666607
0.00029854805807767693,0.016666666666666607
0.0002985580576776929,0.016666666666666607
0.0002985680572777089,0.016666666666666607
0.0002985780568777249,0.016666666666666607
0.0002985880564777409,0.016666666666666607
0.00029859805607775693,0.016666666666666607
0.0002986080556777729,0.016666666666666607
0.0002986180552777889,0.016666666666666607
0.0002986280548778049,0.016666666666666607
0.0002986380544778209,0.016666666666666607
0.0002986480540778369,0.016666666666666607
0.0002986580536778529,0.016666666666666607
0.0002986680532778689,0.016666666666666607
0.0002986780528778849,0.016666666666666607
0.0002986880524779009,0.016666666666666607
0.0002986980520779169,0.0
0.0002987080516779329,0.0
0.0002987180512779489,0.016666666666666607
0.0002987280508779649,0.0
0.0002987380504779809,0.016666666666666607
0.0002987480500779969,0.016666666666666607
0.0002987580496780129,0.016666666666666607
0.0002987680492780289,0.016666666666666607
0.00029877804887804487,0.016666666666666607
0.0002987880484780609,0.016666666666666607
0.0002987980480780769,0.016666666666666607
0.0002988080476780929,0.016666666666666607
0.0002988180472781089,0.016666666666666607
0.00029882804687812487,0.016666666666666607
0.0002988380464781409,0.016666666666666607
0.0002988480460781569,0.016666666666666607
0.0002988580456781729,0.0
0.0002988680452781889,0.016666666666666607
0.00029887804487820486,0.016666666666666607
0.0002988880444782209,0.016666666666666607
0.0002988980440782369,0.0
0.0002989080436782529,0.016666666666666607
0.0002989180432782689,0.0
0.00029892804287828486,0.016666666666666607
0.0002989380424783009,0.016666666666666607
0.0002989480420783169,0.016666666666666607
0.00029895804167833287,0.016666666666666607
0.0002989680412783489,0.016666666666666607
0.00029897804087836486,0.016666666666666607
0.0002989880404783809,0.016666666666666607
0.0002989980400783969,0.016666666666666607
0.00029900803967841287,0.016666666666666607
0.0002990180392784289,0.016666666666666607
0.00029902803887844485,0.0
0.0002990380384784609,0.016666666666666607
0.0002990480380784769,0.016666666666666607
0.00029905803767849286,0.016666666666666607
0.0002990680372785089,0.016666666666666607
0.00029907803687852485,0.016666666666666607
0.00029908803647854087,0.016666666666666607
0.0002990980360785569,0.0
0.00029910803567857286,0.016666666666666607
0.0002991180352785889,0.0
0.00029912803487860485,0.016666666666666607
0.00029913803447862087,0.0
0.0002991480340786369,0.016666666666666607
0.00029915803367865285,0.0
0.0002991680332786689,0.0
0.00029917803287868484,0.016666666666666607
0.00029918803247870086,0.016666666666666607
0.0002991980320787169,0.016666666666666607
0.00029920803167873285,0.016666666666666607
0.00029921803127874887,0.016666666666666607
0.0002992280308787649,0.016666666666666607
0.00029923803047878086,0.0
0.0002992480300787969,0.016666666666666607
0.00029925802967881285,0.016666666666666607
0.00029926802927882887,0.016666666666666607
0.0002992780288788449,0.016666666666666607
0.00029928802847886086,0.016666666666666607
0.0002992980280788769,0.016666666666666607
0.00029930802767889284,0.016666666666666607
0.00029931802727890886,0.016666666666666607
0.0002993280268789249,0.016666666666666607
0.00029933802647894085,0.016666666666666607
0.00029934802607895687,0.016666666666666607
0.00029935802567897284,0.016666666666666607
0.00029936802527898886,0.016666666666666607
0.0002993780248790049,0.0
0.00029938802447902085,0.016666666666666607
0.00029939802407903687,0.016666666666666607
0.00029940802367905284,0.016666666666666607
0.00029941802327906886,0.0
0.0002994280228790849,0.016666666666666607
0.00029943802247910084,0.016666666666666607
0.00029944802207911687,0.0
0.00029945802167913283,0.0
0.00029946802127914885,0.016666666666666607
0.0002994780208791649,0.016666666666666607
0.00029948802047918084,0.016666666666666607
0.00029949802007919686,0.016666666666666607
0.00029950801967921283,0.016666666666666607
0.00029951801927922885,0.016666666666666607
0.00029952801887924487,0.016666666666666607
0.00029953801847926084,0.016666666666666607
0.00029954801807927686,0.016666666666666607
0.0002995580176792928,0.016666666666666607
0.00029956801727930885,0.016666666666666607
0.00029957801687932487,0.0
0.00029958801647934083,0.016666666666666607
0.00029959801607935685,0.016666666666666607
0.0002996080156793728,0.016666666666666607
0.00029961801527938884,0.016666666666666607
0.00029962801487940486,0.016666666666666607
0.00029963801447942083,0.016666666666666607
0.00029964801407943685,0.0
0.0002996580136794528,0.016666666666666607
0.00029966801327946884,0.016666666666666607
0.00029967801287948486,0.016666666666666607
0.0002996880124795008,0.016666666666666607
0.00029969801207951685,0.016666666666666607
0.0002997080116795328,0.0
0.00029971801127954883,0.0
0.00029972801087956485,0.016666666666666607
0.0002997380104795808,0.0
0.00029974801007959684,0.0
0.0002997580096796128,0.016666666666666607
0.00029976800927962883,0.016666666666666607
0.00029977800887964485,0.0
0.0002997880084796608,0.016666666666666607
0.00029979800807967684,0.016666666666666607
0.0002998080076796928,0.016666666666666607
0.0002998180072797088,0.016666666666666607
0.00029982800687972485,0.0
0.0002998380064797408,0.016666666666666607
0.00029984800607975684,0.016666666666666607
0.0002998580056797728,0.016666666666666607
0.0002998680052797888,0.016666666666666607
0.00029987800487980484,0.016666666666666607
0.0002998880044798208,0.016666666666666607
0.00029989800407983683,0.0
0.0002999080036798528,0.016666666666666607
0.0002999180032798688,0.016666666666666607
0.00029992800287988484,0.016666666666666607
0.0002999380024799008,0.016666666666666607
0.00029994800207991683,0.0
0.0002999580016799328,0.0
0.0002999680012799488,0.016666666666666607
0.00029997800087996484,0.016666666666666607
0.0002999880004799808,0.016666666666666607
0.0002999980000799968,0.016666666666666607
0.0003000079996800128,0.016666666666666607
0.0003000179992800288,0.016666666666666607
0.00030002799888004483,0.016666666666666607
0.0003000379984800608,0.016666666666666607
0.0003000479980800768,0.016666666666666607
0.0003000579976800928,0.016666666666666607
0.0003000679972801088,0.016666666666666607
0.00030007799688012483,0.016666666666666607
0.0003000879964801408,0.016666666666666607
0.0003000979960801568,0.016666666666666607
0.0003001079956801728,0.016666666666666607
0.0003001179952801888,0.016666666666666607
0.0003001279948802048,0.016666666666666607
0.0003001379944802208,0.016666666666666607
0.0003001479940802368,0.016666666666666607
0.00030015799368025283,0.0
0.0003001679932802688,0.016666666666666607
0.0003001779928802848,0.016666666666666607
0.0003001879924803008,0.016666666666666607
0.0003001979920803168,0.0
0.00030020799168033283,0.0
0.0003002179912803488,0.016666666666666607
0.0003002279908803648,0.016666666666666607
0.0003002379904803808,0.0
0.0003002479900803968,0.016666666666666607
0.0003002579896804128,0.016666666666666607
0.0003002679892804288,0.016666666666666607
0.0003002779888804448,0.016666666666666607
0.0003002879884804608,0.016666666666666607
0.0003002979880804768,0.016666666666666607
0.0003003079876804928,0.016666666666666607
0.0003003179872805088,0.0
0.0003003279868805248,0.016666666666666607
0.0003003379864805408,0.016666666666666607
0.0003003479860805568,0.016666666666666607
0.0003003579856805728,0.016666666666666607
0.0003003679852805888,0.016666666666666607
0.0003003779848806048,0.016666666666666607
0.00030038798448062077,0.016666666666666607
0.0003003979840806368,0.016666666666666607
0.0003004079836806528,0.0
0.0003004179832806688,0.016666666666666607
0.0003004279828806848,0.016666666666666607
0.00030043798248070077,0.016666666666666607
0.0003004479820807168,0.016666666666666607
0.0003004579816807328,0.016666666666666607
0.0003004679812807488,0.016666666666666607
0.0003004779808807648,0.016666666666666607
0.00030048798048078077,0.0
0.0003004979800807968,0.016666666666666607
0.0003005079796808128,0.016666666666666607
0.0003005179792808288,0.016666666666666607
0.0003005279788808448,0.016666666666666607
0.00030053797848086076,0.016666666666666607
0.0003005479780808768,0.016666666666666607
0.0003005579776808928,0.016666666666666607
0.00030056797728090877,0.0
0.0003005779768809248,0.016666666666666607
0.00030058797648094076,0.016666666666666607
0.0003005979760809568,0.0
0.0003006079756809728,0.016666666666666607
0.00030061797528098877,0.016666666666666607
0.0003006279748810048,0.016666666666666607
0.00030063797448102075,0.016666666666666607
0.0003006479740810368,0.0
0.0003006579736810528,0.016666666666666607
0.00030066797328106876,0.0
0.0003006779728810848,0.0
0.00030068797248110075,0.0
0.00030069797208111677,0.016666666666666607
0.0003007079716811328,0.016666666666666607
0.00030071797128114876,0.016666666666666607
0.0003007279708811648,0.0
0.00030073797048118075,0.016666666666666607
0.00030074797008119677,0.016666666666666607
0.0003007579696812128,0.016666666666666607
0.00030076796928122875,0.016666666666666607
0.0003007779688812448,0.016666666666666607
0.00030078796848126074,0.016666666666666607
0.00030079796808127676,0.016666666666666607
0.0003008079676812928,0.016666666666666607
0.00030081796728130875,0.0
0.00030082796688132477,0.016666666666666607
0.00030083796648134074,0.0
0.00030084796608135676,0.016666666666666607
0.0003008579656813728,0.016666666666666607
0.00030086796528138875,0.016666666666666607
0.00030087796488140477,0.0
0.00030088796448142073,0.0
0.00030089796408143676,0.016666666666666607
0.0003009079636814528,0.0
0.00030091796328146874,0.0
0.00030092796288148476,0.016666666666666607
0.00030093796248150073,0.016666666666666607
0.00030094796208151675,0.016666666666666607
0.00030095796168153277,0.016666666666666607
0.00030096796128154874,0.016666666666666607
0.00030097796088156476,0.0
0.00030098796048158073,0.0
0.00030099796008159675,0.016666666666666607
0.00030100795968161277,0.016666666666666607
0.00030101795928162874,0.016666666666666607
0.00030102795888164476,0.016666666666666607
0.0003010379584816607,0.0
0.00030104795808167674,0.016666666666666607
0.00030105795768169277,0.0
0.00030106795728170873,0.016666666666666607
0.00030107795688172475,0.016666666666666607
0.0003010879564817408,0.016666666666666607
0.00030109795608175674,0.016666666666666607
0.00030110795568177276,0.016666666666666607
0.00030111795528178873,0.016666666666666607
0.00030112795488180475,0.016666666666666607
0.00030113795448182077,0.0
0.00030114795408183674,0.016666666666666607
0.00030115795368185276,0.016666666666666607
0.0003011679532818687,0.016666666666666607
0.00030117795288188475,0.016666666666666607
0.00030118795248190077,0.033333333333333215
0.00030119795208191673,0.016666666666666607
0.00030120795168193275,0.0
0.0003012179512819487,0.016666666666666607
0.00030122795088196474,0.016666666666666607
0.00030123795048198076,0.016666666666666607
0.00030124795008199673,0.016666666666666607
0.00030125794968201275,0.0
0.0003012679492820287,0.016666666666666607
0.00030127794888204474,0.016666666666666607
0.00030128794848206076,0.016666666666666607
0.0003012979480820767,0.016666666666666607
0.00030130794768209275,0.016666666666666607
0.0003013179472821087,0.016666666666666607
0.00030132794688212473,0.016666666666666607
0.00030133794648214076,0.0
0.0003013479460821567,0.0
0.00030135794568217274,0.0
0.0003013679452821887,0.016666666666666607
0.00030137794488220473,0.016666666666666607
0.00030138794448222075,0.016666666666666607
0.0003013979440822367,0.016666666666666607
0.00030140794368225274,0.0
0.0003014179432822687,0.0
0.0003014279428822847,0.016666666666666607
0.00030143794248230075,0.016666666666666607
0.0003014479420823167,0.016666666666666607
0.00030145794168233274,0.016666666666666607
0.0003014679412823487,0.016666666666666607
0.0003014779408823647,0.016666666666666607
0.00030148794048238074,0.016666666666666607
0.0003014979400823967,0.0
0.00030150793968241273,0.0
0.0003015179392824287,0.016666666666666607
0.0003015279388824447,0.016666666666666607
0.00030153793848246074,0.0
0.0003015479380824767,0.016666666666666607
0.00030155793768249273,0.016666666666666607
0.0003015679372825087,0.016666666666666607
0.0003015779368825247,0.016666666666666607
0.00030158793648254074,0.016666666666666607
0.0003015979360825567,0.0
0.0003016079356825727,0.0
0.0003016179352825887,0.016666666666666607
0.0003016279348826047,0.0
0.00030163793448262073,0.016666666666666607
0.0003016479340826367,0.016666666666666607
0.0003016579336826527,0.016666666666666607
0.0003016679332826687,0.016666666666666607
0.0003016779328826847,0.016666666666666607
0.00030168793248270073,0.016666666666666607
0.0003016979320827167,0.016666666666666607
0.0003017079316827327,0.016666666666666607
0.0003017179312827487,0.016666666666666607
0.0003017279308827647,0.0
0.0003017379304827807,0.016666666666666607
0.0003017479300827967,0.016666666666666607
0.0003017579296828127,0.016666666666666607
0.0003017679292828287,0.0
0.0003017779288828447,0.016666666666666607
0.0003017879284828607,0.0
0.0003017979280828767,0.016666666666666607
0.0003018079276828927,0.016666666666666607
0.0003018179272829087,0.0
0.0003018279268829247,0.016666666666666607
0.0003018379264829407,0.016666666666666607
0.0003018479260829567,0.0
0.0003018579256829727,0.016666666666666607
0.00030186792528298867,0.0
0.0003018779248830047,0.016666666666666607
0.0003018879244830207,0.016666666666666607
0.0003018979240830367,0.016666666666666607
0.0003019079236830527,0.016666666666666607
0.00030191792328306867,0.0
0.0003019279228830847,0.016666666666666607
0.0003019379224831007,0.016666666666666607
0.0003019479220831167,0.0
0.0003019579216831327,0.0
0.00030196792128314866,0.016666666666666607
0.0003019779208831647,0.016666666666666607
0.0003019879204831807,0.016666666666666607
0.00030199792008319667,0.0
0.0003020079196832127,0.0
0.0003020179192832287,0.016666666666666607
0.0003020279188832447,0.016666666666666607
0.0003020379184832607,0.016666666666666607
0.00030204791808327667,0.016666666666666607
0.0003020579176832927,0.016666666666666607
0.0003020679172833087,0.016666666666666607
0.0003020779168833247,0.0
0.0003020879164833407,0.016666666666666607
0.00030209791608335667,0.016666666666666607
0.0003021079156833727,0.0
0.0003021179152833887,0.016666666666666607
0.0003021279148834047,0.0
0.0003021379144834207,0.016666666666666607
0.00030214791408343666,0.016666666666666607
0.0003021579136834527,0.016666666666666607
0.0003021679132834687,0.016666666666666607
0.00030217791288348467,0.016666666666666607
0.0003021879124835007,0.016666666666666607
0.00030219791208351666,0.0
0.0003022079116835327,0.016666666666666607
0.0003022179112835487,0.016666666666666607
0.00030222791088356467,0.016666666666666607
0.0003022379104835807,0.0
0.00030224791008359665,0.016666666666666607
0.0003022579096836127,0.0
0.0003022679092836287,0.016666666666666607
0.00030227790888364466,0.016666666666666607
0.0003022879084836607,0.016666666666666607
0.00030229790808367665,0.016666666666666607
0.00030230790768369267,0.016666666666666607
0.0003023179072837087,0.0
0.00030232790688372466,0.016666666666666607
0.0003023379064837407,0.016666666666666607
0.00030234790608375665,0.016666666666666607
0.00030235790568377267,0.016666666666666607
0.0003023679052837887,0.0
0.00030237790488380465,0.016666666666666607
0.0003023879044838207,0.0
0.00030239790408383664,0.0
0.00030240790368385266,0.016666666666666607
0.0003024179032838687,0.0
0.00030242790288388465,0.016666666666666607
0.00030243790248390067,0.0
0.00030244790208391664,0.016666666666666607
0.00030245790168393266,0.016666666666666607
0.0003024679012839487,0.016666666666666607
0.00030247790088396465,0.0
0.00030248790048398067,0.016666666666666607
0.00030249790008399663,0.016666666666666607
0.00030250789968401266,0.016666666666666607
0.0003025178992840287,0.016666666666666607
0.00030252789888404464,0.016666666666666607
0.00030253789848406066,0.0
0.00030254789808407663,0.016666666666666607
0.00030255789768409265,0.0
0.0003025678972841087,0.016666666666666607
0.00030257789688412464,0.016666666666666607
0.00030258789648414066,0.016666666666666607
0.00030259789608415663,0.016666666666666607
0.00030260789568417265,0.0
0.00030261789528418867,0.016666666666666607
0.00030262789488420464,0.016666666666666607
0.00030263789448422066,0.0
0.0003026478940842366,0.016666666666666607
0.00030265789368425264,0.016666666666666607
0.00030266789328426867,0.0
0.00030267789288428463,0.016666666666666607
0.00030268789248430065,0.016666666666666607
0.0003026978920843166,0.0
0.00030270789168433264,0.0
0.00030271789128434866,0.016666666666666607
0.00030272789088436463,0.016666666666666607
0.00030273789048438065,0.016666666666666607
0.0003027478900843966,0.0
0.00030275788968441264,0.0
0.00030276788928442866,0.0
0.0003027778888844446,0.016666666666666607
0.00030278788848446065,0.016666666666666607
0.0003027978880844766,0.016666666666666607
0.00030280788768449263,0.016666666666666607
0.00030281788728450865,0.0
0.0003028278868845246,0.016666666666666607
0.00030283788648454064,0.0
0.0003028478860845566,0.016666666666666607
0.00030285788568457263,0.016666666666666607
0.00030286788528458865,0.016666666666666607
0.0003028778848846046,0.016666666666666607
0.00030288788448462064,0.016666666666666607
0.0003028978840846366,0.016666666666666607
0.0003029078836846526,0.0
0.00030291788328466865,0.016666666666666607
0.0003029278828846846,0.016666666666666607
0.00030293788248470063,0.016666666666666607
0.00030294788208471666,0.016666666666666607
0.0003029578816847326,0.0
0.00030296788128474864,0.016666666666666607
0.0003029778808847646,0.016666666666666607
0.00030298788048478063,0.016666666666666607
0.00030299788008479665,0.016666666666666607
0.0003030078796848126,0.016666666666666607
0.00030301787928482864,0.016666666666666607
0.0003030278788848446,0.0
0.0003030378784848606,0.016666666666666607
0.00030304787808487665,0.016666666666666607
0.0003030578776848926,0.016666666666666607
0.00030306787728490864,0.016666666666666607
0.0003030778768849246,0.0
0.0003030878764849406,0.016666666666666607
0.00030309787608495664,0.016666666666666607
0.0003031078756849726,0.016666666666666607
0.00030311787528498863,0.016666666666666607
0.0003031278748850046,0.0
0.0003031378744850206,0.016666666666666607
0.00030314787408503664,0.0
0.0003031578736850526,0.016666666666666607
0.00030316787328506863,0.016666666666666607
0.0003031778728850846,0.0
0.0003031878724851006,0.0
0.00030319787208511664,0.016666666666666607
0.0003032078716851326,0.016666666666666607
0.0003032178712851486,0.016666666666666607
0.0003032278708851646,0.016666666666666607
0.0003032378704851806,0.0
0.00030324787008519663,0.016666666666666607
0.0003032578696852126,0.0
0.0003032678692852286,0.0
0.0003032778688852446,0.016666666666666607
0.0003032878684852606,0.016666666666666607
0.00030329786808527663,0.016666666666666607
0.0003033078676852926,0.016666666666666607
0.0003033178672853086,0.016666666666666607
0.0003033278668853246,0.0
0.0003033378664853406,0.0
0.0003033478660853566,0.0
0.0003033578656853726,0.016666666666666607
0.0003033678652853886,0.0
0.0003033778648854046,0.016666666666666607
0.0003033878644854206,0.016666666666666607
0.0003033978640854366,0.0
0.0003034078636854526,0.0
0.0003034178632854686,0.016666666666666607
0.0003034278628854846,0.0
0.0003034378624855006,0.0
0.0003034478620855166,0.016666666666666607
0.0003034578616855326,0.016666666666666607
0.0003034678612855486,0.016666666666666607
0.00030347786088556457,0.016666666666666607
0.0003034878604855806,0.016666666666666607
0.0003034978600855966,0.016666666666666607
0.0003035078596856126,0.016666666666666607
0.0003035178592856286,0.016666666666666607
0.00030352785888564457,0.016666666666666607
0.0003035378584856606,0.016666666666666607
0.0003035478580856766,0.016666666666666607
0.0003035578576856926,0.0
0.0003035678572857086,0.016666666666666607
0.00030357785688572456,0.016666666666666607
0.0003035878564857406,0.0
0.0003035978560857566,0.0
0.00030360785568577257,0.016666666666666607
0.0003036178552857886,0.016666666666666607
0.00030362785488580456,0.0
0.0003036378544858206,0.016666666666666607
0.0003036478540858366,0.016666666666666607
0.00030365785368585257,0.016666666666666607
0.0003036678532858686,0.016666666666666607
0.00030367785288588456,0.016666666666666607
0.0003036878524859006,0.016666666666666607
0.0003036978520859166,0.0
0.00030370785168593257,0.016666666666666607
0.0003037178512859486,0.016666666666666607
0.00030372785088596455,0.0
0.0003037378504859806,0.016666666666666607
0.0003037478500859966,0.016666666666666607
0.00030375784968601256,0.0
0.0003037678492860286,0.016666666666666607
0.00030377784888604455,0.016666666666666607
0.00030378784848606057,0.0
0.0003037978480860766,0.0
0.00030380784768609256,0.0
0.0003038178472861086,0.016666666666666607
0.00030382784688612455,0.016666666666666607
0.00030383784648614057,0.016666666666666607
0.0003038478460861566,0.0
0.00030385784568617255,0.0
0.0003038678452861886,0.0
0.0003038778448862046,0.016666666666666607
0.00030388784448622056,0.016666666666666607
0.0003038978440862366,0.016666666666666607
0.00030390784368625255,0.0
0.00030391784328626857,0.0
0.0003039278428862846,0.016666666666666607
0.00030393784248630056,0.016666666666666607
0.0003039478420863166,0.016666666666666607
0.00030395784168633255,0.016666666666666607
0.00030396784128634857,0.016666666666666607
0.0003039778408863646,0.0
0.00030398784048638055,0.016666666666666607
0.0003039978400863966,0.0
0.00030400783968641254,0.016666666666666607
0.00030401783928642856,0.0
0.0003040278388864446,0.016666666666666607
0.00030403783848646055,0.0
0.00030404783808647657,0.016666666666666607
0.00030405783768649254,0.0
0.00030406783728650856,0.016666666666666607
0.0003040778368865246,0.0
0.00030408783648654055,0.016666666666666607
0.00030409783608655657,0.016666666666666607
0.00030410783568657253,0.016666666666666607
0.00030411783528658856,0.016666666666666607
0.0003041278348866046,0.016666666666666607
0.00030413783448662054,0.016666666666666607
0.00030414783408663656,0.0
0.00030415783368665253,0.0
0.00030416783328666855,0.0
0.0003041778328866846,0.0
0.00030418783248670054,0.016666666666666607
0.00030419783208671656,0.016666666666666607
0.00030420783168673253,0.0
0.00030421783128674855,0.0
0.00030422783088676457,0.016666666666666607
0.00030423783048678054,0.0
0.00030424783008679656,0.016666666666666607
0.0003042578296868125,0.016666666666666607
0.00030426782928682854,0.0
0.00030427782888684457,0.016666666666666607
0.00030428782848686053,0.016666666666666607
0.00030429782808687655,0.016666666666666607
0.0003043078276868925,0.0
0.00030431782728690854,0.0
0.00030432782688692456,0.016666666666666607
0.00030433782648694053,0.0
0.00030434782608695655,0.0
0.0003043578256869725,0.0
0.00030436782528698854,0.016666666666666607
0.00030437782488700456,0.0
0.0003043878244870205,0.016666666666666607
0.00030439782408703655,0.016666666666666607
0.0003044078236870525,0.016666666666666607
0.00030441782328706853,0.016666666666666607
0.00030442782288708455,0.016666666666666607
0.0003044378224871005,0.0
0.00030444782208711654,0.0
0.0003044578216871325,0.0
0.00030446782128714853,0.0
0.00030447782088716455,0.016666666666666607
0.0003044878204871805,0.016666666666666607
0.00030449782008719654,0.0
0.0003045078196872125,0.016666666666666607
0.0003045178192872285,0.0
0.00030452781888724455,0.0
0.0003045378184872605,0.016666666666666607
0.00030454781808727653,0.016666666666666607
0.0003045578176872925,0.0
0.0003045678172873085,0.016666666666666607
0.00030457781688732454,0.0
0.0003045878164873405,0.016666666666666607
0.00030459781608735653,0.016666666666666607
0.0003046078156873725,0.016666666666666607
0.0003046178152873885,0.016666666666666607
0.00030462781488740454,0.016666666666666607
0.0003046378144874205,0.016666666666666607
0.0003046478140874365,0.016666666666666607
0.0003046578136874525,0.016666666666666607
0.0003046678132874685,0.0
0.00030467781288748454,0.016666666666666607
0.0003046878124875005,0.0
0.0003046978120875165,0.0
0.0003047078116875325,0.016666666666666607
0.0003047178112875485,0.0
0.00030472781088756453,0.0
0.0003047378104875805,0.0
0.0003047478100875965,0.0
0.0003047578096876125,0.0
0.0003047678092876285,0.0
0.00030477780888764453,0.016666666666666607
0.0003047878084876605,0.016666666666666607
0.0003047978080876765,0.0
0.00030480780768769254,0.0
0.0003048178072877085,0.016666666666666607
0.0003048278068877245,0.016666666666666607
0.0003048378064877405,0.0
0.0003048478060877565,0.016666666666666607
0.00030485780568777253,0.016666666666666607
0.0003048678052877885,0.016666666666666607
0.0003048778048878045,0.016666666666666607
0.0003048878044878205,0.016666666666666607
0.0003048978040878365,0.016666666666666607
0.00030490780368785253,0.016666666666666607
0.0003049178032878685,0.0
0.0003049278028878845,0.016666666666666607
0.0003049378024879005,0.0
0.0003049478020879165,0.016666666666666607
0.0003049578016879325,0.0
0.0003049678012879485,0.016666666666666607
0.0003049778008879645,0.0
0.0003049878004879805,0.016666666666666607
0.0003049978000879965,0.016666666666666607
0.0003050077996880125,0.016666666666666607
0.0003050177992880285,0.0
0.0003050277988880445,0.016666666666666607
0.0003050377984880605,0.0
0.0003050477980880765,0.016666666666666607
0.0003050577976880925,0.0
0.0003050677972881085,0.016666666666666607
0.0003050777968881245,0.016666666666666607
0.00030508779648814047,0.016666666666666607
0.0003050977960881565,0.0
0.0003051077956881725,0.016666666666666607
0.0003051177952881885,0.0
0.0003051277948882045,0.016666666666666607
0.00030513779448822047,0.0
0.0003051477940882365,0.016666666666666607
0.0003051577936882525,0.0
0.0003051677932882685,0.016666666666666607
0.0003051777928882845,0.016666666666666607
0.00030518779248830046,0.016666666666666607
0.0003051977920883165,0.0
0.0003052077916883325,0.0
0.00030521779128834847,0.0
0.0003052277908883645,0.0
0.00030523779048838046,0.0
0.0003052477900883965,0.016666666666666607
0.0003052577896884125,0.016666666666666607
0.00030526778928842847,0.016666666666666607
0.0003052777888884445,0.016666666666666607
0.00030528778848846046,0.016666666666666607
0.0003052977880884765,0.016666666666666607
0.0003053077876884925,0.016666666666666607
0.00030531778728850847,0.016666666666666607
0.0003053277868885245,0.016666666666666607
0.00030533778648854045,0.016666666666666607
0.0003053477860885565,0.016666666666666607
0.0003053577856885725,0.0
0.00030536778528858846,0.016666666666666607
0.0003053777848886045,0.016666666666666607
0.00030538778448862045,0.0
0.00030539778408863647,0.016666666666666607
0.0003054077836886525,0.016666666666666607
0.00030541778328866846,0.0
0.0003054277828886845,0.016666666666666607
0.00030543778248870045,0.0
0.00030544778208871647,0.016666666666666607
0.0003054577816887325,0.016666666666666607
0.00030546778128874845,0.0
0.0003054777808887645,0.016666666666666607
0.00030548778048878044,0.016666666666666607
0.00030549778008879646,0.0
0.0003055077796888125,0.016666666666666607
0.00030551777928882845,0.016666666666666607
0.00030552777888884447,0.016666666666666607
0.00030553777848886044,0.0
0.00030554777808887646,0.0
0.0003055577776888925,0.016666666666666607
0.00030556777728890845,0.0
0.00030557777688892447,0.0
0.00030558777648894043,0.0
0.00030559777608895645,0.016666666666666607
0.0003056077756889725,0.016666666666666607
0.00030561777528898844,0.0
0.00030562777488900446,0.016666666666666607
0.00030563777448902043,0.016666666666666607
0.00030564777408903645,0.016666666666666607
0.00030565777368905247,0.016666666666666607
0.00030566777328906844,0.016666666666666607
0.00030567777288908446,0.0
0.0003056877724891004,0.0
0.00030569777208911645,0.016666666666666607
0.00030570777168913247,0.016666666666666607
0.00030571777128914843,0.0
0.00030572777088916446,0.016666666666666607
0.0003057377704891805,0.016666666666666607
0.00030574777008919644,0.016666666666666607
0.00030575776968921246,0.016666666666666607
0.00030576776928922843,0.016666666666666607
0.00030577776888924445,0.016666666666666607
0.0003057877684892605,0.0
0.00030579776808927644,0.016666666666666607
0.00030580776768929246,0.0
0.00030581776728930843,0.016666666666666607
0.00030582776688932445,0.016666666666666607
0.00030583776648934047,0.016666666666666607
0.00030584776608935644,0.016666666666666607
0.00030585776568937246,0.016666666666666607
0.0003058677652893884,0.016666666666666607
0.00030587776488940444,0.0
0.00030588776448942047,0.016666666666666607
0.00030589776408943643,0.016666666666666607
0.00030590776368945245,0.016666666666666607
0.0003059177632894684,0.016666666666666607
0.00030592776288948444,0.016666666666666607
0.00030593776248950046,0.0
0.00030594776208951643,0.016666666666666607
0.00030595776168953245,0.0
0.0003059677612895484,0.016666666666666607
0.00030597776088956444,0.0
0.00030598776048958046,0.016666666666666607
0.0003059977600895964,0.0
0.00030600775968961245,0.0
0.0003060177592896284,0.016666666666666607
0.00030602775888964443,0.0
0.00030603775848966045,0.0
0.0003060477580896764,0.016666666666666607
0.00030605775768969244,0.0
0.0003060677572897084,0.016666666666666607
0.00030607775688972443,0.0
0.00030608775648974045,0.016666666666666607
0.0003060977560897564,0.016666666666666607
0.00030610775568977244,0.016666666666666607
0.0003061177552897884,0.016666666666666607
0.0003061277548898044,0.016666666666666607
0.00030613775448982045,0.0
0.0003061477540898364,0.016666666666666607
0.00030615775368985243,0.016666666666666607
0.0003061677532898684,0.016666666666666607
0.0003061777528898844,0.0
0.00030618775248990044,0.0
0.0003061977520899164,0.016666666666666607
0.00030620775168993243,0.016666666666666607
0.0003062177512899484,0.0
0.0003062277508899644,0.016666666666666607
0.00030623775048998044,0.0
0.0003062477500899964,0.016666666666666607
0.0003062577496900124,0.016666666666666607
0.0003062677492900284,0.0
0.0003062777488900444,0.0
0.00030628774849006044,0.0
0.0003062977480900764,0.016666666666666607
0.0003063077476900924,0.016666666666666607
0.0003063177472901084,0.016666666666666607
0.0003063277468901244,0.016666666666666607
0.00030633774649014043,0.016666666666666607
0.0003063477460901564,0.016666666666666607
0.0003063577456901724,0.0
0.0003063677452901884,0.016666666666666607
0.0003063777448902044,0.016666666666666607
0.00030638774449022043,0.0
0.0003063977440902364,0.0
0.0003064077436902524,0.016666666666666607
0.0003064177432902684,0.016666666666666607
0.0003064277428902844,0.0
0.0003064377424903004,0.0
0.0003064477420903164,0.016666666666666607
0.0003064577416903324,0.0
0.0003064677412903484,0.016666666666666607
0.0003064777408903644,0.016666666666666607
0.0003064877404903804,0.016666666666666607
0.0003064977400903964,0.016666666666666607
0.0003065077396904124,0.0
0.0003065177392904284,0.0
0.0003065277388904444,0.016666666666666607
0.0003065377384904604,0.016666666666666607
0.0003065477380904764,0.016666666666666607
0.0003065577376904924,0.0
0.00030656773729050837,0.016666666666666607
0.0003065777368905244,0.016666666666666607
0.0003065877364905404,0.016666666666666607
0.0003065977360905564,0.0
0.0003066077356905724,0.016666666666666607
0.00030661773529058837,0.016666666666666607
0.0003066277348906044,0.016666666666666607
0.0003066377344906204,0.016666666666666607
0.0003066477340906364,0.0
0.0003066577336906524,0.0
0.0003066677332906684,0.016666666666666607
0.0003066777328906844,0.016666666666666607
0.0003066877324907004,0.016666666666666607
0.00030669773209071637,0.0
0.0003067077316907324,0.016666666666666607
0.0003067177312907484,0.016666666666666607
0.0003067277308907644,0.0
0.0003067377304907804,0.0
0.00030674773009079637,0.0
0.0003067577296908124,0.016666666666666607
0.0003067677292908284,0.016666666666666607
0.0003067777288908444,0.0
0.0003067877284908604,0.0
0.00030679772809087636,0.016666666666666607
0.0003068077276908924,0.0
0.0003068177272909084,0.0
0.00030682772689092437,0.016666666666666607
0.0003068377264909404,0.016666666666666607
0.00030684772609095636,0.016666666666666607
0.0003068577256909724,0.0
0.0003068677252909884,0.0
0.00030687772489100437,0.016666666666666607
0.0003068877244910204,0.0
0.00030689772409103636,0.016666666666666607
0.0003069077236910524,0.016666666666666607
0.0003069177232910684,0.016666666666666607
0.00030692772289108437,0.016666666666666607
0.0003069377224911004,0.016666666666666607
0.00030694772209111635,0.016666666666666607
0.0003069577216911324,0.016666666666666607
0.0003069677212911484,0.016666666666666607
0.00030697772089116436,0.0
0.0003069877204911804,0.0
0.00030699772009119635,0.0
0.00030700771969121237,0.016666666666666607
0.0003070177192912284,0.016666666666666607
0.00030702771889124436,0.0
0.0003070377184912604,0.016666666666666607
0.00030704771809127635,0.0
0.00030705771769129237,0.016666666666666607
0.0003070677172913084,0.0
0.00030707771689132435,0.0
0.0003070877164913404,0.016666666666666607
0.00030709771609135634,0.0
0.00030710771569137236,0.0
0.0003071177152913884,0.016666666666666607
0.00030712771489140435,0.016666666666666607
0.00030713771449142037,0.016666666666666607
0.00030714771409143634,0.016666666666666607
0.00030715771369145236,0.016666666666666607
0.0003071677132914684,0.016666666666666607
0.00030717771289148435,0.016666666666666607
0.00030718771249150037,0.0
0.00030719771209151633,0.0
0.00030720771169153235,0.016666666666666607
0.0003072177112915484,0.016666666666666607
0.00030722771089156434,0.016666666666666607
0.00030723771049158036,0.0
0.00030724771009159633,0.016666666666666607
0.00030725770969161235,0.0
0.00030726770929162837,0.0
0.00030727770889164434,0.0
0.00030728770849166036,0.016666666666666607
0.0003072977080916763,0.0
0.00030730770769169235,0.016666666666666607
0.00030731770729170837,0.016666666666666607
0.00030732770689172433,0.016666666666666607
0.00030733770649174036,0.0
0.0003073477060917563,0.0
0.00030735770569177234,0.0
0.00030736770529178836,0.0
0.00030737770489180433,0.016666666666666607
0.00030738770449182035,0.016666666666666607
0.0003073977040918363,0.016666666666666607
0.00030740770369185234,0.016666666666666607
0.00030741770329186836,0.0
0.00030742770289188433,0.0
0.00030743770249190035,0.016666666666666607
0.0003074477020919163,0.016666666666666607
0.00030745770169193234,0.016666666666666607
0.00030746770129194836,0.016666666666666607
0.0003074777008919643,0.0
0.00030748770049198034,-0.016666666666666607
0.0003074977000919963,0.0
0.00030750769969201233,0.0
0.00030751769929202835,0.016666666666666607
0.0003075276988920443,0.016666666666666607
0.00030753769849206034,0.016666666666666607
0.0003075476980920763,0.0
0.00030755769769209233,0.0
0.00030756769729210835,0.0
0.0003075776968921243,0.0
0.00030758769649214034,0.016666666666666607
0.00030759769609215636,0.016666666666666607
0.0003076076956921723,0.016666666666666607
0.00030761769529218835,0.016666666666666607
0.0003076276948922043,0.0
0.00030763769449222033,0.0
0.00030764769409223635,0.016666666666666607
0.0003076576936922523,0.0
0.00030766769329226834,0.016666666666666607
0.0003076776928922843,0.016666666666666607
0.00030768769249230033,-0.016666666666666607
0.00030769769209231635,0.0
0.0003077076916923323,0.0
0.00030771769129234834,0.0
0.0003077276908923643,0.0
0.0003077376904923803,0.0
0.00030774769009239635,0.0
0.0003077576896924123,0.0
0.00030776768929242833,0.016666666666666607
0.0003077776888924443,0.0
0.0003077876884924603,0.0
0.00030779768809247634,0.016666666666666607
0.0003078076876924923,0.016666666666666607
0.00030781768729250833,0.016666666666666607
0.0003078276868925243,0.016666666666666607
0.0003078376864925403,0.016666666666666607
0.00030784768609255634,0.016666666666666607
0.0003078576856925723,0.016666666666666607
0.0003078676852925883,0.0
0.0003078776848926043,0.0
0.0003078876844926203,0.016666666666666607
0.00030789768409263634,0.0
0.0003079076836926523,0.0
0.0003079176832926683,0.0
0.0003079276828926843,0.0
0.0003079376824927003,0.0
0.00030794768209271633,0.0
0.0003079576816927323,0.0
0.0003079676812927483,0.0
0.0003079776808927643,0.0
0.0003079876804927803,0.0
0.00030799768009279633,0.0
0.0003080076796928123,0.016666666666666607
0.0003080176792928283,0.0
0.0003080276788928443,0.016666666666666607
0.0003080376784928603,0.0
0.0003080476780928763,0.016666666666666607
0.0003080576776928923,0.016666666666666607
0.0003080676772929083,0.016666666666666607
0.0003080776768929243,0.0
0.0003080876764929403,0.016666666666666607
0.0003080976760929563,0.0
0.0003081076756929723,0.016666666666666607
0.0003081176752929883,0.016666666666666607
0.0003081276748930043,0.0
0.0003081376744930203,0.016666666666666607
0.0003081476740930363,0.0
0.0003081576736930523,0.016666666666666607
0.0003081676732930683,0.0
0.00030817767289308427,0.0
0.0003081876724931003,0.0
0.0003081976720931163,0.0
0.0003082076716931323,0.0
0.0003082176712931483,0.0
0.00030822767089316427,0.0
0.0003082376704931803,0.016666666666666607
0.0003082476700931963,0.016666666666666607
0.0003082576696932123,0.0
0.0003082676692932283,0.016666666666666607
0.00030827766889324426,0.016666666666666607
0.0003082876684932603,0.0
0.0003082976680932763,0.016666666666666607
0.00030830766769329227,0.016666666666666607
0.0003083176672933083,0.016666666666666607
0.00030832766689332426,0.033333333333333215
0.0003083376664933403,0.016666666666666607
0.0003083476660933563,0.016666666666666607
0.00030835766569337227,0.016666666666666607
0.0003083676652933883,0.033333333333333215
0.00030837766489340426,0.016666666666666607
0.0003083876644934203,0.016666666666666607
0.0003083976640934363,0.0
0.00030840766369345226,0.016666666666666607
0.0003084176632934683,0.016666666666666607
0.00030842766289348425,0.0
0.00030843766249350027,0.016666666666666607
0.0003084476620935163,0.016666666666666607
0.00030845766169353226,0.0
0.0003084676612935483,0.016666666666666607
0.00030847766089356425,0.0
0.00030848766049358027,0.016666666666666607
0.0003084976600935963,0.0
0.00030850765969361226,0.016666666666666607
0.0003085176592936283,0.016666666666666607
0.00030852765889364424,0.016666666666666607
0.00030853765849366027,0.016666666666666607
0.0003085476580936763,0.016666666666666607
0.00030855765769369225,0.0
0.0003085676572937083,0.016666666666666607
0.0003085776568937243,0.016666666666666607
0.00030858765649374026,0.0
0.0003085976560937563,0.016666666666666607
0.00030860765569377225,0.016666666666666607
0.00030861765529378827,0.016666666666666607
0.0003086276548938043,0.016666666666666607
0.00030863765449382026,0.016666666666666607
0.0003086476540938363,0.016666666666666607
0.00030865765369385225,0.016666666666666607
0.00030866765329386827,0.0
0.0003086776528938843,0.0
0.00030868765249390025,0.0
0.0003086976520939163,0.0
0.00030870765169393224,0.0
0.00030871765129394826,0.0
0.0003087276508939643,0.0
0.00030873765049398025,0.0
0.00030874765009399627,0.016666666666666607
0.00030875764969401224,0.0
0.00030876764929402826,0.016666666666666607
0.0003087776488940443,0.016666666666666607
0.00030878764849406025,0.016666666666666607
0.00030879764809407627,0.0
0.00030880764769409223,0.016666666666666607
0.00030881764729410825,0.0
0.0003088276468941243,0.0
0.00030883764649414024,0.0
0.00030884764609415626,0.016666666666666607
0.00030885764569417223,0.0
0.00030886764529418825,0.016666666666666607
0.00030887764489420427,0.0
0.00030888764449422024,0.0
0.00030889764409423626,0.016666666666666607
0.0003089076436942522,0.016666666666666607
0.00030891764329426825,0.0
0.00030892764289428427,0.0
0.00030893764249430024,0.0
0.00030894764209431626,0.0
0.0003089576416943322,0.0
0.00030896764129434824,0.0
0.00030897764089436426,0.016666666666666607
0.00030898764049438023,0.0
0.00030899764009439625,0.0
0.0003090076396944122,0.016666666666666607
0.00030901763929442824,0.016666666666666607
0.00030902763889444426,0.0
0.00030903763849446023,0.0
0.00030904763809447625,0.016666666666666607
0.0003090576376944922,0.016666666666666607
0.00030906763729450824,0.0
0.00030907763689452426,0.016666666666666607
0.0003090876364945402,0.0
0.00030909763609455624,0.016666666666666607
0.0003091076356945722,0.016666666666666607
0.00030911763529458823,0.0
0.00030912763489460425,0.016666666666666607
0.0003091376344946202,0.016666666666666607
0.00030914763409463624,0.016666666666666607
0.0003091576336946522,0.016666666666666607
0.00030916763329466823,0.016666666666666607
0.00030917763289468425,0.0
0.0003091876324947002,0.016666666666666607
0.00030919763209471624,0.016666666666666607
0.0003092076316947322,0.0
0.0003092176312947482,0.016666666666666607
0.00030922763089476425,0.016666666666666607
0.0003092376304947802,0.0
0.00030924763009479623,0.016666666666666607
0.0003092576296948122,0.016666666666666607
0.0003092676292948282,0.016666666666666607
0.00030927762889484424,0.0
0.0003092876284948602,0.0
0.00030929762809487623,0.016666666666666607
0.0003093076276948922,0.016666666666666607
0.0003093176272949082,0.0
0.00030932762689492424,0.0
0.0003093376264949402,0.0
0.0003093476260949562,0.016666666666666607
0.0003093576256949722,0.016666666666666607
0.0003093676252949882,0.0
0.00030937762489500423,0.016666666666666607
0.0003093876244950202,0.016666666666666607
0.0003093976240950362,0.0
0.0003094076236950522,0.016666666666666607
0.0003094176232950682,0.0
0.00030942762289508423,0.016666666666666607
0.0003094376224951002,0.0
0.0003094476220951162,0.016666666666666607
0.0003094576216951322,0.0
0.0003094676212951482,0.0
0.0003094776208951642,0.0
0.0003094876204951802,0.016666666666666607
0.0003094976200951962,0.0
0.00030950761969521224,0.016666666666666607
0.0003095176192952282,0.0
0.0003095276188952442,0.016666666666666607
0.0003095376184952602,0.016666666666666607
0.0003095476180952762,0.0
0.00030955761769529223,0.0
0.0003095676172953082,0.016666666666666607
0.0003095776168953242,0.016666666666666607
0.0003095876164953402,0.0
0.0003095976160953562,0.016666666666666607
0.00030960761569537223,0.0
0.0003096176152953882,0.0
0.0003096276148954042,0.016666666666666607
0.0003096376144954202,0.0
0.0003096476140954362,0.0
0.0003096576136954522,0.016666666666666607
0.0003096676132954682,0.016666666666666607
0.0003096776128954842,0.0
0.0003096876124955002,0.016666666666666607
0.0003096976120955162,0.0
0.0003097076116955322,0.0
0.0003097176112955482,0.0
0.0003097276108955642,0.016666666666666607
0.0003097376104955802,0.016666666666666607
0.0003097476100955962,0.016666666666666607
0.0003097576096956122,0.016666666666666607
0.0003097676092956282,0.0
0.0003097776088956442,0.016666666666666607
0.00030978760849566017,0.0
0.0003097976080956762,0.0
0.0003098076076956922,0.016666666666666607
0.0003098176072957082,0.0
0.0003098276068957242,0.016666666666666607
0.00030983760649574017,0.0
0.0003098476060957562,0.016666666666666607
0.0003098576056957722,0.016666666666666607
0.0003098676052957882,0.016666666666666607
0.0003098776048958042,0.0
0.00030988760449582016,0.016666666666666607
0.0003098976040958362,0.016666666666666607
0.0003099076036958522,0.016666666666666607
0.00030991760329586817,0.016666666666666607
0.0003099276028958842,0.016666666666666607
0.00030993760249590016,0.016666666666666607
0.0003099476020959162,0.016666666666666607
0.0003099576016959322,0.0
0.00030996760129594817,0.016666666666666607
0.0003099776008959642,0.016666666666666607
0.00030998760049598016,0.016666666666666607
0.0003099976000959962,0.0
0.0003100075996960122,0.016666666666666607
0.00031001759929602816,0.0
0.0003100275988960442,0.016666666666666607
0.00031003759849606015,0.016666666666666607
0.00031004759809607617,0.016666666666666607
0.0003100575976960922,0.0
0.00031006759729610816,0.0
0.0003100775968961242,0.0
0.00031008759649614015,0.016666666666666607
0.00031009759609615617,0.016666666666666607
0.0003101075956961722,0.016666666666666607
0.00031011759529618816,0.016666666666666607
0.0003101275948962042,0.0
0.00031013759449622014,0.0
0.00031014759409623617,0.016666666666666607
0.0003101575936962522,0.0
0.00031016759329626815,0.016666666666666607
0.0003101775928962842,0.016666666666666607
0.00031018759249630014,0.0
0.00031019759209631616,0.0
0.0003102075916963322,0.0
0.00031021759129634815,0.0
0.00031022759089636417,0.016666666666666607
0.00031023759049638014,0.0
0.00031024759009639616,0.0
0.0003102575896964122,0.016666666666666607
0.00031026758929642815,0.016666666666666607
0.00031027758889644417,0.0
0.00031028758849646013,0.016666666666666607
0.00031029758809647615,0.0
0.0003103075876964922,0.016666666666666607
0.00031031758729650814,0.0
0.00031032758689652416,0.016666666666666607
0.00031033758649654013,0.0
0.00031034758609655615,0.0
0.00031035758569657217,0.0
0.00031036758529658814,0.016666666666666607
0.00031037758489660416,0.0
0.0003103875844966201,0.016666666666666607
0.00031039758409663615,0.016666666666666607
0.00031040758369665217,0.016666666666666607
0.00031041758329666813,0.016666666666666607
0.00031042758289668415,0.0
0.0003104375824967002,0.016666666666666607
0.00031044758209671614,0.016666666666666607
0.00031045758169673216,0.016666666666666607
0.00031046758129674813,0.016666666666666607
0.00031047758089676415,0.0
0.00031048758049678017,0.016666666666666607
0.00031049758009679614,0.016666666666666607
0.00031050757969681216,0.016666666666666607
0.0003105175792968281,0.0
0.00031052757889684415,0.016666666666666607
0.00031053757849686017,0.0
0.00031054757809687614,0.0
0.00031055757769689216,0.0
0.0003105675772969081,0.016666666666666607
0.00031057757689692414,0.0
0.00031058757649694016,0.0
0.00031059757609695613,0.0
0.00031060757569697215,0.016666666666666607
0.0003106175752969881,0.0
0.00031062757489700414,0.0
0.00031063757449702016,0.016666666666666607
0.00031064757409703613,0.0
0.00031065757369705215,0.0
0.0003106675732970681,0.0
0.00031067757289708414,0.0
0.00031068757249710016,0.016666666666666607
0.0003106975720971161,0.016666666666666607
0.00031070757169713214,0.016666666666666607
0.0003107175712971481,0.016666666666666607
0.00031072757089716413,0.016666666666666607
0.00031073757049718015,0.016666666666666607
0.0003107475700971961,0.016666666666666607
0.00031075756969721214,0.016666666666666607
0.0003107675692972281,0.016666666666666607
0.00031077756889724413,0.0
0.00031078756849726015,0.0
0.0003107975680972761,0.0
0.00031080756769729214,0.016666666666666607
0.0003108175672973081,0.0
0.0003108275668973241,0.0
0.00031083756649734015,0.0
0.0003108475660973561,0.016666666666666607
0.00031085756569737213,0.0
0.0003108675652973881,0.0
0.0003108775648974041,0.0
0.00031088756449742014,0.016666666666666607
0.0003108975640974361,0.016666666666666607
0.00031090756369745213,0.016666666666666607
0.0003109175632974681,0.016666666666666607
0.0003109275628974841,0.016666666666666607
0.00031093756249750014,0.0
0.0003109475620975161,0.016666666666666607
0.0003109575616975321,0.0
0.0003109675612975481,0.016666666666666607
0.0003109775608975641,0.016666666666666607
0.00031098756049758013,0.0
0.0003109975600975961,0.0
0.0003110075596976121,0.016666666666666607
0.0003110175592976281,0.016666666666666607
0.0003110275588976441,0.016666666666666607
0.00031103755849766013,0.016666666666666607
0.0003110475580976761,0.016666666666666607
0.0003110575576976921,0.016666666666666607
0.0003110675572977081,0.0
0.0003110775568977241,0.016666666666666607
0.0003110875564977401,0.016666666666666607
0.0003110975560977561,0.0
0.0003111075556977721,0.016666666666666607
0.0003111175552977881,0.0
0.0003111275548978041,0.016666666666666607
0.0003111375544978201,0.016666666666666607
0.0003111475540978361,0.016666666666666607
0.0003111575536978521,0.0
0.0003111675532978681,0.0
0.0003111775528978841,0.0
0.0003111875524979001,0.0
0.0003111975520979161,0.0
0.0003112075516979321,0.016666666666666607
0.0003112175512979481,0.0
0.0003112275508979641,0.0
0.0003112375504979801,0.0
0.0003112475500979961,0.016666666666666607
0.0003112575496980121,0.0
0.00031126754929802807,0.0
0.0003112775488980441,0.0
0.0003112875484980601,0.0
0.0003112975480980761,0.0
0.0003113075476980921,0.016666666666666607
0.00031131754729810807,0.016666666666666607
0.0003113275468981241,0.0
0.0003113375464981401,0.016666666666666607
0.0003113475460981561,0.016666666666666607
0.0003113575456981721,0.0
0.0003113675452981881,0.0
0.0003113775448982041,0.0
0.0003113875444982201,0.016666666666666607
0.00031139754409823607,0.016666666666666607
0.0003114075436982521,0.016666666666666607
0.0003114175432982681,0.016666666666666607
0.0003114275428982841,0.016666666666666607
0.0003114375424983001,0.0
0.00031144754209831607,0.0
0.0003114575416983321,0.016666666666666607
0.0003114675412983481,0.0
0.0003114775408983641,0.0
0.0003114875404983801,0.016666666666666607
0.00031149754009839606,0.016666666666666607
0.0003115075396984121,0.016666666666666607
0.0003115175392984281,0.016666666666666607
0.00031152753889844407,0.016666666666666607
0.0003115375384984601,0.0
0.00031154753809847606,0.0
0.0003115575376984921,0.016666666666666607
0.0003115675372985081,0.016666666666666607
0.00031157753689852407,0.0
0.0003115875364985401,0.016666666666666607
0.00031159753609855606,0.0
0.0003116075356985721,0.016666666666666607
0.0003116175352985881,0.0
0.00031162753489860406,0.016666666666666607
0.0003116375344986201,0.016666666666666607
0.00031164753409863605,0.016666666666666607
0.00031165753369865207,0.0
0.0003116675332986681,0.016666666666666607
0.00031167753289868406,0.016666666666666607
0.0003116875324987001,0.016666666666666607
0.00031169753209871605,0.0
0.00031170753169873207,0.0
0.0003117175312987481,-0.016666666666666607
0.00031172753089876406,0.0
0.0003117375304987801,0.016666666666666607
0.00031174753009879604,0.016666666666666607
0.00031175752969881207,0.016666666666666607
0.0003117675292988281,0.016666666666666607
0.00031177752889884405,0.0
0.0003117875284988601,0.0
0.00031179752809887604,0.016666666666666607
0.00031180752769889206,0.016666666666666607
0.0003118175272989081,0.016666666666666607
0.00031182752689892405,0.016666666666666607
0.00031183752649894007,0.0
0.00031184752609895604,0.0
0.00031185752569897206,0.0
0.0003118675252989881,0.0
0.00031187752489900405,0.016666666666666607
0.00031188752449902007,0.016666666666666607
0.00031189752409903603,0.0
0.00031190752369905205,0.0
0.0003119175232990681,0.0
0.00031192752289908404,0.0
0.00031193752249910006,0.016666666666666607
0.00031194752209911603,0.016666666666666607
0.00031195752169913205,0.016666666666666607
0.00031196752129914807,0.016666666666666607
0.00031197752089916404,0.016666666666666607
0.00031198752049918006,0.0
0.000311997520099196,0.0
0.00031200751969921205,0.016666666666666607
0.00031201751929922807,0.0
0.00031202751889924403,0.016666666666666607
0.00031203751849926006,0.0
0.000312047518099276,0.0
0.00031205751769929204,0.0
0.00031206751729930806,0.016666666666666607
0.00031207751689932403,0.016666666666666607
0.00031208751649934005,0.016666666666666607
0.000312097516099356,0.0
0.00031210751569937204,0.0
0.00031211751529938806,0.0
0.000312127514899404,0.016666666666666607
0.00031213751449942005,0.016666666666666607
0.000312147514099436,0.016666666666666607
0.00031215751369945204,0.0
0.00031216751329946806,0.0
0.000312177512899484,0.016666666666666607
0.00031218751249950004,0.016666666666666607
0.000312197512099516,0.016666666666666607
0.00031220751169953203,0.016666666666666607
0.00031221751129954805,0.016666666666666607
0.000312227510899564,0.016666666666666607
0.00031223751049958004,0.016666666666666607
0.000312247510099596,0.016666666666666607
0.00031225750969961203,0.016666666666666607
0.00031226750929962805,0.016666666666666607
0.000312277508899644,0.016666666666666607
0.00031228750849966004,0.0
0.00031229750809967606,0.0
0.000312307507699692,0.0
0.00031231750729970804,0.0
0.000312327506899724,0.0
0.00031233750649974003,0.0
0.00031234750609975605,0.0
0.000312357505699772,0.0
0.00031236750529978804,0.016666666666666607
0.000312377504899804,0.016666666666666607
0.00031238750449982003,0.016666666666666607
0.00031239750409983605,0.016666666666666607
0.000312407503699852,0.0
0.00031241750329986804,0.0
0.000312427502899884,0.016666666666666607
0.0003124375024999,0.016666666666666607
0.00031244750209991605,0.016666666666666607
0.000312457501699932,0.016666666666666607
0.00031246750129994803,0.016666666666666607
0.000312477500899964,0.0
0.00031248750049998,0.0
0.00031249750009999604,0.016666666666666607
0.000312507499700012,0.016666666666666607
0.00031251749930002803,0.016666666666666607
0.000312527498900044,0.0
0.00031253749850006,0.0
0.00031254749810007604,0.0
0.000312557497700092,0.0
0.000312567497300108,0.016666666666666607
0.000312577496900124,0.0
0.00031258749650014,0.016666666666666607
0.00031259749610015603,0.0
0.000312607495700172,0.0
0.000312617495300188,0.016666666666666607
0.000312627494900204,0.016666666666666607
0.00031263749450022,0.0
0.00031264749410023603,0.016666666666666607
0.000312657493700252,0.016666666666666607
0.000312667493300268,0.0
0.000312677492900284,0.016666666666666607
0.0003126874925003,0.016666666666666607
0.000312697492100316,0.016666666666666607
0.000312707491700332,0.016666666666666607
0.000312717491300348,0.016666666666666607
0.000312727490900364,0.016666666666666607
0.00031273749050038,0.016666666666666607
0.000312747490100396,0.016666666666666607
0.000312757489700412,0.0
0.000312767489300428,0.016666666666666607
0.000312777488900444,0.0
0.00031278748850046,0.0
0.000312797488100476,0.0
0.000312807487700492,0.016666666666666607
0.000312817487300508,0.016666666666666607
0.000312827486900524,0.016666666666666607
0.00031283748650054,0.016666666666666607
0.000312847486100556,0.016666666666666607
0.000312857485700572,0.016666666666666607
0.000312867485300588,0.016666666666666607
0.00031287748490060397,0.0
0.00031288748450062,0.016666666666666607
0.000312897484100636,0.0
0.000312907483700652,0.0
0.000312917483300668,0.016666666666666607
0.00031292748290068397,0.016666666666666607
0.0003129374825007,0.016666666666666607
0.000312947482100716,0.0
0.000312957481700732,0.016666666666666607
0.000312967481300748,0.016666666666666607
0.00031297748090076396,0.0
0.00031298748050078,0.0
0.000312997480100796,0.0
0.00031300747970081197,0.016666666666666607
0.000313017479300828,0.0
0.00031302747890084396,0.0
0.00031303747850086,0.016666666666666607
0.000313047478100876,0.016666666666666607
0.00031305747770089197,0.0
0.000313067477300908,0.0
0.00031307747690092395,0.0
0.00031308747650094,0.0
0.000313097476100956,0.016666666666666607
0.00031310747570097196,0.016666666666666607
0.000313117475300988,0.016666666666666607
0.00031312747490100395,0.016666666666666607
0.00031313747450101997,0.016666666666666607
0.000313147474101036,0.016666666666666607
0.00031315747370105196,0.016666666666666607
0.000313167473301068,0.016666666666666607
0.00031317747290108395,0.0
0.00031318747250109997,0.016666666666666607
0.000313197472101116,0.0
0.00031320747170113196,0.016666666666666607
0.000313217471301148,0.0
0.000313227470901164,0.0
0.00031323747050117996,0.016666666666666607
0.000313247470101196,0.0
0.00031325746970121195,0.016666666666666607
0.000313267469301228,0.0
0.000313277468901244,0.0
0.00031328746850125996,0.0
0.000313297468101276,0.016666666666666607
0.00031330746770129195,0.016666666666666607
0.00031331746730130797,0.0
0.000313327466901324,0.016666666666666607
0.00031333746650133996,0.016666666666666607
0.000313347466101356,0.016666666666666607
0.00031335746570137194,0.0
0.00031336746530138797,0.016666666666666607
0.000313377464901404,0.0
0.00031338746450141995,0.016666666666666607
0.000313397464101436,0.016666666666666607
0.00031340746370145194,0.016666666666666607
0.00031341746330146796,0.0
0.000313427462901484,0.016666666666666607
0.00031343746250149995,0.016666666666666607
0.00031344746210151597,0.016666666666666607
0.00031345746170153194,0.016666666666666607
0.00031346746130154796,0.016666666666666607
0.000313477460901564,0.016666666666666607
0.00031348746050157995,0.016666666666666607
0.00031349746010159597,0.016666666666666607
0.00031350745970161193,0.016666666666666607
0.00031351745930162795,0.0
0.000313527458901644,0.016666666666666607
0.00031353745850165994,0.016666666666666607
0.00031354745810167596,0.016666666666666607
0.00031355745770169193,0.016666666666666607
0.00031356745730170795,0.016666666666666607
0.00031357745690172397,0.0
0.00031358745650173994,0.016666666666666607
0.00031359745610175596,0.0
0.0003136074557017719,0.016666666666666607
0.00031361745530178795,0.0
0.00031362745490180397,0.016666666666666607
0.00031363745450181993,0.016666666666666607
0.00031364745410183596,0.016666666666666607
0.0003136574537018519,0.0
0.00031366745330186794,0.0
0.00031367745290188396,0.0
0.00031368745250189993,0.016666666666666607
0.00031369745210191595,0.016666666666666607
0.0003137074517019319,0.016666666666666607
0.00031371745130194794,0.0
0.00031372745090196396,0.016666666666666607
0.0003137374505019799,0.0
0.00031374745010199595,0.0
0.0003137574497020119,0.016666666666666607
0.00031376744930202794,0.016666666666666607
0.00031377744890204396,0.016666666666666607
0.0003137874485020599,0.016666666666666607
0.00031379744810207594,0.0
0.0003138074477020919,0.0
0.00031381744730210793,0.016666666666666607
0.00031382744690212395,0.016666666666666607
0.0003138374465021399,0.016666666666666607
0.00031384744610215594,0.016666666666666607
0.0003138574457021719,0.016666666666666607
0.00031386744530218793,0.016666666666666607
0.00031387744490220395,0.016666666666666607
0.0003138874445022199,0.016666666666666607
0.00031389744410223594,0.0
0.0003139074437022519,0.016666666666666607
0.0003139174433022679,0.016666666666666607
0.00031392744290228394,0.0
0.0003139374425022999,0.0
0.00031394744210231593,0.016666666666666607
0.0003139574417023319,0.0
0.0003139674413023479,0.0
0.00031397744090236394,0.016666666666666607
0.0003139874405023799,0.016666666666666607
0.00031399744010239593,0.0
0.0003140074397024119,0.016666666666666607
0.0003140174393024279,0.016666666666666607
0.00031402743890244394,0.016666666666666607
0.0003140374385024599,0.0
0.0003140474381024759,0.016666666666666607
0.0003140574377024919,0.016666666666666607
0.0003140674373025079,0.016666666666666607
0.00031407743690252393,0.0
0.0003140874365025399,0.016666666666666607
0.0003140974361025559,0.0
0.0003141074357025719,0.016666666666666607
0.0003141174353025879,0.016666666666666607
0.00031412743490260393,0.016666666666666607
0.0003141374345026199,0.0
0.0003141474341026359,0.016666666666666607
0.00031415743370265194,0.0
0.0003141674333026679,0.016666666666666607
0.0003141774329026839,0.0
0.0003141874325026999,0.016666666666666607
0.0003141974321027159,0.016666666666666607
0.00031420743170273193,0.016666666666666607
0.0003142174313027479,0.016666666666666607
0.0003142274309027639,0.016666666666666607
0.0003142374305027799,0.0
0.0003142474301027959,0.016666666666666607
0.00031425742970281193,0.016666666666666607
0.0003142674293028279,0.0
0.0003142774289028439,0.016666666666666607
0.0003142874285028599,0.016666666666666607
0.0003142974281028759,0.016666666666666607
0.0003143074277028919,0.0
0.0003143174273029079,0.0
0.0003143274269029239,0.016666666666666607
0.0003143374265029399,0.0
0.0003143474261029559,0.016666666666666607
0.0003143574257029719,0.016666666666666607
0.0003143674253029879,0.0
0.0003143774249030039,0.016666666666666607
0.0003143874245030199,0.0
0.0003143974241030359,0.0
0.0003144074237030519,0.0
0.0003144174233030679,0.0
0.0003144274229030839,0.016666666666666607
0.0003144374225030999,0.016666666666666607
0.0003144474221031159,0.016666666666666607
0.0003144574217031319,0.0
0.0003144674213031479,0.0
0.0003144774209031639,0.016666666666666607
0.00031448742050317987,0.016666666666666607
0.0003144974201031959,0.0
0.0003145074197032119,0.016666666666666607
0.0003145174193032279,0.016666666666666607
0.0003145274189032439,0.016666666666666607
0.00031453741850325987,0.016666666666666607
0.0003145474181032759,0.016666666666666607
0.0003145574177032919,0.0
0.0003145674173033079,0.0
0.0003145774169033239,0.0
0.00031458741650333986,0.016666666666666607
0.0003145974161033559,0.016666666666666607
0.0003146074157033719,0.0
0.00031461741530338787,0.016666666666666607
0.0003146274149034039,0.0
0.00031463741450341986,0.016666666666666607
0.0003146474141034359,0.016666666666666607
0.0003146574137034519,0.016666666666666607
0.00031466741330346787,0.016666666666666607
0.0003146774129034839,0.016666666666666607
0.00031468741250349985,0.0
0.0003146974121035159,0.016666666666666607
0.0003147074117035319,0.016666666666666607
0.00031471741130354786,0.0
0.0003147274109035639,0.016666666666666607
0.00031473741050357985,0.016666666666666607
0.00031474741010359587,0.016666666666666607
0.0003147574097036119,0.016666666666666607
0.00031476740930362786,0.016666666666666607
0.0003147774089036439,0.0
0.00031478740850365985,0.016666666666666607
0.00031479740810367587,0.0
0.0003148074077036919,0.016666666666666607
0.00031481740730370786,0.0
0.0003148274069037239,0.016666666666666607
0.00031483740650373984,0.0
0.00031484740610375586,0.016666666666666607
0.0003148574057037719,0.0
0.00031486740530378785,0.016666666666666607
0.0003148774049038039,0.016666666666666607
0.00031488740450381984,0.016666666666666607
0.00031489740410383586,0.016666666666666607
0.0003149074037038519,0.016666666666666607
0.00031491740330386785,0.016666666666666607
0.00031492740290388387,0.0
0.00031493740250389984,0.016666666666666607
0.00031494740210391586,0.0
0.0003149574017039319,0.016666666666666607
0.00031496740130394784,0.016666666666666607
0.00031497740090396387,0.016666666666666607
0.00031498740050397983,0.016666666666666607
0.00031499740010399585,0.016666666666666607
0.0003150073997040119,0.016666666666666607
0.00031501739930402784,0.016666666666666607
0.00031502739890404386,0.016666666666666607
0.00031503739850405983,0.016666666666666607
0.00031504739810407585,0.016666666666666607
0.00031505739770409187,0.016666666666666607
0.00031506739730410784,0.016666666666666607
0.00031507739690412386,0.0
0.0003150873965041399,0.016666666666666607
0.00031509739610415585,0.016666666666666607
0.00031510739570417187,0.016666666666666607
0.00031511739530418783,0.0
0.00031512739490420385,0.016666666666666607
0.0003151373945042199,0.016666666666666607
0.00031514739410423584,0.0
0.00031515739370425186,0.0
0.00031516739330426783,0.016666666666666607
0.00031517739290428385,0.016666666666666607
0.00031518739250429987,0.016666666666666607
0.00031519739210431584,0.016666666666666607
0.00031520739170433186,0.016666666666666607
0.0003152173913043478,0.0
0.00031522739090436385,0.016666666666666607
0.00031523739050437987,0.016666666666666607
0.00031524739010439583,0.016666666666666607
0.00031525738970441186,0.016666666666666607
0.0003152673893044278,0.016666666666666607
0.00031527738890444384,0.0
0.00031528738850445986,0.0
0.00031529738810447583,0.0
0.00031530738770449185,0.016666666666666607
0.0003153173873045078,0.016666666666666607
0.00031532738690452384,0.016666666666666607
0.00031533738650453986,0.016666666666666607
0.0003153473861045558,0.016666666666666607
0.00031535738570457185,0.016666666666666607
0.0003153673853045878,0.016666666666666607
0.00031537738490460384,0.016666666666666607
0.00031538738450461986,0.016666666666666607
0.0003153973841046358,0.016666666666666607
0.00031540738370465184,0.016666666666666607
0.0003154173833046678,0.016666666666666607
0.00031542738290468383,0.016666666666666607
0.00031543738250469985,0.016666666666666607
0.0003154473821047158,0.016666666666666607
0.00031545738170473184,0.0
0.0003154673813047478,0.016666666666666607
0.00031547738090476383,0.0
0.00031548738050477985,0.016666666666666607
0.0003154973801047958,0.016666666666666607
0.00031550737970481184,0.016666666666666607
0.0003155173793048278,0.0
0.0003155273789048438,0.0
0.00031553737850485984,0.016666666666666607
0.0003155473781048758,0.016666666666666607
0.00031555737770489183,0.0
0.0003155673773049078,0.016666666666666607
0.0003155773769049238,0.016666666666666607
0.00031558737650493984,0.0
0.0003155973761049558,0.016666666666666607
0.00031560737570497183,0.016666666666666607
0.0003156173753049878,0.016666666666666607
0.0003156273749050038,0.016666666666666607
0.00031563737450501984,0.0
0.0003156473741050358,0.0
0.0003156573737050518,0.016666666666666607
0.0003156673733050678,0.016666666666666607
0.0003156773729050838,0.0
0.00031568737250509983,0.016666666666666607
0.0003156973721051158,0.0
0.0003157073717051318,0.016666666666666607
0.0003157173713051478,0.0
0.0003157273709051638,0.016666666666666607
0.00031573737050517983,0.016666666666666607
0.0003157473701051958,0.0
0.0003157573697052118,0.016666666666666607
0.0003157673693052278,0.016666666666666607
0.0003157773689052438,0.0
0.0003157873685052598,0.0
0.0003157973681052758,0.016666666666666607
0.0003158073677052918,0.0
0.0003158173673053078,0.016666666666666607
0.0003158273669053238,0.016666666666666607
0.0003158373665053398,0.016666666666666607
0.0003158473661053558,0.0
0.0003158573657053718,0.0
0.0003158673653053878,0.016666666666666607
0.0003158773649054038,0.0
0.0003158873645054198,0.016666666666666607
0.0003158973641054358,0.016666666666666607
0.0003159073637054518,0.0
0.00031591736330546777,0.0
0.0003159273629054838,0.016666666666666607
0.0003159373625054998,0.0
0.0003159473621055158,0.016666666666666607
0.0003159573617055318,0.0
0.00031596736130554777,0.0
0.0003159773609055638,0.016666666666666607
0.0003159873605055798,0.016666666666666607
0.0003159973601055958,0.0
0.0003160073597056118,0.016666666666666607
0.0003160173593056278,0.0
0.0003160273589056438,0.016666666666666607
0.0003160373585056598,0.0
0.0003160473581056758,0.016666666666666607
0.0003160573577056918,0.0
0.0003160673573057078,0.0
0.0003160773569057238,0.0
0.0003160873565057398,0.016666666666666607
0.00031609735610575577,0.0
0.0003161073557057718,0.016666666666666607
0.0003161173553057878,0.0
0.0003161273549058038,0.016666666666666607
0.0003161373545058198,0.0
0.00031614735410583577,0.0
0.0003161573537058518,0.0
0.0003161673533058678,0.0
0.0003161773529058838,0.016666666666666607
0.0003161873525058998,0.016666666666666607
0.00031619735210591576,0.016666666666666607
0.0003162073517059318,0.016666666666666607
0.0003162173513059478,0.016666666666666607
0.00031622735090596377,0.016666666666666607
0.0003162373505059798,0.016666666666666607
0.00031624735010599576,0.016666666666666607
0.0003162573497060118,0.0
0.0003162673493060278,0.016666666666666607
0.00031627734890604377,0.0
0.0003162873485060598,0.016666666666666607
0.00031629734810607575,0.016666666666666607
0.0003163073477060918,0.0
0.0003163173473061078,0.0
0.00031632734690612376,0.016666666666666607
0.0003163373465061398,0.016666666666666607
0.00031634734610615575,0.016666666666666607
0.00031635734570617177,0.016666666666666607
0.0003163673453061878,0.016666666666666607
0.00031637734490620376,0.016666666666666607
0.0003163873445062198,0.016666666666666607
0.00031639734410623575,0.0
0.00031640734370625177,0.0
0.0003164173433062678,0.016666666666666607
0.00031642734290628376,0.0
0.0003164373425062998,0.016666666666666607
0.00031644734210631574,0.016666666666666607
0.00031645734170633176,0.016666666666666607
0.0003164673413063478,0.016666666666666607
0.00031647734090636375,0.0
0.0003164873405063798,0.016666666666666607
0.00031649734010639574,0.016666666666666607
0.00031650733970641176,0.016666666666666607
0.0003165173393064278,0.016666666666666607
0.00031652733890644375,0.016666666666666607
0.00031653733850645977,0.016666666666666607
0.00031654733810647574,0.0
0.00031655733770649176,0.016666666666666607
0.0003165673373065078,0.016666666666666607
0.00031657733690652374,0.016666666666666607
0.00031658733650653977,0.016666666666666607
0.00031659733610655573,0.016666666666666607
0.00031660733570657175,0.016666666666666607
0.0003166173353065878,0.0
0.00031662733490660374,0.016666666666666607
0.00031663733450661976,0.016666666666666607
0.00031664733410663573,0.016666666666666607
0.00031665733370665175,0.016666666666666607
0.00031666733330666777,0.016666666666666607
0.00031667733290668374,0.016666666666666607
0.00031668733250669976,0.0
0.0003166973321067157,0.016666666666666607
0.00031670733170673175,0.016666666666666607
0.00031671733130674777,0.016666666666666607
0.00031672733090676373,0.016666666666666607
0.00031673733050677975,0.016666666666666607
0.0003167473301067957,0.016666666666666607
0.00031675732970681174,0.0
0.00031676732930682776,0.0
0.00031677732890684373,0.0
0.00031678732850685975,0.0
0.0003167973281068757,0.016666666666666607
0.00031680732770689174,0.016666666666666607
0.00031681732730690776,0.0
0.0003168273269069237,0.016666666666666607
0.00031683732650693975,0.016666666666666607
0.0003168473261069557,0.016666666666666607
0.00031685732570697173,0.016666666666666607
0.00031686732530698776,0.016666666666666607
0.0003168773249070037,0.0
0.00031688732450701974,0.016666666666666607
0.0003168973241070357,0.0
0.00031690732370705173,0.016666666666666607
0.00031691732330706775,0.0
0.0003169273229070837,0.016666666666666607
0.00031693732250709974,0.0
0.00031694732210711576,0.016666666666666607
0.0003169573217071317,0.0
0.00031696732130714775,0.0
0.0003169773209071637,0.0
0.00031698732050717974,0.016666666666666607
0.00031699732010719576,0.016666666666666607
0.0003170073197072117,0.016666666666666607
0.00031701731930722774,0.0
0.0003170273189072437,0.016666666666666607
0.00031703731850725973,0.016666666666666607
0.00031704731810727575,0.016666666666666607
0.0003170573177072917,0.016666666666666607
0.00031706731730730774,0.016666666666666607
0.0003170773169073237,0.0
0.00031708731650733973,0.016666666666666607
0.00031709731610735575,0.0
0.0003171073157073717,0.016666666666666607
0.00031711731530738774,0.0
0.0003171273149074037,0.016666666666666607
0.0003171373145074197,0.016666666666666607
0.00031714731410743574,0.0
0.0003171573137074517,0.0
0.00031716731330746773,0.016666666666666607
0.0003171773129074837,0.0
0.0003171873125074997,0.016666666666666607
0.00031719731210751574,0.016666666666666607
0.0003172073117075317,0.016666666666666607
0.00031721731130754773,0.016666666666666607
0.0003172273109075637,0.016666666666666607
0.0003172373105075797,0.016666666666666607
0.00031724731010759574,0.016666666666666607
0.0003172573097076117,0.016666666666666607
0.0003172673093076277,0.0
0.0003172773089076437,0.0
0.0003172873085076597,0.016666666666666607
0.00031729730810767573,0.0
0.0003173073077076917,0.016666666666666607
0.0003173173073077077,0.016666666666666607
0.0003173273069077237,0.016666666666666607
0.0003173373065077397,0.016666666666666607
0.00031734730610775573,0.016666666666666607
0.0003173573057077717,0.016666666666666607
0.0003173673053077877,0.016666666666666607
0.0003173773049078037,0.016666666666666607
0.0003173873045078197,0.016666666666666607
0.0003173973041078357,0.016666666666666607
0.0003174073037078517,0.016666666666666607
0.0003174173033078677,0.016666666666666607
0.0003174273029078837,0.016666666666666607
0.0003174373025078997,0.0
0.0003174473021079157,0.016666666666666607
0.0003174573017079317,0.016666666666666607
0.0003174673013079477,0.016666666666666607
0.0003174773009079637,0.016666666666666607
0.0003174873005079797,0.0
0.0003174973001079957,0.0
0.0003175072997080117,0.0
0.0003175172993080277,0.0
0.00031752729890804367,0.016666666666666607
0.0003175372985080597,0.016666666666666607
0.0003175472981080757,0.016666666666666607
0.0003175572977080917,0.016666666666666607
0.0003175672973081077,0.016666666666666607
0.00031757729690812367,0.016666666666666607
0.0003175872965081397,0.0
0.0003175972961081557,0.016666666666666607
0.0003176072957081717,0.016666666666666607
0.0003176172953081877,0.016666666666666607
0.00031762729490820367,0.016666666666666607
0.0003176372945082197,0.016666666666666607
0.0003176472941082357,0.0
0.0003176572937082517,0.0
0.0003176672933082677,0.016666666666666607
0.00031767729290828366,0.016666666666666607
0.0003176872925082997,0.016666666666666607
0.0003176972921083157,0.016666666666666607
0.00031770729170833167,0.0
0.0003177172913083477,0.016666666666666607
0.00031772729090836366,0.016666666666666607
0.0003177372905083797,0.016666666666666607
0.0003177472901083957,0.016666666666666607
0.00031775728970841167,0.016666666666666607
0.0003177672893084277,0.016666666666666607
0.00031777728890844365,0.016666666666666607
0.0003177872885084597,0.016666666666666607
0.0003177972881084757,0.016666666666666607
0.00031780728770849166,0.016666666666666607
0.0003178172873085077,0.016666666666666607
0.00031782728690852365,0.0
0.00031783728650853967,0.0
0.0003178472861085557,0.0
0.00031785728570857166,0.0
0.0003178672853085877,0.0
0.0003178772849086037,0.0
0.00031788728450861967,0.0
0.0003178972841086357,0.0
0.00031790728370865165,0.016666666666666607
0.0003179172833086677,0.016666666666666607
0.0003179272829086837,0.033333333333333215
0.00031793728250869966,0.033333333333333215
0.0003179472821087157,0.033333333333333215
0.00031795728170873165,0.033333333333333215
0.00031796728130874767,0.033333333333333215
0.0003179772809087637,0.016666666666666607
0.00031798728050877966,0.016666666666666607
0.0003179972801087957,0.016666666666666607
0.00031800727970881165,0.0
0.00031801727930882767,-0.016666666666666607
0.0003180272789088437,-0.016666666666666607
0.00031803727850885966,-0.016666666666666607
0.0003180472781088757,-0.016666666666666607
0.00031805727770889164,0.0
0.00031806727730890766,0.0
0.0003180772769089237,0.0
0.00031808727650893965,0.016666666666666607
0.0003180972761089557,0.016666666666666607
0.00031810727570897164,0.033333333333333215
0.00031811727530898766,0.033333333333333215
0.0003181272749090037,0.04999999999999982
0.00031813727450901965,0.033333333333333215
0.00031814727410903567,0.033333333333333215
0.00031815727370905164,0.016666666666666607
0.00031816727330906766,0.0
0.0003181772729090837,0.0
0.00031818727250909964,0.0
0.00031819727210911567,0.0
0.00031820727170913163,0.016666666666666607
0.00031821727130914765,0.0
0.0003182272709091637,0.0
0.00031823727050917964,0.0
0.00031824727010919566,0.016666666666666607
0.00031825726970921163,0.016666666666666607
0.00031826726930922765,0.033333333333333215
0.00031827726890924367,0.033333333333333215
0.00031828726850925964,0.016666666666666607
0.00031829726810927566,0.016666666666666607
0.0003183072677092916,0.016666666666666607
0.00031831726730930765,0.016666666666666607
0.00031832726690932367,0.0
0.00031833726650933963,0.0
0.00031834726610935565,0.0
0.0003183572657093716,-0.016666666666666607
0.00031836726530938764,0.0
0.00031837726490940366,0.0
0.00031838726450941963,0.0
0.00031839726410943565,0.0
0.0003184072637094516,0.016666666666666607
0.00031841726330946764,0.016666666666666607
0.00031842726290948366,0.016666666666666607
0.0003184372625094996,0.033333333333333215
0.00031844726210951565,0.016666666666666607
0.0003184572617095316,0.016666666666666607
0.00031846726130954763,0.016666666666666607
0.00031847726090956366,0.016666666666666607
0.0003184872605095796,0.016666666666666607
0.00031849726010959564,0.016666666666666607
0.0003185072597096116,0.0
0.00031851725930962763,0.0
0.00031852725890964365,0.0
0.0003185372585096596,0.0
0.00031854725810967564,0.0
0.0003185572577096916,0.016666666666666607
0.0003185672573097076,0.016666666666666607
0.00031857725690972365,0.016666666666666607
0.0003185872565097396,0.016666666666666607
0.00031859725610975564,0.033333333333333215
0.0003186072557097716,0.016666666666666607
0.0003186172553097876,0.033333333333333215
0.00031862725490980364,0.016666666666666607
0.0003186372545098196,0.016666666666666607
0.00031864725410983563,0.016666666666666607
0.0003186572537098516,0.016666666666666607
0.0003186672533098676,0.0
0.00031867725290988364,0.0
0.0003186872525098996,0.0
0.00031869725210991563,0.0
0.0003187072517099316,0.016666666666666607
0.0003187172513099476,0.0
0.00031872725090996364,0.0
0.0003187372505099796,0.016666666666666607
0.0003187472501099956,0.016666666666666607
0.0003187572497100116,0.0
0.0003187672493100276,0.016666666666666607
0.00031877724891004363,0.016666666666666607
0.0003187872485100596,0.033333333333333215
0.0003187972481100756,0.033333333333333215
0.00031880724771009164,0.033333333333333215
0.0003188172473101076,0.016666666666666607
0.00031882724691012363,0.016666666666666607
0.0003188372465101396,0.016666666666666607
0.0003188472461101556,0.016666666666666607
0.00031885724571017164,0.0
0.0003188672453101876,0.0
0.0003188772449102036,0.0
0.0003188872445102196,0.0
0.0003188972441102356,0.0
0.00031890724371025163,0.0
0.0003189172433102676,0.016666666666666607
0.0003189272429102836,0.016666666666666607
0.0003189372425102996,0.016666666666666607
0.0003189472421103156,0.016666666666666607
0.00031895724171033163,0.016666666666666607
0.0003189672413103476,0.016666666666666607
0.0003189772409103636,0.016666666666666607
0.0003189872405103796,0.016666666666666607
0.0003189972401103956,0.016666666666666607
0.0003190072397104116,0.016666666666666607
0.0003190172393104276,0.0
0.0003190272389104436,0.016666666666666607
0.0003190372385104596,0.016666666666666607
0.0003190472381104756,0.016666666666666607
0.0003190572377104916,0.0
0.0003190672373105076,0.0
0.0003190772369105236,0.016666666666666607
0.0003190872365105396,0.016666666666666607
0.0003190972361105556,0.0
0.0003191072357105716,0.016666666666666607
0.0003191172353105876,0.016666666666666607
0.0003191272349106036,0.016666666666666607
0.00031913723451061957,0.016666666666666607
0.0003191472341106356,0.016666666666666607
0.0003191572337106516,0.033333333333333215
0.0003191672333106676,0.016666666666666607
0.0003191772329106836,0.016666666666666607
0.00031918723251069957,0.016666666666666607
0.0003191972321107156,0.016666666666666607
0.0003192072317107316,0.0
0.0003192172313107476,0.0
0.0003192272309107636,0.016666666666666607
0.00031923723051077957,0.0
0.0003192472301107956,0.0
0.0003192572297108116,0.0
0.0003192672293108276,0.0
0.0003192772289108436,0.0
0.00031928722851085956,0.0
0.0003192972281108756,0.016666666666666607
0.0003193072277108916,0.016666666666666607
0.00031931722731090757,0.016666666666666607
0.0003193272269109236,0.016666666666666607
0.00031933722651093956,0.016666666666666607
0.0003193472261109556,0.016666666666666607
0.0003193572257109716,0.033333333333333215
0.00031936722531098757,0.016666666666666607
0.0003193772249110036,0.016666666666666607
0.00031938722451101955,0.016666666666666607
0.0003193972241110356,0.016666666666666607
0.0003194072237110516,0.016666666666666607
0.00031941722331106756,0.0
0.0003194272229110836,0.0
0.00031943722251109955,0.0
0.00031944722211111557,0.0
0.0003194572217111316,0.0
0.00031946722131114756,0.0
0.0003194772209111636,0.016666666666666607
0.00031948722051117955,0.0
0.00031949722011119557,0.0
0.0003195072197112116,0.0
0.00031951721931122755,0.016666666666666607
0.0003195272189112436,0.016666666666666607
0.00031953721851125954,0.016666666666666607
0.00031954721811127556,0.016666666666666607
0.0003195572177112916,0.016666666666666607
0.00031956721731130755,0.016666666666666607
0.00031957721691132357,0.016666666666666607
0.00031958721651133954,0.016666666666666607
0.00031959721611135556,0.016666666666666607
0.0003196072157113716,0.016666666666666607
0.00031961721531138755,0.016666666666666607
0.00031962721491140357,0.0
0.00031963721451141953,0.0
0.00031964721411143556,0.016666666666666607
0.0003196572137114516,0.0
0.00031966721331146754,0.0
0.00031967721291148356,0.016666666666666607
0.00031968721251149953,0.016666666666666607
0.00031969721211151555,0.016666666666666607
0.0003197072117115316,0.016666666666666607
0.00031971721131154754,0.016666666666666607
0.00031972721091156356,0.016666666666666607
0.0003197372105115796,0.016666666666666607
0.00031974721011159555,0.016666666666666607
0.00031975720971161157,0.016666666666666607
0.00031976720931162754,0.016666666666666607
0.00031977720891164356,0.016666666666666607
0.0003197872085116596,0.0
0.00031979720811167554,0.0
0.00031980720771169157,0.016666666666666607
0.00031981720731170753,0.016666666666666607
0.00031982720691172355,0.0
0.0003198372065117396,0.016666666666666607
0.00031984720611175554,0.016666666666666607
0.00031985720571177156,0.0
0.00031986720531178753,0.016666666666666607
0.00031987720491180355,0.0
0.00031988720451181957,0.016666666666666607
0.00031989720411183554,0.016666666666666607
0.00031990720371185156,0.016666666666666607
0.0003199172033118675,0.016666666666666607
0.00031992720291188355,0.016666666666666607
0.00031993720251189957,0.016666666666666607
0.00031994720211191553,0.016666666666666607
0.00031995720171193155,0.016666666666666607
0.0003199672013119475,0.016666666666666607
0.00031997720091196354,0.016666666666666607
0.00031998720051197956,0.016666666666666607
0.00031999720011199553,0.016666666666666607
0.00032000719971201155,0.0
0.0003200171993120275,0.0
0.00032002719891204354,0.0
0.00032003719851205956,0.016666666666666607
0.0003200471981120755,0.0
0.00032005719771209155,0.016666666666666607
0.0003200671973121075,0.016666666666666607
0.00032007719691212353,0.0
0.00032008719651213956,0.016666666666666607
0.0003200971961121555,0.016666666666666607
0.00032010719571217154,0.016666666666666607
0.0003201171953121875,0.016666666666666607
0.00032012719491220353,0.016666666666666607
0.00032013719451221955,0.016666666666666607
0.0003201471941122355,0.016666666666666607
0.00032015719371225154,0.016666666666666607
0.0003201671933122675,0.016666666666666607
0.0003201771929122835,0.016666666666666607
0.00032018719251229955,0.016666666666666607
0.0003201971921123155,0.0
0.00032020719171233154,0.016666666666666607
0.0003202171913123475,0.016666666666666607
0.0003202271909123635,0.0
0.00032023719051237954,0.0
0.0003202471901123955,0.016666666666666607
0.00032025718971241153,0.016666666666666607
0.0003202671893124275,0.016666666666666607
0.0003202771889124435,0.016666666666666607
0.00032028718851245954,0.016666666666666607
0.0003202971881124755,0.016666666666666607
0.00032030718771249153,0.016666666666666607
0.0003203171873125075,0.016666666666666607
0.0003203271869125235,0.016666666666666607
0.00032033718651253954,0.016666666666666607
0.0003203471861125555,0.016666666666666607
0.0003203571857125715,0.016666666666666607
0.0003203671853125875,0.016666666666666607
0.0003203771849126035,0.016666666666666607
0.00032038718451261953,0.016666666666666607
0.0003203971841126355,0.016666666666666607
0.0003204071837126515,0.016666666666666607
0.0003204171833126675,0.016666666666666607
0.0003204271829126835,0.0
0.00032043718251269953,0.0
0.0003204471821127155,0.016666666666666607
0.0003204571817127315,0.016666666666666607
0.0003204671813127475,0.016666666666666607
0.0003204771809127635,0.016666666666666607
0.0003204871805127795,0.016666666666666607
0.0003204971801127955,0.016666666666666607
0.0003205071797128115,0.016666666666666607
0.0003205171793128275,0.016666666666666607
0.0003205271789128435,0.016666666666666607
0.0003205371785128595,0.016666666666666607
0.0003205471781128755,0.016666666666666607
0.0003205571777128915,0.016666666666666607
0.0003205671773129075,0.0
0.0003205771769129235,0.0
0.0003205871765129395,0.0
0.0003205971761129555,0.016666666666666607
0.0003206071757129715,0.0
0.00032061717531298747,0.0
0.0003206271749130035,0.016666666666666607
0.0003206371745130195,0.016666666666666607
0.0003206471741130355,0.016666666666666607
0.0003206571737130515,0.016666666666666607
0.0003206671733130675,0.016666666666666607
0.0003206771729130835,0.0
0.0003206871725130995,0.016666666666666607
0.0003206971721131155,0.016666666666666607
0.0003207071717131315,0.016666666666666607
0.0003207171713131475,0.016666666666666607
0.0003207271709131635,0.016666666666666607
0.0003207371705131795,0.016666666666666607
0.00032074717011319547,0.0
0.0003207571697132115,0.0
0.0003207671693132275,0.016666666666666607
0.0003207771689132435,0.016666666666666607
0.0003207871685132595,0.0
0.00032079716811327547,0.016666666666666607
0.0003208071677132915,0.016666666666666607
0.0003208171673133075,0.0
0.0003208271669133235,0.0
0.0003208371665133395,0.0
0.00032084716611335547,0.016666666666666607
0.0003208571657133715,0.0
0.0003208671653133875,0.016666666666666607
0.0003208771649134035,0.016666666666666607
0.0003208871645134195,0.016666666666666607
0.00032089716411343546,0.016666666666666607
0.0003209071637134515,0.0
0.0003209171633134675,0.016666666666666607
0.00032092716291348347,0.016666666666666607
0.0003209371625134995,0.016666666666666607
0.00032094716211351546,0.016666666666666607
0.0003209571617135315,0.0
0.0003209671613135475,0.0
0.00032097716091356347,0.016666666666666607
0.0003209871605135795,0.0
0.00032099716011359545,0.016666666666666607
0.0003210071597136115,0.016666666666666607
0.0003210171593136275,0.0
0.00032102715891364346,0.016666666666666607
0.0003210371585136595,0.016666666666666607
0.00032104715811367545,0.0
0.00032105715771369147,0.016666666666666607
0.0003210671573137075,0.016666666666666607
0.00032107715691372346,0.016666666666666607
0.0003210871565137395,0.016666666666666607
0.00032109715611375545,0.016666666666666607
0.00032110715571377147,0.016666666666666607
0.0003211171553137875,0.0
0.00032112715491380345,0.016666666666666607
0.0003211371545138195,0.016666666666666607
0.00032114715411383544,0.016666666666666607
0.00032115715371385146,0.016666666666666607
0.0003211671533138675,0.033333333333333215
0.00032117715291388345,0.0
0.00032118715251389947,0.016666666666666607
0.00032119715211391544,0.016666666666666607
0.00032120715171393146,0.016666666666666607
0.0003212171513139475,0.0
0.00032122715091396345,0.0
0.00032123715051397947,0.0
0.00032124715011399544,0.016666666666666607
0.00032125714971401146,0.016666666666666607
0.0003212671493140275,0.0
0.00032127714891404344,0.0
0.00032128714851405946,0.016666666666666607
0.00032129714811407543,0.016666666666666607
0.00032130714771409145,0.016666666666666607
0.0003213171473141075,0.016666666666666607
0.00032132714691412344,0.016666666666666607
0.00032133714651413946,0.016666666666666607
0.00032134714611415543,0.0
0.00032135714571417145,0.016666666666666607
0.00032136714531418747,0.016666666666666607
0.00032137714491420344,0.016666666666666607
0.00032138714451421946,0.016666666666666607
0.0003213971441142354,0.016666666666666607
0.00032140714371425144,0.016666666666666607
0.00032141714331426747,0.0
0.00032142714291428343,0.016666666666666607
0.00032143714251429945,0.016666666666666607
0.0003214471421143154,0.016666666666666607
0.00032145714171433144,0.016666666666666607
0.00032146714131434746,0.016666666666666607
0.00032147714091436343,0.0
0.00032148714051437945,0.016666666666666607
0.0003214971401143954,0.016666666666666607
0.00032150713971441144,0.016666666666666607
0.00032151713931442746,0.016666666666666607
0.0003215271389144434,0.016666666666666607
0.00032153713851445945,0.0
0.0003215471381144754,0.0
0.00032155713771449143,0.016666666666666607
0.00032156713731450745,0.016666666666666607
0.0003215771369145234,0.0
0.00032158713651453944,0.016666666666666607
0.0003215971361145554,0.016666666666666607
0.00032160713571457143,0.016666666666666607
0.00032161713531458745,0.0
0.0003216271349146034,0.016666666666666607
0.00032163713451461944,0.016666666666666607
0.00032164713411463546,0.016666666666666607
0.0003216571337146514,0.016666666666666607
0.00032166713331466745,0.016666666666666607
0.0003216771329146834,0.0
0.00032168713251469943,0.016666666666666607
0.00032169713211471546,0.0
0.0003217071317147314,0.0
0.00032171713131474744,0.0
0.0003217271309147634,0.033333333333333215
0.00032173713051477943,0.016666666666666607
0.00032174713011479545,0.016666666666666607
0.0003217571297148114,0.0
0.00032176712931482744,0.0
0.0003217771289148434,0.016666666666666607
0.0003217871285148594,0.0
0.00032179712811487545,0.016666666666666607
0.0003218071277148914,0.016666666666666607
0.00032181712731490744,0.0
0.0003218271269149234,0.0
0.0003218371265149394,0.0
0.00032184712611495544,0.016666666666666607
0.0003218571257149714,0.0
0.00032186712531498743,0.033333333333333215
0.0003218771249150034,0.033333333333333215
0.0003218871245150194,0.016666666666666607
0.00032189712411503544,0.016666666666666607
0.0003219071237150514,0.0
0.00032191712331506743,0.0
0.0003219271229150834,0.016666666666666607
0.0003219371225150994,0.016666666666666607
0.00032194712211511544,0.0
0.0003219571217151314,0.016666666666666607
0.0003219671213151474,0.016666666666666607
0.0003219771209151634,0.0
0.0003219871205151794,0.016666666666666607
0.00032199712011519543,0.016666666666666607
0.0003220071197152114,0.016666666666666607
0.0003220171193152274,0.016666666666666607
0.0003220271189152434,0.0
0.0003220371185152594,0.0
0.00032204711811527543,0.016666666666666607
0.0003220571177152914,0.016666666666666607
0.0003220671173153074,0.016666666666666607
0.0003220771169153234,0.0
0.0003220871165153394,0.016666666666666607
0.0003220971161153554,0.016666666666666607
0.0003221071157153714,0.016666666666666607
0.0003221171153153874,0.016666666666666607
0.0003221271149154034,0.0
0.0003221371145154194,0.0
0.0003221471141154354,0.016666666666666607
0.0003221571137154514,0.016666666666666607
0.0003221671133154674,0.016666666666666607
0.0003221771129154834,0.016666666666666607
0.0003221871125154994,0.016666666666666607
0.0003221971121155154,0.0
0.0003222071117155314,0.016666666666666607
0.0003222171113155474,0.0
0.00032222711091556337,0.0
0.0003222371105155794,0.016666666666666607
0.0003222471101155954,0.016666666666666607
0.0003222571097156114,0.0
0.0003222671093156274,0.016666666666666607
0.00032227710891564337,0.0
0.0003222871085156594,0.0
0.0003222971081156754,0.016666666666666607
0.0003223071077156914,0.016666666666666607
0.0003223171073157074,0.0
0.00032232710691572336,0.0
0.0003223371065157394,0.0
0.0003223471061157554,0.016666666666666607
0.00032235710571577137,0.016666666666666607
0.0003223671053157874,0.016666666666666607
0.00032237710491580336,0.016666666666666607
0.0003223871045158194,0.016666666666666607
0.0003223971041158354,0.016666666666666607
0.00032240710371585137,0.016666666666666607
0.0003224171033158674,0.016666666666666607
0.00032242710291588336,0.016666666666666607
0.0003224371025158994,0.016666666666666607
0.0003224471021159154,0.016666666666666607
0.00032245710171593137,0.0
0.0003224671013159474,0.0
0.00032247710091596335,0.016666666666666607
0.0003224871005159794,0.016666666666666607
0.0003224971001159954,0.0
0.00032250709971601136,0.0
0.0003225170993160274,0.0
0.00032252709891604335,0.0
0.00032253709851605937,0.0
0.0003225470981160754,0.016666666666666607
0.00032255709771609136,0.0
0.0003225670973161074,0.0
0.0003225770969161234,0.0
0.00032258709651613937,0.0
0.0003225970961161554,0.016666666666666607
0.00032260709571617135,0.016666666666666607
0.0003226170953161874,0.0
0.0003226270949162034,0.016666666666666607
0.00032263709451621936,0.016666666666666607
0.0003226470941162354,0.016666666666666607
0.00032265709371625135,0.016666666666666607
0.00032266709331626737,0.0
0.0003226770929162834,0.016666666666666607
0.00032268709251629936,0.016666666666666607
0.0003226970921163154,0.016666666666666607
0.00032270709171633135,0.016666666666666607
0.00032271709131634737,0.0
0.0003227270909163634,0.016666666666666607
0.00032273709051637935,0.0
0.0003227470901163954,0.016666666666666607
0.00032275708971641134,0.016666666666666607
0.00032276708931642736,0.0
0.0003227770889164434,0.016666666666666607
0.00032278708851645935,0.0
0.00032279708811647537,0.0
0.00032280708771649134,0.0
0.00032281708731650736,0.0
0.0003228270869165234,0.0
0.00032283708651653935,0.016666666666666607
0.00032284708611655537,0.016666666666666607
0.00032285708571657134,0.016666666666666607
0.00032286708531658736,0.016666666666666607
0.0003228770849166034,0.0
0.00032288708451661934,0.0
0.00032289708411663536,0.0
0.00032290708371665133,0.033333333333333215
0.00032291708331666735,0.016666666666666607
0.0003229270829166834,0.016666666666666607
0.00032293708251669934,0.016666666666666607
0.00032294708211671536,0.016666666666666607
0.00032295708171673133,0.0
0.00032296708131674735,0.0
0.00032297708091676337,0.016666666666666607
0.00032298708051677934,0.0
0.00032299708011679536,0.0
0.0003230070797168113,0.0
0.00032301707931682734,0.0
0.00032302707891684337,0.016666666666666607
0.00032303707851685933,0.016666666666666607
0.00032304707811687535,0.016666666666666607
0.0003230570777168913,0.033333333333333215
0.00032306707731690734,0.016666666666666607
0.00032307707691692336,0.016666666666666607
0.00032308707651693933,0.033333333333333215
0.00032309707611695535,0.016666666666666607
0.0003231070757169713,0.016666666666666607
0.00032311707531698734,0.016666666666666607
0.00032312707491700336,0.016666666666666607
0.0003231370745170193,0.016666666666666607
0.00032314707411703535,0.016666666666666607
0.0003231570737170513,0.016666666666666607
0.00032316707331706733,0.0
0.00032317707291708335,0.016666666666666607
0.0003231870725170993,0.0
0.00032319707211711534,0.0
0.0003232070717171313,0.016666666666666607
0.00032321707131714733,0.016666666666666607
0.00032322707091716335,0.016666666666666607
0.0003232370705171793,0.0
0.00032324707011719534,0.016666666666666607
0.0003232570697172113,0.016666666666666607
0.0003232670693172273,0.0
0.00032327706891724335,0.0
0.0003232870685172593,0.016666666666666607
0.00032329706811727533,0.016666666666666607
0.0003233070677172913,0.016666666666666607
0.0003233170673173073,0.016666666666666607
0.00032332706691732334,0.016666666666666607
0.0003233370665173393,0.016666666666666607
0.00032334706611735533,0.016666666666666607
0.0003233570657173713,0.0
0.0003233670653173873,0.016666666666666607
0.00032337706491740334,0.016666666666666607
0.0003233870645174193,0.016666666666666607
0.0003233970641174353,0.016666666666666607
0.0003234070637174513,0.0
0.0003234170633174673,0.0
0.00032342706291748334,0.0
0.0003234370625174993,0.0
0.0003234470621175153,0.0
0.0003234570617175313,0.0
0.0003234670613175473,0.0
0.00032347706091756333,0.0
0.0003234870605175793,0.0
0.0003234970601175953,0.016666666666666607
0.00032350705971761134,0.0
0.0003235170593176273,0.016666666666666607
0.00032352705891764333,0.016666666666666607
0.0003235370585176593,0.016666666666666607
0.0003235470581176753,0.016666666666666607
0.00032355705771769134,0.016666666666666607
0.0003235670573177073,0.016666666666666607
0.0003235770569177233,0.016666666666666607
0.0003235870565177393,0.016666666666666607
0.0003235970561177553,0.016666666666666607
0.00032360705571777133,0.016666666666666607
0.0003236170553177873,0.016666666666666607
0.0003236270549178033,0.016666666666666607
0.0003236370545178193,0.016666666666666607
0.0003236470541178353,0.016666666666666607
0.00032365705371785133,0.0
0.0003236670533178673,0.016666666666666607
0.0003236770529178833,0.0
0.0003236870525178993,0.016666666666666607
0.0003236970521179153,0.016666666666666607
0.0003237070517179313,0.0
0.0003237170513179473,0.0
0.0003237270509179633,0.0
0.0003237370505179793,0.016666666666666607
0.0003237470501179953,0.016666666666666607
0.0003237570497180113,0.016666666666666607
0.0003237670493180273,0.016666666666666607
0.0003237770489180433,0.016666666666666607
0.0003237870485180593,0.016666666666666607
0.0003237970481180753,0.016666666666666607
0.0003238070477180913,0.016666666666666607
0.0003238170473181073,0.016666666666666607
0.0003238270469181233,0.016666666666666607
0.00032383704651813927,0.0
0.0003238470461181553,0.016666666666666607
0.0003238570457181713,0.016666666666666607
0.0003238670453181873,0.016666666666666607
0.0003238770449182033,0.0
0.00032388704451821927,0.016666666666666607
0.0003238970441182353,0.016666666666666607
0.0003239070437182513,0.0
0.0003239170433182673,0.016666666666666607
0.0003239270429182833,0.016666666666666607
0.00032393704251829926,0.016666666666666607
0.0003239470421183153,0.016666666666666607
0.0003239570417183313,0.016666666666666607
0.00032396704131834727,0.016666666666666607
0.0003239770409183633,0.0
0.00032398704051837926,0.016666666666666607
0.0003239970401183953,0.0
0.0003240070397184113,0.0
0.00032401703931842727,0.016666666666666607
0.0003240270389184433,0.016666666666666607
0.00032403703851845926,0.016666666666666607
0.0003240470381184753,0.016666666666666607
0.0003240570377184913,0.016666666666666607
0.00032406703731850727,0.0
0.0003240770369185233,0.0
0.00032408703651853925,0.016666666666666607
0.0003240970361185553,0.016666666666666607
0.0003241070357185713,0.016666666666666607
0.00032411703531858726,0.016666666666666607
0.0003241270349186033,0.016666666666666607
0.00032413703451861925,0.016666666666666607
0.00032414703411863527,0.016666666666666607
0.0003241570337186513,0.0
0.00032416703331866726,0.016666666666666607
0.0003241770329186833,0.016666666666666607
0.00032418703251869925,0.016666666666666607
0.00032419703211871527,0.016666666666666607
0.0003242070317187313,0.016666666666666607
0.00032421703131874725,0.0
0.0003242270309187633,0.016666666666666607
0.00032423703051877924,0.016666666666666607
0.00032424703011879526,0.016666666666666607
0.0003242570297188113,0.016666666666666607
0.00032426702931882725,0.016666666666666607
0.00032427702891884327,0.016666666666666607
0.00032428702851885924,0.016666666666666607
0.00032429702811887526,0.016666666666666607
0.0003243070277188913,0.016666666666666607
0.00032431702731890725,0.0
0.00032432702691892327,0.016666666666666607
0.00032433702651893923,0.016666666666666607
0.00032434702611895526,0.016666666666666607
0.0003243570257189713,0.016666666666666607
0.00032436702531898724,0.016666666666666607
0.00032437702491900326,0.016666666666666607
0.00032438702451901923,0.016666666666666607
0.00032439702411903525,0.0
0.00032440702371905127,0.0
0.00032441702331906724,0.016666666666666607
0.00032442702291908326,0.0
0.0003244370225190993,0.016666666666666607
0.00032444702211911525,0.016666666666666607
0.00032445702171913127,0.016666666666666607
0.00032446702131914724,0.016666666666666607
0.00032447702091916326,0.016666666666666607
0.0003244870205191793,0.016666666666666607
0.00032449702011919524,0.016666666666666607
0.00032450701971921126,0.016666666666666607
0.00032451701931922723,0.0
0.00032452701891924325,0.0
0.0003245370185192593,0.016666666666666607
0.00032454701811927524,0.016666666666666607
0.00032455701771929126,0.016666666666666607
0.00032456701731930723,0.0
0.00032457701691932325,0.016666666666666607
0.00032458701651933927,0.016666666666666607
0.00032459701611935524,0.016666666666666607
0.00032460701571937126,0.016666666666666607
0.0003246170153193872,0.016666666666666607
0.00032462701491940324,0.016666666666666607
0.00032463701451941927,0.0
0.00032464701411943523,0.016666666666666607
0.00032465701371945125,0.016666666666666607
0.0003246670133194672,0.016666666666666607
0.00032467701291948324,0.016666666666666607
0.00032468701251949926,0.016666666666666607
0.00032469701211951523,0.0
0.00032470701171953125,0.016666666666666607
0.0003247170113195472,0.016666666666666607
0.00032472701091956324,0.016666666666666607
0.00032473701051957926,0.016666666666666607
0.0003247470101195952,0.016666666666666607
0.00032475700971961125,0.016666666666666607
0.0003247670093196272,0.016666666666666607
0.00032477700891964323,0.0
0.00032478700851965925,0.016666666666666607
0.0003247970081196752,0.016666666666666607
0.00032480700771969124,0.016666666666666607
0.0003248170073197072,0.016666666666666607
0.00032482700691972323,0.016666666666666607
0.00032483700651973925,0.016666666666666607
0.0003248470061197552,0.016666666666666607
0.00032485700571977124,0.0
0.0003248670053197872,0.0
0.0003248770049198032,0.0
0.00032488700451981925,0.0
0.0003248970041198352,0.016666666666666607
0.00032490700371985123,0.016666666666666607
0.0003249170033198672,0.016666666666666607
0.0003249270029198832,0.016666666666666607
0.00032493700251989924,0.016666666666666607
0.0003249470021199152,0.016666666666666607
0.00032495700171993123,0.016666666666666607
0.0003249670013199472,0.016666666666666607
0.0003249770009199632,0.0
0.00032498700051997924,0.016666666666666607
0.0003249970001199952,0.0
0.0003250069997200112,0.016666666666666607
0.0003250169993200272,0.016666666666666607
0.0003250269989200432,0.016666666666666607
0.00032503699852005924,0.0
0.0003250469981200752,0.0
0.0003250569977200912,0.016666666666666607
0.0003250669973201072,0.033333333333333215
0.0003250769969201232,0.0
0.00032508699652013923,0.016666666666666607
0.0003250969961201552,0.016666666666666607
0.0003251069957201712,0.016666666666666607
0.0003251169953201872,0.0
0.0003251269949202032,0.016666666666666607
0.00032513699452021923,0.016666666666666607
0.0003251469941202352,0.016666666666666607
0.0003251569937202512,0.016666666666666607
0.0003251669933202672,0.0
0.0003251769929202832,0.016666666666666607
0.0003251869925202992,0.016666666666666607
0.0003251969921203152,0.016666666666666607
0.0003252069917203312,0.016666666666666607
0.0003252169913203472,0.016666666666666607
0.0003252269909203632,0.016666666666666607
0.0003252369905203792,0.016666666666666607
0.0003252469901203952,0.016666666666666607
0.0003252569897204112,0.0
0.0003252669893204272,0.016666666666666607
0.0003252769889204432,0.016666666666666607
0.0003252869885204592,0.016666666666666607
0.0003252969881204752,0.016666666666666607
0.0003253069877204912,0.016666666666666607
0.00032531698732050717,0.016666666666666607
0.0003253269869205232,0.016666666666666607
0.0003253369865205392,0.016666666666666607
0.0003253469861205552,0.016666666666666607
0.0003253569857205712,0.0
0.0003253669853205872,0.016666666666666607
0.0003253769849206032,0.016666666666666607
0.0003253869845206192,0.0
0.0003253969841206352,0.0
0.0003254069837206512,0.016666666666666607
0.0003254169833206672,0.0
0.0003254269829206832,0.016666666666666607
0.0003254369825206992,0.016666666666666607
0.00032544698212071517,0.016666666666666607
0.0003254569817207312,0.0
0.0003254669813207472,0.016666666666666607
0.0003254769809207632,0.016666666666666607
0.0003254869805207792,0.016666666666666607
0.00032549698012079517,0.016666666666666607
0.0003255069797208112,0.016666666666666607
0.0003255169793208272,0.016666666666666607
0.0003255269789208432,0.016666666666666607
0.0003255369785208592,0.0
0.00032554697812087516,0.0
0.0003255569777208912,0.016666666666666607
0.0003255669773209072,0.016666666666666607
0.0003255769769209232,0.0
0.0003255869765209392,0.016666666666666607
0.00032559697612095516,0.016666666666666607
0.0003256069757209712,0.016666666666666607
0.0003256169753209872,0.016666666666666607
0.00032562697492100317,0.016666666666666607
0.0003256369745210192,0.016666666666666607
0.00032564697412103516,0.016666666666666607
0.0003256569737210512,0.016666666666666607
0.0003256669733210672,0.016666666666666607
0.00032567697292108317,0.016666666666666607
0.0003256869725210992,0.016666666666666607
0.00032569697212111515,0.0
0.0003257069717211312,0.016666666666666607
0.0003257169713211472,0.016666666666666607
0.00032572697092116316,0.0
0.0003257369705211792,0.016666666666666607
0.00032574697012119515,0.016666666666666607
0.00032575696972121117,0.0
0.0003257669693212272,0.0
0.00032577696892124316,0.016666666666666607
0.0003257869685212592,0.016666666666666607
0.00032579696812127515,0.0
0.00032580696772129117,0.0
0.0003258169673213072,0.016666666666666607
0.00032582696692132315,0.016666666666666607
0.0003258369665213392,0.016666666666666607
0.00032584696612135514,0.016666666666666607
0.00032585696572137116,0.0
0.0003258669653213872,0.016666666666666607
0.00032587696492140315,0.016666666666666607
0.00032588696452141917,0.016666666666666607
0.00032589696412143514,0.016666666666666607
0.00032590696372145116,0.016666666666666607
0.0003259169633214672,0.0
0.00032592696292148315,0.016666666666666607
0.00032593696252149917,0.016666666666666607
0.00032594696212151513,0.016666666666666607
0.00032595696172153116,0.016666666666666607
0.0003259669613215472,0.0
0.00032597696092156314,0.016666666666666607
0.00032598696052157916,0.0
0.00032599696012159513,0.0
0.00032600695972161115,0.016666666666666607
0.00032601695932162717,0.016666666666666607
0.00032602695892164314,0.016666666666666607
0.00032603695852165916,0.016666666666666607
0.0003260469581216751,0.016666666666666607
0.00032605695772169115,0.0
0.00032606695732170717,0.016666666666666607
0.00032607695692172314,0.016666666666666607
0.00032608695652173916,0.016666666666666607
0.0003260969561217551,0.016666666666666607
0.00032610695572177114,0.016666666666666607
0.00032611695532178716,0.016666666666666607
0.00032612695492180313,0.0
0.00032613695452181915,0.016666666666666607
0.0003261469541218351,0.016666666666666607
0.00032615695372185114,0.016666666666666607
0.00032616695332186716,0.016666666666666607
0.00032617695292188313,0.016666666666666607
0.00032618695252189915,0.016666666666666607
0.0003261969521219151,0.0
0.00032620695172193114,0.0
0.00032621695132194716,0.0
0.0003262269509219631,0.016666666666666607
0.00032623695052197914,0.033333333333333215
0.0003262469501219951,0.033333333333333215
0.00032625694972201113,0.016666666666666607
0.00032626694932202715,0.016666666666666607
0.0003262769489220431,0.016666666666666607
0.00032628694852205914,0.0
0.00032629694812207516,0.0
0.00032630694772209113,0.016666666666666607
0.00032631694732210715,0.016666666666666607
0.0003263269469221231,0.016666666666666607
0.00032633694652213914,0.0
0.00032634694612215516,0.0
0.0003263569457221711,0.016666666666666607
0.00032636694532218715,0.0
0.0003263769449222031,0.016666666666666607
0.00032638694452221913,0.016666666666666607
0.00032639694412223515,0.016666666666666607
0.0003264069437222511,0.016666666666666607
0.00032641694332226714,0.0
0.0003264269429222831,0.0
0.00032643694252229913,0.0
0.00032644694212231515,0.016666666666666607
0.0003264569417223311,0.016666666666666607
0.00032646694132234714,0.016666666666666607
0.0003264769409223631,0.016666666666666607
0.0003264869405223791,0.0
0.00032649694012239515,0.0
0.0003265069397224111,0.016666666666666607
0.00032651693932242713,0.0
0.0003265269389224431,0.016666666666666607
0.0003265369385224591,0.016666666666666607
0.00032654693812247514,0.0
0.0003265569377224911,0.0
0.00032656693732250713,0.016666666666666607
0.0003265769369225231,0.016666666666666607
0.0003265869365225391,0.0
0.00032659693612255514,0.016666666666666607
0.0003266069357225711,0.016666666666666607
0.0003266169353225871,0.0
0.0003266269349226031,0.016666666666666607
0.0003266369345226191,0.016666666666666607
0.00032664693412263514,0.016666666666666607
0.0003266569337226511,0.016666666666666607
0.0003266669333226671,0.016666666666666607
0.0003266769329226831,0.016666666666666607
0.0003266869325226991,0.016666666666666607
0.00032669693212271513,0.016666666666666607
0.0003267069317227311,0.016666666666666607
0.0003267169313227471,0.016666666666666607
0.0003267269309227631,0.0
0.0003267369305227791,0.0
0.00032674693012279513,0.016666666666666607
0.0003267569297228111,0.0
0.0003267669293228271,0.016666666666666607
0.0003267769289228431,0.016666666666666607
0.0003267869285228591,0.0
0.0003267969281228751,0.0
0.0003268069277228911,0.0
0.0003268169273229071,0.016666666666666607
0.0003268269269229231,0.016666666666666607
0.0003268369265229391,0.016666666666666607
0.0003268469261229551,0.0
0.0003268569257229711,0.016666666666666607
0.0003268669253229871,0.016666666666666607
0.0003268769249230031,0.016666666666666607
0.0003268869245230191,0.016666666666666607
0.0003268969241230351,0.033333333333333215
0.0003269069237230511,0.016666666666666607
0.0003269169233230671,0.016666666666666607
0.00032692692292308307,0.016666666666666607
0.0003269369225230991,0.016666666666666607
0.0003269469221231151,0.016666666666666607
0.0003269569217231311,0.016666666666666607
0.0003269669213231471,0.016666666666666607
0.00032697692092316307,0.0
0.0003269869205231791,0.016666666666666607
0.0003269969201231951,0.016666666666666607
0.0003270069197232111,0.0
0.0003270169193232271,0.0
0.00032702691892324306,0.016666666666666607
0.0003270369185232591,0.0
0.0003270469181232751,0.0
0.00032705691772329107,0.0
0.0003270669173233071,0.0
0.00032707691692332306,0.0
0.0003270869165233391,0.016666666666666607
0.0003270969161233551,0.0
0.00032710691572337107,0.016666666666666607
0.0003271169153233871,0.016666666666666607
0.00032712691492340306,0.016666666666666607
0.0003271369145234191,0.016666666666666607
0.0003271469141234351,0.016666666666666607
0.00032715691372345106,0.016666666666666607
0.0003271669133234671,0.016666666666666607
0.00032717691292348305,0.016666666666666607
0.0003271869125234991,0.016666666666666607
0.0003271969121235151,0.016666666666666607
0.00032720691172353106,0.016666666666666607
0.0003272169113235471,0.016666666666666607
0.0003272269109235631,0.016666666666666607
0.00032723691052357907,0.016666666666666607
0.0003272469101235951,0.016666666666666607
0.00032725690972361106,0.0
0.0003272669093236271,0.0
0.0003272769089236431,0.0
0.00032728690852365907,0.016666666666666607
0.0003272969081236751,0.016666666666666607
0.00032730690772369105,0.016666666666666607
0.0003273169073237071,0.016666666666666607
0.0003273269069237231,0.0
0.00032733690652373906,0.0
0.0003273469061237551,0.016666666666666607
0.00032735690572377105,0.016666666666666607
0.00032736690532378707,0.016666666666666607
0.0003273769049238031,0.016666666666666607
0.00032738690452381906,0.016666666666666607
0.0003273969041238351,0.016666666666666607
0.00032740690372385105,0.016666666666666607
0.00032741690332386707,0.033333333333333215
0.0003274269029238831,0.033333333333333215
0.00032743690252389905,0.016666666666666607
0.0003274469021239151,0.0
0.00032745690172393104,0.016666666666666607
0.00032746690132394706,0.016666666666666607
0.0003274769009239631,0.016666666666666607
0.00032748690052397905,0.016666666666666607
0.00032749690012399507,0.016666666666666607
0.00032750689972401104,0.016666666666666607
0.00032751689932402706,0.0
0.0003275268989240431,0.0
0.00032753689852405905,0.0
0.00032754689812407507,0.016666666666666607
0.00032755689772409103,0.0
0.00032756689732410706,0.016666666666666607
0.0003275768969241231,0.016666666666666607
0.00032758689652413904,0.016666666666666607
0.00032759689612415506,0.0
0.00032760689572417103,0.016666666666666607
0.00032761689532418705,0.016666666666666607
0.00032762689492420307,0.016666666666666607
0.00032763689452421904,0.0
0.00032764689412423506,0.0
0.000327656893724251,0.016666666666666607
0.00032766689332426705,0.016666666666666607
0.00032767689292428307,0.0
0.00032768689252429904,0.016666666666666607
0.00032769689212431506,0.0
0.000327706891724331,0.016666666666666607
0.00032771689132434704,0.016666666666666607
0.00032772689092436306,0.016666666666666607
0.00032773689052437903,0.016666666666666607
0.00032774689012439505,0.016666666666666607
0.000327756889724411,0.016666666666666607
0.00032776688932442704,0.016666666666666607
0.00032777688892444306,0.0
0.00032778688852445903,0.016666666666666607
0.00032779688812447505,0.016666666666666607
0.000327806887724491,0.0
0.00032781688732450704,0.016666666666666607
0.00032782688692452306,0.0
0.000327836886524539,0.016666666666666607
0.00032784688612455504,0.016666666666666607
0.000327856885724571,0.016666666666666607
0.00032786688532458703,0.016666666666666607
0.00032787688492460305,0.0
0.000327886884524619,0.016666666666666607
0.00032789688412463504,0.016666666666666607
0.000327906883724651,0.016666666666666607
0.00032791688332466703,0.016666666666666607
0.00032792688292468305,0.016666666666666607
0.000327936882524699,0.016666666666666607
0.00032794688212471504,0.016666666666666607
0.000327956881724731,0.016666666666666607
0.000327966881324747,0.016666666666666607
0.00032797688092476305,0.016666666666666607
0.000327986880524779,0.016666666666666607
0.00032799688012479503,0.016666666666666607
0.000328006879724811,0.016666666666666607
0.000328016879324827,0.016666666666666607
0.00032802687892484304,0.016666666666666607
0.000328036878524859,0.016666666666666607
0.00032804687812487503,0.0
0.000328056877724891,0.016666666666666607
0.000328066877324907,0.016666666666666607
0.00032807687692492304,0.0
0.000328086876524939,0.016666666666666607
0.000328096876124955,0.016666666666666607
0.000328106875724971,0.016666666666666607
0.000328116875324987,0.016666666666666607
0.00032812687492500303,0.0
0.000328136874525019,0.0
0.000328146874125035,0.016666666666666607
0.00032815687372505104,0.016666666666666607
0.000328166873325067,0.016666666666666607
0.00032817687292508303,0.0
0.000328186872525099,0.016666666666666607
0.000328196872125115,0.0
0.00032820687172513104,0.016666666666666607
0.000328216871325147,0.016666666666666607
0.000328226870925163,0.016666666666666607
0.000328236870525179,0.016666666666666607
0.000328246870125195,0.016666666666666607
0.00032825686972521104,0.016666666666666607
0.000328266869325227,0.0
0.000328276868925243,0.0
0.000328286868525259,0.016666666666666607
0.000328296868125275,0.016666666666666607
0.00032830686772529103,0.016666666666666607
0.000328316867325307,0.016666666666666607
0.000328326866925323,0.016666666666666607
0.000328336866525339,0.016666666666666607
0.000328346866125355,0.016666666666666607
0.00032835686572537103,0.0
0.000328366865325387,0.016666666666666607
0.000328376864925403,0.016666666666666607
0.000328386864525419,0.016666666666666607
0.000328396864125435,0.016666666666666607
0.000328406863725451,0.0
0.000328416863325467,0.016666666666666607
0.000328426862925483,0.0
0.000328436862525499,0.0
0.000328446862125515,0.016666666666666607
0.000328456861725531,0.016666666666666607
0.000328466861325547,0.016666666666666607
0.000328476860925563,0.016666666666666607
0.000328486860525579,0.016666666666666607
0.000328496860125595,0.0
0.000328506859725611,0.016666666666666607
0.000328516859325627,0.016666666666666607
0.000328526858925643,0.016666666666666607
0.00032853685852565897,0.016666666666666607
0.000328546858125675,0.016666666666666607
0.000328556857725691,0.016666666666666607
0.000328566857325707,0.016666666666666607
0.000328576856925723,0.0
0.00032858685652573897,0.016666666666666607
0.000328596856125755,0.0
0.000328606855725771,0.016666666666666607
0.000328616855325787,0.0
0.000328626854925803,0.016666666666666607
0.00032863685452581896,0.0
0.000328646854125835,0.016666666666666607
0.000328656853725851,0.016666666666666607
0.00032866685332586697,0.016666666666666607
0.000328676852925883,0.016666666666666607
0.00032868685252589896,0.016666666666666607
0.000328696852125915,0.016666666666666607
0.000328706851725931,0.016666666666666607
0.00032871685132594697,0.016666666666666607
0.000328726850925963,0.016666666666666607
0.00032873685052597896,0.016666666666666607
0.000328746850125995,0.016666666666666607
0.000328756849726011,0.0
0.00032876684932602696,0.016666666666666607
0.000328776848926043,0.016666666666666607
0.00032878684852605895,0.0
0.000328796848126075,0.0
0.000328806847726091,0.016666666666666607
0.00032881684732610696,0.016666666666666607
0.000328826846926123,0.016666666666666607
0.00032883684652613895,0.016666666666666607
0.00032884684612615497,0.016666666666666607
0.000328856845726171,0.016666666666666607
0.00032886684532618696,0.016666666666666607
0.000328876844926203,0.016666666666666607
0.00032888684452621894,0.016666666666666607
0.00032889684412623497,0.016666666666666607
0.000328906843726251,0.016666666666666607
0.00032891684332626695,0.016666666666666607
0.000328926842926283,0.016666666666666607
0.00032893684252629894,0.016666666666666607
0.00032894684212631496,0.016666666666666607
0.000328956841726331,0.0
0.00032896684132634695,0.016666666666666607
0.00032897684092636297,0.016666666666666607
0.00032898684052637894,0.016666666666666607
0.00032899684012639496,0.016666666666666607
0.000329006839726411,0.016666666666666607
0.00032901683932642695,0.0
0.00032902683892644297,0.016666666666666607
0.00032903683852645893,0.016666666666666607
0.00032904683812647495,0.016666666666666607
0.000329056837726491,0.016666666666666607
0.00032906683732650694,0.016666666666666607
0.00032907683692652296,0.016666666666666607
0.000329086836526539,0.016666666666666607
0.00032909683612655495,0.016666666666666607
0.00032910683572657097,0.016666666666666607
0.00032911683532658694,0.016666666666666607
0.00032912683492660296,0.0
0.000329136834526619,0.0
0.00032914683412663495,0.0
0.00032915683372665097,0.016666666666666607
0.00032916683332666693,0.016666666666666607
0.00032917683292668296,0.016666666666666607
0.000329186832526699,0.016666666666666607
0.00032919683212671494,0.016666666666666607
0.00032920683172673096,0.016666666666666607
0.00032921683132674693,0.016666666666666607
0.00032922683092676295,0.016666666666666607
0.00032923683052677897,0.016666666666666607
0.00032924683012679494,0.016666666666666607
0.00032925682972681096,0.016666666666666607
0.0003292668293268269,0.016666666666666607
0.00032927682892684295,0.016666666666666607
0.00032928682852685897,0.016666666666666607
0.00032929682812687494,0.016666666666666607
0.00032930682772689096,0.016666666666666607
0.0003293168273269069,0.016666666666666607
0.00032932682692692294,0.016666666666666607
0.00032933682652693896,0.016666666666666607
0.00032934682612695493,0.016666666666666607
0.00032935682572697095,0.016666666666666607
0.0003293668253269869,0.016666666666666607
0.00032937682492700294,0.0
0.00032938682452701896,0.016666666666666607
0.00032939682412703493,0.016666666666666607
0.00032940682372705095,0.016666666666666607
0.0003294168233270669,0.016666666666666607
0.00032942682292708294,0.016666666666666607
0.00032943682252709896,0.016666666666666607
0.0003294468221271149,0.0
0.00032945682172713094,0.0
0.0003294668213271469,0.0
0.00032947682092716293,0.016666666666666607
0.00032948682052717895,0.016666666666666607
0.0003294968201271949,0.016666666666666607
0.00032950681972721094,0.016666666666666607
0.0003295168193272269,0.0
0.00032952681892724293,0.016666666666666607
0.00032953681852725895,0.016666666666666607
0.0003295468181272749,0.016666666666666607
0.00032955681772729094,0.016666666666666607
0.0003295668173273069,0.016666666666666607
0.0003295768169273229,0.016666666666666607
0.00032958681652733895,0.016666666666666607
0.0003295968161273549,0.016666666666666607
0.00032960681572737093,0.016666666666666607
0.0003296168153273869,0.016666666666666607
0.0003296268149274029,0.016666666666666607
0.00032963681452741894,0.016666666666666607
0.0003296468141274349,0.016666666666666607
0.00032965681372745093,0.016666666666666607
0.0003296668133274669,0.016666666666666607
0.0003296768129274829,0.016666666666666607
0.00032968681252749894,0.016666666666666607
0.0003296968121275149,0.016666666666666607
0.0003297068117275309,0.0
0.0003297168113275469,0.016666666666666607
0.0003297268109275629,0.016666666666666607
0.00032973681052757893,0.016666666666666607
0.0003297468101275949,0.016666666666666607
0.0003297568097276109,0.0
0.0003297668093276269,0.0
0.0003297768089276429,0.016666666666666607
0.00032978680852765893,0.016666666666666607
0.0003297968081276749,0.016666666666666607
0.0003298068077276909,0.016666666666666607
0.0003298168073277069,0.0
0.0003298268069277229,0.0
0.0003298368065277389,0.016666666666666607
0.0003298468061277549,0.016666666666666607
0.0003298568057277709,0.016666666666666607
0.0003298668053277869,0.016666666666666607
0.0003298768049278029,0.016666666666666607
0.0003298868045278189,0.0
0.0003298968041278349,0.0
0.0003299068037278509,0.016666666666666607
0.0003299168033278669,0.016666666666666607
0.0003299268029278829,0.016666666666666607
0.0003299368025278989,0.016666666666666607
0.0003299468021279149,0.016666666666666607
0.0003299568017279309,0.016666666666666607
0.0003299668013279469,0.016666666666666607
0.0003299768009279629,0.016666666666666607
0.0003299868005279789,0.0
0.0003299968001279949,0.0
0.0003300067997280109,0.016666666666666607
0.0003300167993280269,0.0
0.0003300267989280429,0.016666666666666607
0.0003300367985280589,0.0
0.0003300467981280749,0.016666666666666607
0.0003300567977280909,0.016666666666666607
0.0003300667973281069,0.016666666666666607
0.0003300767969281229,0.016666666666666607
0.0003300867965281389,0.016666666666666607
0.0003300967961281549,0.016666666666666607
0.0003301067957281709,0.016666666666666607
0.0003301167953281869,0.016666666666666607
0.0003301267949282029,0.0
0.0003301367945282189,0.016666666666666607
0.00033014679412823487,0.016666666666666607
0.0003301567937282509,0.0
0.0003301667933282669,0.016666666666666607
0.0003301767929282829,0.0
0.0003301867925282989,0.0
0.00033019679212831487,0.016666666666666607
0.0003302067917283309,0.016666666666666607
0.0003302167913283469,0.016666666666666607
0.0003302267909283629,0.016666666666666607
0.0003302367905283789,0.016666666666666607
0.00033024679012839486,0.016666666666666607
0.0003302567897284109,0.0
0.0003302667893284269,0.016666666666666607
0.00033027678892844287,0.0
0.0003302867885284589,0.016666666666666607
0.00033029678812847486,0.016666666666666607
0.0003303067877284909,0.016666666666666607
0.0003303167873285069,0.016666666666666607
0.00033032678692852287,0.016666666666666607
0.0003303367865285389,0.016666666666666607
0.00033034678612855486,0.016666666666666607
0.0003303567857285709,0.016666666666666607
0.0003303667853285869,0.016666666666666607
0.00033037678492860286,0.016666666666666607
0.0003303867845286189,0.016666666666666607
0.00033039678412863485,0.016666666666666607
0.0003304067837286509,0.016666666666666607
0.0003304167833286669,0.0
0.00033042678292868286,0.016666666666666607
0.0003304367825286989,0.016666666666666607
0.00033044678212871485,0.016666666666666607
0.00033045678172873087,0.0
0.0003304667813287469,0.0
0.00033047678092876286,0.016666666666666607
0.0003304867805287789,0.0
0.00033049678012879484,0.0
0.00033050677972881087,0.016666666666666607
0.0003305167793288269,0.016666666666666607
0.00033052677892884285,0.016666666666666607
0.0003305367785288589,0.016666666666666607
0.00033054677812887484,0.016666666666666607
0.00033055677772889086,0.016666666666666607
0.0003305667773289069,0.016666666666666607
0.00033057677692892285,0.016666666666666607
0.00033058677652893887,0.016666666666666607
0.00033059677612895484,0.016666666666666607
0.00033060677572897086,0.016666666666666607
0.0003306167753289869,0.016666666666666607
0.00033062677492900285,0.016666666666666607
0.00033063677452901887,0.016666666666666607
0.00033064677412903483,0.016666666666666607
0.00033065677372905085,0.016666666666666607
0.0003306667733290669,0.016666666666666607
0.00033067677292908284,0.016666666666666607
0.00033068677252909886,0.016666666666666607
0.00033069677212911483,0.0
0.00033070677172913085,0.016666666666666607
0.00033071677132914687,0.016666666666666607
0.00033072677092916284,0.016666666666666607
0.00033073677052917886,0.016666666666666607
0.0003307467701291948,0.016666666666666607
0.00033075676972921085,0.016666666666666607
0.00033076676932922687,0.0
0.00033077676892924283,0.0
0.00033078676852925886,0.0
0.0003307967681292748,0.016666666666666607
0.00033080676772929084,0.016666666666666607
0.00033081676732930686,0.016666666666666607
0.00033082676692932283,0.016666666666666607
0.00033083676652933885,0.016666666666666607
0.0003308467661293548,0.016666666666666607
0.00033085676572937084,0.016666666666666607
0.00033086676532938686,0.0
0.0003308767649294028,0.016666666666666607
0.00033088676452941885,0.016666666666666607
0.0003308967641294348,0.016666666666666607
0.00033090676372945084,0.016666666666666607
0.00033091676332946686,0.016666666666666607
0.0003309267629294828,0.016666666666666607
0.00033093676252949884,0.016666666666666607
0.00033094676212951486,0.016666666666666607
0.00033095676172953083,0.016666666666666607
0.00033096676132954685,0.016666666666666607
0.0003309767609295628,0.016666666666666607
0.00033098676052957884,0.016666666666666607
0.00033099676012959486,0.016666666666666607
0.00033100675972961083,0.016666666666666607
0.00033101675932962685,0.0
0.0003310267589296428,0.016666666666666607
0.00033103675852965884,0.016666666666666607
0.00033104675812967486,0.016666666666666607
0.0003310567577296908,0.016666666666666607
0.00033106675732970684,0.016666666666666607
0.0003310767569297228,0.016666666666666607
0.00033108675652973883,0.016666666666666607
0.00033109675612975485,0.016666666666666607
0.0003311067557297708,0.016666666666666607
0.00033111675532978684,0.016666666666666607
0.0003311267549298028,0.016666666666666607
0.00033113675452981883,0.016666666666666607
0.00033114675412983485,0.016666666666666607
0.0003311567537298508,0.0
0.00033116675332986684,0.016666666666666607
0.0003311767529298828,0.016666666666666607
0.0003311867525298988,0.0
0.00033119675212991485,0.016666666666666607
0.0003312067517299308,0.0
0.00033121675132994683,0.0
0.0003312267509299628,0.0
0.0003312367505299788,0.016666666666666607
0.00033124675012999484,0.016666666666666607
0.0003312567497300108,0.016666666666666607
0.00033126674933002683,0.016666666666666607
0.0003312767489300428,0.016666666666666607
0.0003312867485300588,0.016666666666666607
0.00033129674813007484,0.016666666666666607
0.0003313067477300908,0.016666666666666607
0.0003313167473301068,0.0
0.0003313267469301228,0.016666666666666607
0.0003313367465301388,0.016666666666666607
0.00033134674613015483,0.016666666666666607
0.0003313567457301708,0.016666666666666607
0.0003313667453301868,0.016666666666666607
0.0003313767449302028,0.0
0.0003313867445302188,0.016666666666666607
0.00033139674413023483,0.016666666666666607
0.0003314067437302508,0.016666666666666607
0.0003314167433302668,0.016666666666666607
0.0003314267429302828,0.016666666666666607
0.0003314367425302988,0.0
0.0003314467421303148,0.0
0.0003314567417303308,0.016666666666666607
0.0003314667413303468,0.016666666666666607
0.0003314767409303628,0.0
0.0003314867405303788,0.016666666666666607
0.0003314967401303948,0.0
0.0003315067397304108,0.016666666666666607
0.0003315167393304268,0.016666666666666607
0.0003315267389304428,0.016666666666666607
0.0003315367385304588,0.016666666666666607
0.0003315467381304748,0.016666666666666607
0.0003315567377304908,0.016666666666666607
0.0003315667373305068,0.016666666666666607
0.0003315767369305228,0.016666666666666607
0.0003315867365305388,0.016666666666666607
0.0003315967361305548,0.016666666666666607
0.0003316067357305708,0.016666666666666607
0.0003316167353305868,0.016666666666666607
0.00033162673493060277,0.0
0.0003316367345306188,0.016666666666666607
0.0003316467341306348,0.016666666666666607
0.0003316567337306508,0.0
0.0003316667333306668,0.016666666666666607
0.00033167673293068277,0.016666666666666607
0.0003316867325306988,0.016666666666666607
0.0003316967321307148,0.016666666666666607
0.0003317067317307308,0.016666666666666607
0.0003317167313307468,0.0
0.00033172673093076276,0.016666666666666607
0.0003317367305307788,0.0
0.0003317467301307948,0.016666666666666607
0.00033175672973081077,0.016666666666666607
0.0003317667293308268,0.016666666666666607
0.00033177672893084276,0.016666666666666607
0.0003317867285308588,0.016666666666666607
0.0003317967281308748,0.016666666666666607
0.00033180672773089077,0.016666666666666607
0.0003318167273309068,0.016666666666666607
0.00033182672693092275,0.016666666666666607
0.0003318367265309388,0.016666666666666607
0.0003318467261309548,0.016666666666666607
0.00033185672573097076,0.016666666666666607
0.0003318667253309868,0.016666666666666607
0.0003318767249310028,0.016666666666666607
0.00033188672453101877,0.016666666666666607
0.0003318967241310348,0.016666666666666607
0.00033190672373105076,0.016666666666666607
0.0003319167233310668,0.016666666666666607
0.0003319267229310828,0.016666666666666607
0.00033193672253109877,0.016666666666666607
0.0003319467221311148,0.016666666666666607
0.00033195672173113076,0.0
0.0003319667213311468,0.016666666666666607
0.0003319767209311628,0.0
0.00033198672053117876,0.016666666666666607
0.0003319967201311948,0.016666666666666607
0.00033200671973121075,0.016666666666666607
0.0003320167193312268,0.016666666666666607
0.0003320267189312428,0.016666666666666607
0.00033203671853125876,0.016666666666666607
0.0003320467181312748,0.0
0.00033205671773129075,0.016666666666666607
0.00033206671733130677,0.016666666666666607
0.0003320767169313228,0.016666666666666607
0.00033208671653133876,0.016666666666666607
0.0003320967161313548,0.0
0.00033210671573137074,0.016666666666666607
0.00033211671533138677,0.0
0.0003321267149314028,0.0
0.00033213671453141875,0.016666666666666607
0.0003321467141314348,0.016666666666666607
0.00033215671373145074,0.016666666666666607
0.00033216671333146676,0.016666666666666607
0.0003321767129314828,0.016666666666666607
0.00033218671253149875,0.016666666666666607
0.00033219671213151477,0.016666666666666607
0.00033220671173153074,0.016666666666666607
0.00033221671133154676,0.016666666666666607
0.0003322267109315628,0.016666666666666607
0.00033223671053157875,0.0
0.00033224671013159477,0.016666666666666607
0.00033225670973161073,0.0
0.00033226670933162675,0.016666666666666607
0.0003322767089316428,0.016666666666666607
0.00033228670853165874,0.0
0.00033229670813167476,0.0
0.00033230670773169073,0.016666666666666607
0.00033231670733170675,0.016666666666666607
0.00033232670693172277,0.016666666666666607
0.00033233670653173874,0.016666666666666607
0.00033234670613175476,0.016666666666666607
0.0003323567057317707,0.016666666666666607
0.00033236670533178675,0.016666666666666607
0.00033237670493180277,0.016666666666666607
0.00033238670453181873,0.0
0.00033239670413183476,0.016666666666666607
0.0003324067037318507,0.0
0.00033241670333186674,0.016666666666666607
0.00033242670293188276,0.0
0.00033243670253189873,0.016666666666666607
0.00033244670213191475,0.016666666666666607
0.0003324567017319307,0.0
0.00033246670133194674,0.0
0.00033247670093196276,0.0
0.0003324867005319787,0.016666666666666607
0.00033249670013199475,0.016666666666666607
0.0003325066997320107,0.016666666666666607
0.00033251669933202674,0.016666666666666607
0.00033252669893204276,0.016666666666666607
0.0003325366985320587,0.0
0.00033254669813207474,0.016666666666666607
0.0003325566977320907,0.016666666666666607
0.00033256669733210673,0.016666666666666607
0.00033257669693212275,0.016666666666666607
0.0003325866965321387,0.0
0.00033259669613215474,0.016666666666666607
0.0003326066957321707,0.016666666666666607
0.00033261669533218673,0.016666666666666607
0.00033262669493220275,0.016666666666666607
0.0003326366945322187,0.016666666666666607
0.00033264669413223474,0.016666666666666607
0.0003326566937322507,0.0
0.0003326666933322667,0.016666666666666607
0.00033267669293228274,0.016666666666666607
0.0003326866925322987,0.016666666666666607
0.00033269669213231473,0.016666666666666607
0.0003327066917323307,0.016666666666666607
0.0003327166913323467,0.016666666666666607
0.00033272669093236274,0.016666666666666607
0.0003327366905323787,0.016666666666666607
0.00033274669013239473,0.016666666666666607
0.0003327566897324107,0.016666666666666607
0.0003327666893324267,0.016666666666666607
0.00033277668893244274,0.016666666666666607
0.0003327866885324587,0.016666666666666607
0.0003327966881324747,0.016666666666666607
0.00033280668773249075,0.016666666666666607
0.0003328166873325067,0.016666666666666607
0.00033282668693252273,0.016666666666666607
0.0003328366865325387,0.0
0.0003328466861325547,0.016666666666666607
0.00033285668573257074,0.0
0.0003328666853325867,0.016666666666666607
0.00033287668493260273,0.016666666666666607
0.0003328866845326187,0.016666666666666607
0.0003328966841326347,0.0
0.00033290668373265074,0.0
0.0003329166833326667,0.0
0.0003329266829326827,0.016666666666666607
0.0003329366825326987,0.0
0.0003329466821327147,0.016666666666666607
0.00033295668173273073,0.016666666666666607
0.0003329666813327467,0.016666666666666607
0.0003329766809327627,0.016666666666666607
0.0003329866805327787,0.016666666666666607
0.0003329966801327947,0.016666666666666607
0.00033300667973281073,0.016666666666666607
0.0003330166793328267,0.016666666666666607
0.0003330266789328427,0.016666666666666607
0.0003330366785328587,0.0
0.0003330466781328747,0.016666666666666607
0.0003330566777328907,0.016666666666666607
0.0003330666773329067,0.016666666666666607
0.0003330766769329227,0.0
0.0003330866765329387,0.016666666666666607
0.0003330966761329547,0.016666666666666607
0.0003331066757329707,0.0
0.0003331166753329867,0.016666666666666607
0.0003331266749330027,0.016666666666666607
0.0003331366745330187,0.0
0.0003331466741330347,0.016666666666666607
0.0003331566737330507,0.0
0.0003331666733330667,0.016666666666666607
0.0003331766729330827,0.016666666666666607
0.0003331866725330987,0.016666666666666607
0.0003331966721331147,0.016666666666666607
0.0003332066717331307,0.016666666666666607
0.0003332166713331467,0.016666666666666607
0.0003332266709331627,0.016666666666666607
0.00033323667053317867,0.016666666666666607
0.0003332466701331947,0.016666666666666607
0.0003332566697332107,0.0
0.0003332666693332267,0.016666666666666607
0.0003332766689332427,0.016666666666666607
0.00033328666853325867,0.016666666666666607
0.0003332966681332747,0.0
0.0003333066677332907,0.0
0.0003333166673333067,0.0
0.0003333266669333227,0.0
0.00033333666653333866,0.016666666666666607
0.0003333466661333547,0.0
0.0003333566657333707,0.0
0.00033336666533338667,0.0
0.0003333766649334027,0.016666666666666607
0.00033338666453341866,0.016666666666666607
0.0003333966641334347,0.016666666666666607
0.0003334066637334507,0.016666666666666607
0.00033341666333346667,0.016666666666666607
0.0003334266629334827,0.016666666666666607
0.00033343666253349865,0.016666666666666607
0.0003334466621335147,0.033333333333333215
0.0003334566617335307,0.016666666666666607
0.00033346666133354666,0.016666666666666607
0.0003334766609335627,0.016666666666666607
0.00033348666053357865,0.016666666666666607
0.00033349666013359467,0.016666666666666607
0.0003335066597336107,0.0
0.00033351665933362666,0.016666666666666607
0.0003335266589336427,0.0
0.00033353665853365865,0.016666666666666607
0.00033354665813367467,0.0
0.0003335566577336907,0.0
0.00033356665733370666,0.016666666666666607
0.0003335766569337227,0.0
0.00033358665653373864,0.0
0.00033359665613375466,0.0
0.0003336066557337707,0.016666666666666607
0.00033361665533378665,0.016666666666666607
0.0003336266549338027,0.016666666666666607
0.00033363665453381864,0.016666666666666607
0.00033364665413383466,0.016666666666666607
0.0003336566537338507,0.016666666666666607
0.00033366665333386665,0.016666666666666607
0.00033367665293388267,0.0
0.00033368665253389864,0.016666666666666607
0.00033369665213391466,0.016666666666666607
0.0003337066517339307,0.016666666666666607
0.00033371665133394664,0.0
0.00033372665093396267,0.016666666666666607
0.0003337366505339787,0.016666666666666607
0.00033374665013399465,0.016666666666666607
0.0003337566497340107,0.016666666666666607
0.00033376664933402664,0.016666666666666607
0.00033377664893404266,0.016666666666666607
0.0003337866485340587,0.016666666666666607
0.00033379664813407465,0.0
0.00033380664773409067,0.0
0.00033381664733410664,0.016666666666666607
0.00033382664693412266,0.016666666666666607
0.0003338366465341387,0.016666666666666607
0.00033384664613415465,0.016666666666666607
0.00033385664573417067,0.0
0.00033386664533418663,0.016666666666666607
0.00033387664493420265,0.0
0.0003338866445342187,0.0
0.00033389664413423464,0.016666666666666607
0.00033390664373425066,0.016666666666666607
0.00033391664333426663,0.016666666666666607
0.00033392664293428265,0.016666666666666607
0.00033393664253429867,0.016666666666666607
0.00033394664213431464,0.0
0.00033395664173433066,0.0
0.0003339666413343466,0.016666666666666607
0.00033397664093436265,0.016666666666666607
0.00033398664053437867,0.016666666666666607
0.00033399664013439463,0.016666666666666607
0.00033400663973441066,0.0
0.0003340166393344266,0.016666666666666607
0.00033402663893444264,0.016666666666666607
0.00033403663853445866,0.016666666666666607
0.00033404663813447463,0.0
0.00033405663773449065,0.016666666666666607
0.0003340666373345066,0.0
0.00033407663693452264,0.0
0.00033408663653453866,0.016666666666666607
0.0003340966361345546,0.0
0.00033410663573457065,0.016666666666666607
0.0003341166353345866,0.016666666666666607
0.00033412663493460264,0.016666666666666607
0.00033413663453461866,0.016666666666666607
0.0003341466341346346,0.016666666666666607
0.00033415663373465064,0.0
0.0003341666333346666,0.016666666666666607
0.00033417663293468263,0.0
0.00033418663253469865,0.016666666666666607
0.0003341966321347146,0.016666666666666607
0.00033420663173473064,0.016666666666666607
0.0003342166313347466,0.016666666666666607
0.00033422663093476263,0.016666666666666607
0.00033423663053477865,0.0
0.0003342466301347946,0.016666666666666607
0.00033425662973481064,0.016666666666666607
0.0003342666293348266,0.016666666666666607
0.0003342766289348426,0.016666666666666607
0.00033428662853485864,0.016666666666666607
0.0003342966281348746,0.016666666666666607
0.00033430662773489063,0.0
0.0003343166273349066,0.016666666666666607
0.0003343266269349226,0.016666666666666607
0.00033433662653493864,0.016666666666666607
0.0003343466261349546,0.016666666666666607
0.00033435662573497063,0.0
0.0003343666253349866,0.0
0.0003343766249350026,0.0
0.00033438662453501864,0.016666666666666607
0.0003343966241350346,0.016666666666666607
0.0003344066237350506,0.016666666666666607
0.0003344166233350666,0.016666666666666607
0.0003344266229350826,0.016666666666666607
0.00033443662253509863,0.016666666666666607
0.0003344466221351146,0.016666666666666607
0.0003344566217351306,0.016666666666666607
0.0003344666213351466,0.016666666666666607
0.0003344766209351626,0.016666666666666607
0.00033448662053517863,0.016666666666666607
0.0003344966201351946,0.0
0.0003345066197352106,0.016666666666666607
0.0003345166193352266,0.016666666666666607
0.0003345266189352426,0.016666666666666607
0.0003345366185352586,0.0
0.0003345466181352746,0.016666666666666607
0.0003345566177352906,0.0
0.0003345666173353066,0.016666666666666607
0.0003345766169353226,0.016666666666666607
0.0003345866165353386,0.016666666666666607
0.0003345966161353546,0.016666666666666607
0.0003346066157353706,0.0
0.0003346166153353866,0.016666666666666607
0.0003346266149354026,0.016666666666666607
0.0003346366145354186,0.016666666666666607
0.0003346466141354346,0.016666666666666607
0.0003346566137354506,0.016666666666666607
0.00033466661333546657,0.016666666666666607
0.0003346766129354826,0.0
0.0003346866125354986,0.016666666666666607
0.0003346966121355146,0.0
0.0003347066117355306,0.0
0.0003347166113355466,0.0
0.0003347266109355626,0.016666666666666607
0.0003347366105355786,0.016666666666666607
0.0003347466101355946,0.0
0.0003347566097356106,0.0
0.0003347666093356266,0.016666666666666607
0.0003347766089356426,0.016666666666666607
0.0003347866085356586,0.016666666666666607
0.0003347966081356746,0.016666666666666607
0.0003348066077356906,0.016666666666666607
0.0003348166073357066,0.016666666666666607
0.0003348266069357226,0.016666666666666607
0.0003348366065357386,0.016666666666666607
0.00033484660613575457,0.0
0.0003348566057357706,0.016666666666666607
0.0003348666053357866,0.016666666666666607
0.0003348766049358026,0.016666666666666607
0.0003348866045358186,0.016666666666666607
0.00033489660413583457,0.016666666666666607
0.0003349066037358506,0.016666666666666607
0.0003349166033358666,0.016666666666666607
0.0003349266029358826,0.016666666666666607
0.0003349366025358986,0.016666666666666607
0.00033494660213591456,0.016666666666666607
0.0003349566017359306,0.016666666666666607
0.0003349666013359466,0.0
0.00033497660093596257,0.016666666666666607
0.0003349866005359786,0.0
0.00033499660013599456,0.016666666666666607
0.0003350065997360106,0.016666666666666607
0.0003350165993360266,0.0
0.00033502659893604257,0.016666666666666607
0.0003350365985360586,0.016666666666666607
0.00033504659813607455,0.016666666666666607
0.0003350565977360906,0.016666666666666607
0.0003350665973361066,0.016666666666666607
0.00033507659693612256,0.0
0.0003350865965361386,0.016666666666666607
0.00033509659613615455,0.016666666666666607
0.00033510659573617057,0.016666666666666607
0.0003351165953361866,0.016666666666666607
0.00033512659493620256,0.016666666666666607
0.0003351365945362186,0.0
0.00033514659413623455,0.016666666666666607
0.00033515659373625057,0.016666666666666607
0.0003351665933362666,0.016666666666666607
0.00033517659293628256,0.016666666666666607
0.0003351865925362986,0.016666666666666607
0.00033519659213631454,0.016666666666666607
0.00033520659173633056,0.016666666666666607
0.0003352165913363466,0.016666666666666607
0.00033522659093636255,0.016666666666666607
0.0003352365905363786,0.016666666666666607
0.00033524659013639454,0.016666666666666607
0.00033525658973641056,0.016666666666666607
0.0003352665893364266,0.0
0.00033527658893644255,0.0
0.00033528658853645857,0.0
0.00033529658813647454,0.0
0.00033530658773649056,0.0
0.0003353165873365066,0.0
0.00033532658693652254,0.016666666666666607
0.00033533658653653857,0.016666666666666607
0.00033534658613655453,0.016666666666666607
0.00033535658573657055,0.016666666666666607
0.0003353665853365866,0.016666666666666607
0.00033537658493660254,0.033333333333333215
0.00033538658453661856,0.016666666666666607
0.00033539658413663453,0.016666666666666607
0.00033540658373665055,0.016666666666666607
0.00033541658333666657,0.016666666666666607
0.00033542658293668254,0.016666666666666607
0.00033543658253669856,0.0
0.0003354465821367145,0.016666666666666607
0.00033545658173673055,0.0
0.00033546658133674657,0.016666666666666607
0.00033547658093676253,0.016666666666666607
0.00033548658053677855,0.016666666666666607
0.0003354965801367945,0.016666666666666607
0.00033550657973681054,0.016666666666666607
0.00033551657933682656,0.016666666666666607
0.00033552657893684253,0.016666666666666607
0.00033553657853685855,0.0
0.0003355465781368745,0.016666666666666607
0.00033555657773689054,0.016666666666666607
0.00033556657733690656,0.016666666666666607
0.0003355765769369225,0.016666666666666607
0.00033558657653693855,0.0
0.0003355965761369545,0.0
0.00033560657573697053,0.016666666666666607
0.00033561657533698656,0.016666666666666607
0.0003356265749370025,0.016666666666666607
0.00033563657453701854,0.016666666666666607
0.00033564657413703456,0.016666666666666607
0.00033565657373705053,0.016666666666666607
0.00033566657333706655,0.0
0.0003356765729370825,0.016666666666666607
0.00033568657253709854,0.016666666666666607
0.00033569657213711456,0.016666666666666607
0.0003357065717371305,0.016666666666666607
0.00033571657133714655,0.0
0.0003357265709371625,0.016666666666666607
0.00033573657053717854,0.016666666666666607
0.00033574657013719456,0.016666666666666607
0.0003357565697372105,0.016666666666666607
0.00033576656933722654,0.016666666666666607
0.0003357765689372425,0.016666666666666607
0.00033578656853725853,0.0
0.00033579656813727455,0.0
0.0003358065677372905,0.016666666666666607
0.00033581656733730654,0.016666666666666607
0.0003358265669373225,0.016666666666666607
0.00033583656653733853,0.016666666666666607
0.00033584656613735455,0.016666666666666607
0.0003358565657373705,0.0
0.00033586656533738654,0.016666666666666607
0.0003358765649374025,0.016666666666666607
0.0003358865645374185,0.016666666666666607
0.00033589656413743454,0.0
0.0003359065637374505,0.016666666666666607
0.00033591656333746653,0.016666666666666607
0.0003359265629374825,0.016666666666666607
0.0003359365625374985,0.016666666666666607
0.00033594656213751454,0.016666666666666607
0.0003359565617375305,0.016666666666666607
0.00033596656133754653,0.0
0.0003359765609375625,0.016666666666666607
0.0003359865605375785,0.016666666666666607
0.00033599656013759454,0.016666666666666607
0.0003360065597376105,0.016666666666666607
0.0003360165593376265,0.016666666666666607
0.0003360265589376425,0.016666666666666607
0.0003360365585376585,0.016666666666666607
0.00033604655813767453,0.016666666666666607
0.0003360565577376905,0.016666666666666607
0.0003360665573377065,0.0
0.0003360765569377225,0.016666666666666607
0.0003360865565377385,0.016666666666666607
0.00033609655613775453,0.016666666666666607
0.0003361065557377705,0.016666666666666607
0.0003361165553377865,0.016666666666666607
0.0003361265549378025,0.016666666666666607
0.0003361365545378185,0.0
0.0003361465541378345,0.016666666666666607
0.0003361565537378505,0.0
0.0003361665533378665,0.0
0.0003361765529378825,0.016666666666666607
0.0003361865525378985,0.016666666666666607
0.0003361965521379145,0.0
0.0003362065517379305,0.0
0.0003362165513379465,0.016666666666666607
0.0003362265509379625,0.016666666666666607
0.0003362365505379785,0.016666666666666607
0.0003362465501379945,0.016666666666666607
0.0003362565497380105,0.016666666666666607
0.0003362665493380265,0.016666666666666607
0.0003362765489380425,0.0
0.0003362865485380585,0.016666666666666607
0.0003362965481380745,0.016666666666666607
0.0003363065477380905,0.016666666666666607
0.0003363165473381065,0.016666666666666607
0.00033632654693812247,0.016666666666666607
0.0003363365465381385,0.016666666666666607
0.0003363465461381545,0.0
0.0003363565457381705,0.0
0.0003363665453381865,0.0
0.00033637654493820247,0.016666666666666607
0.0003363865445382185,0.0
0.0003363965441382345,0.016666666666666607
0.0003364065437382505,0.0
0.0003364165433382665,0.016666666666666607
0.00033642654293828246,0.016666666666666607
0.0003364365425382985,0.016666666666666607
0.0003364465421383145,0.016666666666666607
0.00033645654173833047,0.0
0.0003364665413383465,0.0
0.00033647654093836246,0.0
0.0003364865405383785,0.016666666666666607
0.0003364965401383945,0.016666666666666607
0.00033650653973841047,0.016666666666666607
0.0003365165393384265,0.0
0.00033652653893844245,0.016666666666666607
0.0003365365385384585,0.016666666666666607
0.0003365465381384745,0.016666666666666607
0.00033655653773849046,0.0
0.0003365665373385065,0.016666666666666607
0.0003365765369385225,0.016666666666666607
0.00033658653653853847,0.0
0.0003365965361385545,0.016666666666666607
0.00033660653573857046,0.016666666666666607
0.0003366165353385865,0.016666666666666607
0.0003366265349386025,0.016666666666666607
0.00033663653453861847,0.016666666666666607
0.0003366465341386345,0.016666666666666607
0.00033665653373865046,0.0
0.0003366665333386665,0.016666666666666607
0.0003366765329386825,0.0
0.00033668653253869846,0.016666666666666607
0.0003366965321387145,0.0
0.00033670653173873045,0.0
0.00033671653133874647,0.016666666666666607
0.0003367265309387625,0.016666666666666607
0.00033673653053877846,0.016666666666666607
0.0003367465301387945,0.016666666666666607
0.00033675652973881045,0.0
0.00033676652933882647,0.016666666666666607
0.0003367765289388425,0.0
0.00033678652853885846,0.016666666666666607
0.0003367965281388745,0.0
0.00033680652773889044,0.033333333333333215
0.00033681652733890646,0.016666666666666607
0.0003368265269389225,0.016666666666666607
0.00033683652653893845,0.0
0.0003368465261389545,0.016666666666666607
0.00033685652573897044,0.016666666666666607
0.00033686652533898646,0.016666666666666607
0.0003368765249390025,0.0
0.00033688652453901845,0.016666666666666607
0.00033689652413903447,0.0
0.00033690652373905044,0.0
0.00033691652333906646,0.0
0.0003369265229390825,0.016666666666666607
0.00033693652253909844,0.0
0.00033694652213911447,0.016666666666666607
0.00033695652173913043,0.0
0.00033696652133914645,0.016666666666666607
0.0003369765209391625,0.0
0.00033698652053917844,0.016666666666666607
0.00033699652013919446,0.016666666666666607
0.00033700651973921043,0.016666666666666607
0.00033701651933922645,0.016666666666666607
0.00033702651893924247,0.016666666666666607
0.00033703651853925844,0.0
0.00033704651813927446,0.0
0.0003370565177392904,0.016666666666666607
0.00033706651733930645,0.0
0.00033707651693932247,0.0
0.00033708651653933843,0.016666666666666607
0.00033709651613935445,0.016666666666666607
0.0003371065157393704,0.016666666666666607
0.00033711651533938644,0.0
0.00033712651493940246,0.016666666666666607
0.00033713651453941843,0.0
0.00033714651413943445,0.016666666666666607
0.0003371565137394504,0.016666666666666607
0.00033716651333946644,0.016666666666666607
0.00033717651293948246,0.016666666666666607
0.0003371865125394984,0.016666666666666607
0.00033719651213951445,0.016666666666666607
0.0003372065117395304,0.0
0.00033721651133954643,0.0
0.00033722651093956246,0.016666666666666607
0.0003372365105395784,0.0
0.00033724651013959444,0.016666666666666607
0.0003372565097396104,0.0
0.00033726650933962643,0.016666666666666607
0.00033727650893964245,0.016666666666666607
0.0003372865085396584,0.016666666666666607
0.00033729650813967444,0.016666666666666607
0.0003373065077396904,0.016666666666666607
0.0003373165073397064,0.016666666666666607
0.00033732650693972245,0.016666666666666607
0.0003373365065397384,0.016666666666666607
0.00033734650613975444,0.016666666666666607
0.0003373565057397704,0.016666666666666607
0.0003373665053397864,0.016666666666666607
0.00033737650493980244,0.0
0.0003373865045398184,0.0
0.00033739650413983443,0.0
0.0003374065037398504,0.016666666666666607
0.0003374165033398664,0.0
0.00033742650293988244,0.016666666666666607
0.0003374365025398984,0.016666666666666607
0.00033744650213991443,0.0
0.0003374565017399304,0.016666666666666607
0.0003374665013399464,0.016666666666666607
0.00033747650093996244,0.016666666666666607
0.0003374865005399784,0.016666666666666607
0.0003374965001399944,0.016666666666666607
0.00033750649974001045,0.0
0.0003375164993400264,0.016666666666666607
0.00033752649894004243,0.016666666666666607
0.0003375364985400584,0.016666666666666607
0.0003375464981400744,0.0
0.00033755649774009044,0.016666666666666607
0.0003375664973401064,0.0
0.00033757649694012243,0.016666666666666607
0.0003375864965401384,0.016666666666666607
0.0003375964961401544,0.0
0.00033760649574017044,0.016666666666666607
0.0003376164953401864,0.016666666666666607
0.0003376264949402024,0.016666666666666607
0.0003376364945402184,0.016666666666666607
0.0003376464941402344,0.016666666666666607
0.00033765649374025043,0.016666666666666607
0.0003376664933402664,0.016666666666666607
0.0003376764929402824,0.016666666666666607
0.0003376864925402984,0.016666666666666607
0.0003376964921403144,0.016666666666666607
0.00033770649174033043,0.016666666666666607
0.0003377164913403464,0.0
0.0003377264909403624,0.016666666666666607
0.0003377364905403784,0.0
0.0003377464901403944,0.016666666666666607
0.0003377564897404104,0.0
0.0003377664893404264,0.016666666666666607
0.0003377764889404424,0.0
0.0003377864885404584,0.0
0.0003377964881404744,0.0
0.0003378064877404904,0.0
0.0003378164873405064,0.016666666666666607
0.0003378264869405224,0.016666666666666607
0.0003378364865405384,0.0
0.0003378464861405544,0.016666666666666607
0.0003378564857405704,0.016666666666666607
0.0003378664853405864,0.016666666666666607
0.0003378764849406024,0.0
0.0003378864845406184,0.016666666666666607
0.0003378964841406344,0.016666666666666607
0.0003379064837406504,0.016666666666666607
0.0003379164833406664,0.016666666666666607
0.0003379264829406824,0.0
0.00033793648254069837,0.016666666666666607
0.0003379464821407144,0.0
0.0003379564817407304,0.016666666666666607
0.0003379664813407464,0.016666666666666607
0.0003379764809407624,0.016666666666666607
0.00033798648054077837,0.016666666666666607
0.0003379964801407944,0.0
0.0003380064797408104,0.0
0.0003380164793408264,0.016666666666666607
0.0003380264789408424,0.0
0.00033803647854085836,0.016666666666666607
0.0003380464781408744,0.0
0.0003380564777408904,0.016666666666666607
0.00033806647734090637,0.0
0.0003380764769409224,0.016666666666666607
0.00033808647654093836,0.0
0.0003380964761409544,0.016666666666666607
0.0003381064757409704,0.016666666666666607
0.00033811647534098637,0.016666666666666607
0.0003381264749410024,0.016666666666666607
0.00033813647454101835,0.016666666666666607
0.0003381464741410344,0.016666666666666607
0.0003381564737410504,0.016666666666666607
0.00033816647334106636,0.0
0.0003381764729410824,0.016666666666666607
0.00033818647254109835,0.016666666666666607
0.00033819647214111437,0.016666666666666607
0.0003382064717411304,0.016666666666666607
0.00033821647134114636,0.016666666666666607
0.0003382264709411624,0.016666666666666607
0.00033823647054117835,0.016666666666666607
0.00033824647014119437,0.016666666666666607
0.0003382564697412104,0.016666666666666607
0.00033826646934122636,0.0
0.0003382764689412424,0.0
0.00033828646854125834,0.0
0.00033829646814127436,0.0
0.0003383064677412904,0.0
0.00033831646734130635,0.016666666666666607
0.00033832646694132237,0.016666666666666607
0.00033833646654133834,0.0
0.00033834646614135436,0.016666666666666607
0.0003383564657413704,0.016666666666666607
0.00033836646534138635,0.016666666666666607
0.00033837646494140237,0.016666666666666607
0.00033838646454141834,0.0
0.00033839646414143436,0.0
0.0003384064637414504,0.016666666666666607
0.00033841646334146634,0.016666666666666607
0.00033842646294148236,0.0
0.0003384364625414984,0.016666666666666607
0.00033844646214151435,0.016666666666666607
0.0003384564617415304,0.016666666666666607
0.00033846646134154634,0.016666666666666607
0.00033847646094156236,0.016666666666666607
0.0003384864605415784,0.016666666666666607
0.00033849646014159435,0.016666666666666607
0.00033850645974161037,0.016666666666666607
0.00033851645934162634,0.0
0.00033852645894164236,0.0
0.0003385364585416584,0.0
0.00033854645814167434,0.016666666666666607
0.00033855645774169037,0.0
0.00033856645734170633,0.016666666666666607
0.00033857645694172235,0.016666666666666607
0.0003385864565417384,0.016666666666666607
0.00033859645614175434,0.016666666666666607
0.00033860645574177036,0.016666666666666607
0.00033861645534178633,0.016666666666666607
0.00033862645494180235,0.016666666666666607
0.00033863645454181837,0.0
0.00033864645414183434,0.016666666666666607
0.00033865645374185036,0.016666666666666607
0.0003386664533418663,0.016666666666666607
0.00033867645294188235,0.0
0.00033868645254189837,0.0
0.00033869645214191433,0.016666666666666607
0.00033870645174193035,0.016666666666666607
0.0003387164513419463,0.016666666666666607
0.00033872645094196234,0.0
0.00033873645054197836,0.016666666666666607
0.00033874645014199433,0.0
0.00033875644974201035,0.0
0.0003387664493420263,0.016666666666666607
0.00033877644894204234,0.0
0.00033878644854205836,0.0
0.0003387964481420743,0.0
0.00033880644774209035,0.016666666666666607
0.0003388164473421063,0.0
0.00033882644694212233,0.016666666666666607
0.00033883644654213836,0.016666666666666607
0.0003388464461421543,0.016666666666666607
0.00033885644574217034,0.016666666666666607
0.0003388664453421863,0.016666666666666607
0.00033887644494220233,0.0
0.00033888644454221835,0.0
0.0003388964441422343,0.0
0.00033890644374225034,0.0
0.0003389164433422663,-0.016666666666666607
0.0003389264429422823,0.0
0.00033893644254229835,0.0
0.0003389464421423143,0.0
0.00033895644174233034,0.0
0.0003389664413423463,0.016666666666666607
0.0003389764409423623,0.016666666666666607
0.00033898644054237834,0.016666666666666607
0.0003389964401423943,0.016666666666666607
0.00033900643974241033,0.016666666666666607
0.0003390164393424263,0.016666666666666607
0.0003390264389424423,0.016666666666666607
0.00033903643854245834,0.033333333333333215
0.0003390464381424743,0.033333333333333215
0.00033905643774249033,0.04999999999999982
0.0003390664373425063,0.033333333333333215
0.0003390764369425223,0.04999999999999982
0.00033908643654253834,0.033333333333333215
0.0003390964361425543,0.033333333333333215
0.0003391064357425703,0.016666666666666607
0.0003391164353425863,0.016666666666666607
0.0003391264349426023,0.016666666666666607
0.00033913643454261833,0.0
0.0003391464341426343,0.016666666666666607
0.0003391564337426503,0.016666666666666607
0.0003391664333426663,0.016666666666666607
0.0003391764329426823,0.016666666666666607
0.00033918643254269833,0.016666666666666607
0.0003391964321427143,0.016666666666666607
0.0003392064317427303,0.016666666666666607
0.0003392164313427463,0.016666666666666607
0.0003392264309427623,0.016666666666666607
0.0003392364305427783,-0.016666666666666607
0.0003392464301427943,-0.016666666666666607
0.0003392564297428103,-0.016666666666666607
0.0003392664293428263,-0.016666666666666607
0.0003392764289428423,-0.016666666666666607
0.0003392864285428583,0.0
0.0003392964281428743,0.0
0.0003393064277428903,0.0
0.0003393164273429063,0.0
0.0003393264269429223,0.0
0.0003393364265429383,0.0
0.0003393464261429543,0.0
0.0003393564257429703,0.0
0.0003393664253429863,0.0
0.0003393764249430023,0.0
0.0003393864245430183,0.0
0.0003393964241430343,0.0
0.0003394064237430503,0.016666666666666607
0.0003394164233430663,0.0
0.0003394264229430823,0.016666666666666607
0.0003394364225430983,0.016666666666666607
0.0003394464221431143,0.016666666666666607
0.0003394564217431303,0.016666666666666607
0.0003394664213431463,0.016666666666666607
0.0003394764209431623,0.016666666666666607
0.0003394864205431783,0.016666666666666607
0.0003394964201431943,0.016666666666666607
0.0003395064197432103,0.016666666666666607
0.0003395164193432263,0.016666666666666607
0.0003395264189432423,0.016666666666666607
0.0003395364185432583,0.016666666666666607
0.00033954641814327427,0.016666666666666607
0.0003395564177432903,0.016666666666666607
0.0003395664173433063,0.016666666666666607
0.0003395764169433223,0.016666666666666607
0.0003395864165433383,0.016666666666666607
0.00033959641614335427,0.016666666666666607
0.0003396064157433703,0.016666666666666607
0.0003396164153433863,0.0
0.0003396264149434023,0.016666666666666607
0.0003396364145434183,0.016666666666666607
0.00033964641414343426,0.016666666666666607
0.0003396564137434503,0.016666666666666607
0.0003396664133434663,0.016666666666666607
0.00033967641294348227,0.016666666666666607
0.0003396864125434983,0.016666666666666607
0.00033969641214351426,0.0
0.0003397064117435303,0.0
0.0003397164113435463,0.016666666666666607
0.00033972641094356227,0.0
0.0003397364105435783,0.016666666666666607
0.00033974641014359425,0.016666666666666607
0.0003397564097436103,0.016666666666666607
0.0003397664093436263,0.0
0.00033977640894364226,0.016666666666666607
0.0003397864085436583,0.0
0.00033979640814367425,0.0
0.00033980640774369027,0.016666666666666607
0.0003398164073437063,0.016666666666666607
0.00033982640694372226,0.016666666666666607
0.0003398364065437383,0.016666666666666607
0.00033984640614375425,0.016666666666666607
0.00033985640574377027,0.016666666666666607
0.0003398664053437863,0.016666666666666607
0.00033987640494380226,0.0
0.0003398864045438183,0.016666666666666607
0.00033989640414383424,0.016666666666666607
0.00033990640374385026,0.016666666666666607
0.0003399164033438663,0.0
0.00033992640294388225,0.016666666666666607
0.00033993640254389827,0.016666666666666607
0.00033994640214391424,0.0
0.00033995640174393026,0.016666666666666607
0.0003399664013439463,0.016666666666666607
0.00033997640094396225,0.0
0.00033998640054397827,0.0
0.00033999640014399424,0.0
0.00034000639974401026,0.0
0.0003400163993440263,0.016666666666666607
0.00034002639894404224,0.016666666666666607
0.00034003639854405826,0.016666666666666607
0.00034004639814407423,0.016666666666666607
0.00034005639774409025,0.016666666666666607
0.0003400663973441063,0.016666666666666607
0.00034007639694412224,0.0
0.00034008639654413826,0.016666666666666607
0.00034009639614415423,0.0
0.00034010639574417025,0.016666666666666607
0.00034011639534418627,0.0
0.00034012639494420224,0.016666666666666607
0.00034013639454421826,0.0
0.0003401463941442342,0.0
0.00034015639374425024,0.0
0.00034016639334426627,0.016666666666666607
0.00034017639294428223,0.016666666666666607
0.00034018639254429825,0.0
0.0003401963921443142,0.016666666666666607
0.00034020639174433024,0.016666666666666607
0.00034021639134434626,0.0
0.00034022639094436223,0.0
0.00034023639054437825,0.016666666666666607
0.0003402463901443942,0.0
0.00034025638974441024,0.0
0.00034026638934442626,0.016666666666666607
0.0003402763889444422,0.016666666666666607
0.00034028638854445825,0.0
0.00034029638814447427,0.016666666666666607
0.00034030638774449023,0.016666666666666607
0.00034031638734450625,0.016666666666666607
0.0003403263869445222,0.016666666666666607
0.00034033638654453824,0.016666666666666607
0.00034034638614455426,0.016666666666666607
0.00034035638574457023,0.016666666666666607
0.00034036638534458625,0.016666666666666607
0.0003403763849446022,0.0
0.00034038638454461824,0.016666666666666607
0.00034039638414463426,0.016666666666666607
0.0003404063837446502,0.016666666666666607
0.00034041638334466625,0.016666666666666607
0.0003404263829446822,0.016666666666666607
0.00034043638254469823,0.0
0.00034044638214471426,0.016666666666666607
0.0003404563817447302,0.016666666666666607
0.00034046638134474624,0.0
0.0003404763809447622,0.0
0.00034048638054477823,0.0
0.00034049638014479425,0.0
0.0003405063797448102,0.0
0.00034051637934482624,0.0
0.0003405263789448422,0.016666666666666607
0.0003405363785448582,0.016666666666666607
0.00034054637814487425,0.016666666666666607
0.0003405563777448902,0.0
0.00034056637734490624,0.016666666666666607
0.0003405763769449222,0.0
0.0003405863765449382,0.016666666666666607
0.00034059637614495424,0.0
0.0003406063757449702,0.016666666666666607
0.00034061637534498623,0.016666666666666607
0.0003406263749450022,0.016666666666666607
0.0003406363745450182,0.0
0.00034064637414503424,0.0
0.0003406563737450502,0.0
0.00034066637334506623,0.016666666666666607
0.0003406763729450822,0.0
0.0003406863725450982,0.016666666666666607
0.00034069637214511424,0.016666666666666607
0.0003407063717451302,0.016666666666666607
0.0003407163713451462,0.016666666666666607
0.0003407263709451622,0.016666666666666607
0.0003407363705451782,0.016666666666666607
0.00034074637014519423,0.016666666666666607
0.0003407563697452102,0.016666666666666607
0.0003407663693452262,0.016666666666666607
0.0003407763689452422,0.016666666666666607
0.0003407863685452582,0.016666666666666607
0.00034079636814527423,0.0
0.0003408063677452902,0.016666666666666607
0.0003408163673453062,0.016666666666666607
0.0003408263669453222,0.016666666666666607
0.0003408363665453382,0.016666666666666607
0.0003408463661453542,0.016666666666666607
0.0003408563657453702,0.016666666666666607
0.0003408663653453862,0.016666666666666607
0.0003408763649454022,0.016666666666666607
0.0003408863645454182,0.0
0.0003408963641454342,0.0
0.0003409063637454502,0.0
0.0003409163633454662,0.0
0.0003409263629454822,0.016666666666666607
0.0003409363625454982,0.016666666666666607
0.0003409463621455142,0.0
0.0003409563617455302,0.016666666666666607
0.0003409663613455462,0.0
0.00034097636094556217,0.0
0.0003409863605455782,0.016666666666666607
0.0003409963601455942,0.016666666666666607
0.0003410063597456102,0.016666666666666607
0.0003410163593456262,0.016666666666666607
0.00034102635894564217,0.0
0.0003410363585456582,0.0
0.0003410463581456742,0.016666666666666607
0.0003410563577456902,0.016666666666666607
0.0003410663573457062,0.016666666666666607
0.00034107635694572216,0.0
0.0003410863565457382,0.0
0.0003410963561457542,0.016666666666666607
0.0003411063557457702,0.016666666666666607
0.0003411163553457862,0.016666666666666607
0.00034112635494580216,0.016666666666666607
0.0003411363545458182,0.016666666666666607
0.0003411463541458342,0.016666666666666607
0.00034115635374585017,0.016666666666666607
0.0003411663533458662,0.016666666666666607
0.00034117635294588216,0.016666666666666607
0.0003411863525458982,0.016666666666666607
0.0003411963521459142,0.016666666666666607
0.00034120635174593017,0.0
0.0003412163513459462,0.0
0.0003412263509459622,0.0
0.0003412363505459782,-0.016666666666666607
0.0003412463501459942,0.0
0.00034125634974601016,0.033333333333333215
0.0003412663493460262,0.033333333333333215
0.0003412763489460422,0.016666666666666607
0.00034128634854605817,0.033333333333333215
0.0003412963481460742,0.016666666666666607
0.00034130634774609016,0.0
0.0003413163473461062,0.016666666666666607
0.0003413263469461222,0.016666666666666607
0.00034133634654613817,0.016666666666666607
0.0003413463461461542,0.016666666666666607
0.00034135634574617015,0.0
0.0003413663453461862,0.0
0.0003413763449462022,0.0
0.00034138634454621816,0.0
0.0003413963441462342,0.016666666666666607
0.00034140634374625015,0.016666666666666607
0.00034141634334626617,0.016666666666666607
0.0003414263429462822,0.016666666666666607
0.00034143634254629816,0.016666666666666607
0.0003414463421463142,0.0
0.00034145634174633015,0.016666666666666607
0.00034146634134634617,0.016666666666666607
0.0003414763409463622,0.016666666666666607
0.00034148634054637816,0.016666666666666607
0.0003414963401463942,0.0
0.00034150633974641014,0.0
0.00034151633934642616,0.0
0.0003415263389464422,0.0
0.00034153633854645815,0.0
0.00034154633814647417,0.016666666666666607
0.00034155633774649014,0.0
0.00034156633734650616,0.0
0.0003415763369465222,0.0
0.00034158633654653815,0.0
0.00034159633614655417,0.016666666666666607
0.00034160633574657014,0.016666666666666607
0.00034161633534658616,0.0
0.0003416263349466022,0.016666666666666607
0.00034163633454661814,0.0
0.00034164633414663416,0.016666666666666607
0.00034165633374665013,0.033333333333333215
0.00034166633334666615,0.033333333333333215
0.0003416763329466822,0.016666666666666607
0.00034168633254669814,0.016666666666666607
0.00034169633214671416,0.016666666666666607
0.00034170633174673013,0.016666666666666607
0.00034171633134674615,0.033333333333333215
0.00034172633094676217,0.016666666666666607
0.00034173633054677814,0.016666666666666607
0.00034174633014679416,0.0
0.0003417563297468101,0.0
0.00034176632934682614,0.016666666666666607
0.00034177632894684217,0.0
0.00034178632854685813,0.0
0.00034179632814687415,0.0
0.0003418063277468901,0.016666666666666607
0.00034181632734690614,0.0
0.00034182632694692216,0.0
0.00034183632654693813,0.016666666666666607
0.00034184632614695415,0.016666666666666607
0.0003418563257469701,0.0
0.00034186632534698614,0.016666666666666607
0.00034187632494700216,0.016666666666666607
0.0003418863245470181,0.016666666666666607
0.00034189632414703415,0.016666666666666607
0.0003419063237470501,0.016666666666666607
0.00034191632334706613,0.016666666666666607
0.00034192632294708215,0.016666666666666607
0.0003419363225470981,0.016666666666666607
0.00034194632214711414,0.016666666666666607
0.0003419563217471301,0.016666666666666607
0.00034196632134714613,0.016666666666666607
0.00034197632094716215,0.016666666666666607
0.0003419863205471781,0.016666666666666607
0.00034199632014719414,0.0
0.0003420063197472101,0.016666666666666607
0.0003420163193472261,0.016666666666666607
0.00034202631894724215,0.016666666666666607
0.0003420363185472581,0.0
0.00034204631814727413,0.0
0.0003420563177472901,0.0
0.0003420663173473061,0.0
0.00034207631694732214,0.0
0.0003420863165473381,0.0
0.00034209631614735413,0.0
0.0003421063157473701,0.0
0.0003421163153473861,0.016666666666666607
0.00034212631494740214,0.016666666666666607
0.0003421363145474181,0.016666666666666607
0.0003421463141474341,0.016666666666666607
0.00034215631374745015,0.016666666666666607
0.0003421663133474661,0.016666666666666607
0.00034217631294748214,0.033333333333333215
0.0003421863125474981,0.016666666666666607
0.0003421963121475141,0.016666666666666607
0.00034220631174753014,0.016666666666666607
0.0003422163113475461,0.016666666666666607
0.00034222631094756213,0.0
0.0003422363105475781,0.016666666666666607
0.0003422463101475941,0.016666666666666607
0.00034225630974761014,0.0
0.0003422663093476261,0.016666666666666607
0.00034227630894764213,0.0
0.0003422863085476581,0.0
0.0003422963081476741,0.016666666666666607
0.00034230630774769014,0.016666666666666607
0.0003423163073477061,0.0
0.0003423263069477221,0.016666666666666607
0.0003423363065477381,0.0
0.0003423463061477541,0.0
0.00034235630574777013,0.0
0.0003423663053477861,0.016666666666666607
0.0003423763049478021,0.016666666666666607
0.0003423863045478181,0.016666666666666607
0.0003423963041478341,0.016666666666666607
0.00034240630374785013,0.033333333333333215
0.0003424163033478661,0.016666666666666607
0.0003424263029478821,0.016666666666666607
0.0003424363025478981,0.016666666666666607
0.0003424463021479141,0.016666666666666607
0.0003424563017479301,0.016666666666666607
0.0003424663013479461,0.016666666666666607
0.0003424763009479621,0.016666666666666607
0.0003424863005479781,0.016666666666666607
0.0003424963001479941,0.016666666666666607
0.0003425062997480101,0.016666666666666607
0.0003425162993480261,0.0
0.0003425262989480421,0.0
0.0003425362985480581,0.016666666666666607
0.0003425462981480741,0.016666666666666607
0.0003425562977480901,0.016666666666666607
0.0003425662973481061,0.016666666666666607
0.0003425762969481221,0.0
0.00034258629654813807,0.0
0.0003425962961481541,0.0
0.0003426062957481701,0.0
0.0003426162953481861,0.0
0.0003426262949482021,0.016666666666666607
0.00034263629454821807,0.016666666666666607
0.0003426462941482341,0.016666666666666607
0.0003426562937482501,0.016666666666666607
0.0003426662933482661,0.016666666666666607
0.0003426762929482821,0.016666666666666607
0.00034268629254829806,0.0
0.0003426962921483141,0.016666666666666607
0.0003427062917483301,0.016666666666666607
0.0003427162913483461,0.0
0.0003427262909483621,0.016666666666666607
0.00034273629054837806,0.016666666666666607
0.0003427462901483941,0.016666666666666607
0.0003427562897484101,0.0
0.00034276628934842607,0.016666666666666607
0.0003427762889484421,0.0
0.00034278628854845806,0.016666666666666607
0.0003427962881484741,0.016666666666666607
0.0003428062877484901,0.016666666666666607
0.00034281628734850607,0.0
0.0003428262869485221,0.016666666666666607
0.00034283628654853805,0.016666666666666607
0.0003428462861485541,0.016666666666666607
0.0003428562857485701,0.016666666666666607
0.00034286628534858606,0.0
0.0003428762849486021,0.0
0.00034288628454861805,0.016666666666666607
0.00034289628414863407,0.016666666666666607
0.0003429062837486501,0.016666666666666607
0.00034291628334866606,0.016666666666666607
0.0003429262829486821,0.016666666666666607
0.00034293628254869805,0.016666666666666607
0.00034294628214871407,0.016666666666666607
0.0003429562817487301,0.016666666666666607
0.00034296628134874605,0.016666666666666607
0.0003429762809487621,0.016666666666666607
0.00034298628054877804,0.016666666666666607
0.00034299628014879406,0.016666666666666607
0.0003430062797488101,0.016666666666666607
0.00034301627934882605,0.016666666666666607
0.00034302627894884207,0.0
0.00034303627854885804,0.016666666666666607
0.00034304627814887406,0.016666666666666607
0.0003430562777488901,0.016666666666666607
0.00034306627734890605,0.016666666666666607
0.00034307627694892207,0.016666666666666607
0.0003430862765489381,0.016666666666666607
0.00034309627614895406,0.0
0.0003431062757489701,0.0
0.00034311627534898604,0.016666666666666607
0.00034312627494900206,0.016666666666666607
0.0003431362745490181,0.016666666666666607
0.00034314627414903405,0.0
0.00034315627374905007,0.0
0.00034316627334906604,0.0
0.00034317627294908206,0.0
0.0003431862725490981,0.0
0.00034319627214911405,0.0
0.00034320627174913007,0.0
0.00034321627134914604,0.0
0.00034322627094916206,0.0
0.0003432362705491781,0.0
0.00034324627014919404,0.0
0.00034325626974921006,0.0
0.00034326626934922603,0.0
0.00034327626894924205,0.016666666666666607
0.0003432862685492581,0.016666666666666607
0.00034329626814927404,0.016666666666666607
0.00034330626774929006,0.033333333333333215
0.00034331626734930603,0.016666666666666607
0.00034332626694932205,0.016666666666666607
0.00034333626654933807,0.016666666666666607
0.00034334626614935404,0.033333333333333215
0.00034335626574937006,0.033333333333333215
0.000343366265349386,0.016666666666666607
0.00034337626494940204,0.016666666666666607
0.00034338626454941807,0.016666666666666607
0.00034339626414943403,0.016666666666666607
0.00034340626374945005,0.016666666666666607
0.000343416263349466,0.016666666666666607
0.00034342626294948204,0.016666666666666607
0.00034343626254949806,0.016666666666666607
0.00034344626214951403,0.016666666666666607
0.00034345626174953005,0.016666666666666607
0.000343466261349546,0.016666666666666607
0.00034347626094956204,0.016666666666666607
0.00034348626054957806,0.033333333333333215
0.000343496260149594,0.016666666666666607
0.00034350625974961005,0.016666666666666607
0.000343516259349626,0.016666666666666607
0.00034352625894964203,0.033333333333333215
0.00034353625854965805,0.016666666666666607
0.000343546258149674,0.016666666666666607
0.00034355625774969004,0.016666666666666607
0.000343566257349706,0.016666666666666607
0.00034357625694972203,0.016666666666666607
0.00034358625654973805,0.016666666666666607
0.000343596256149754,0.016666666666666607
0.00034360625574977004,0.016666666666666607
0.000343616255349786,0.016666666666666607
0.000343626254949802,0.016666666666666607
0.00034363625454981805,0.033333333333333215
0.000343646254149834,0.033333333333333215
0.00034365625374985003,0.033333333333333215
0.000343666253349866,0.033333333333333215
0.000343676252949882,0.033333333333333215
0.00034368625254989804,0.04999999999999982
0.000343696252149914,0.033333333333333215
0.00034370625174993003,0.016666666666666607
0.000343716251349946,0.0
0.000343726250949962,0.0
0.00034373625054997804,-0.016666666666666607
0.000343746250149994,-0.016666666666666607
0.00034375624975001,-0.016666666666666607
0.000343766249350026,0.0
0.000343776248950042,-0.016666666666666607
0.00034378624855005804,0.0
0.000343796248150074,0.0
0.00034380624775009,0.016666666666666607
0.000343816247350106,0.016666666666666607
0.000343826246950122,0.0
0.00034383624655013803,0.0
0.000343846246150154,0.0
0.00034385624575017,-0.016666666666666607
0.000343866245350186,0.0
0.000343876244950202,0.0
0.00034388624455021803,0.016666666666666607
0.000343896244150234,0.016666666666666607
0.00034390624375025,0.016666666666666607
0.000343916243350266,0.0
0.000343926242950282,0.016666666666666607
0.000343936242550298,0.0
0.000343946242150314,-0.016666666666666607
0.00034395624175033,-0.016666666666666607
0.000343966241350346,0.0
0.000343976240950362,0.0
0.000343986240550378,0.0
0.000343996240150394,0.0
0.00034400623975041,0.016666666666666607
0.00034401623935042603,0.016666666666666607
0.000344026238950442,0.016666666666666607
0.000344036238550458,0.033333333333333215
0.000344046238150474,0.016666666666666607
0.00034405623775049,0.033333333333333215
0.000344066237350506,0.033333333333333215
0.000344076236950522,0.016666666666666607
0.000344086236550538,0.033333333333333215
0.000344096236150554,0.033333333333333215
0.00034410623575057,0.033333333333333215
0.000344116235350586,0.016666666666666607
0.000344126234950602,0.016666666666666607
0.000344136234550618,0.016666666666666607
0.000344146234150634,0.016666666666666607
0.00034415623375065,0.016666666666666607
0.000344166233350666,0.016666666666666607
0.000344176232950682,0.016666666666666607
0.000344186232550698,0.0
0.00034419623215071397,0.0
0.00034420623175073,0.016666666666666607
0.000344216231350746,0.0
0.000344226230950762,0.0
0.000344236230550778,0.016666666666666607
0.00034424623015079397,0.016666666666666607
0.00034425622975081,0.0
0.000344266229350826,0.0
0.000344276228950842,0.0
0.000344286228550858,0.0
0.00034429622815087396,0.0
0.00034430622775089,0.016666666666666607
0.000344316227350906,0.0
0.000344326226950922,0.016666666666666607
0.000344336226550938,0.016666666666666607
0.00034434622615095396,0.016666666666666607
0.00034435622575097,0.016666666666666607
0.000344366225350986,0.016666666666666607
0.00034437622495100197,0.016666666666666607
0.000344386224551018,0.0
0.00034439622415103396,0.0
0.00034440622375105,-0.016666666666666607
0.000344416223351066,-0.016666666666666607
0.00034442622295108197,-0.016666666666666607
0.000344436222551098,0.0
0.00034444622215111395,0.033333333333333215
0.00034445622175113,0.04999999999999982
0.000344466221351146,0.04999999999999982
0.00034447622095116196,0.04999999999999982
0.000344486220551178,0.016666666666666607
0.00034449622015119395,0.016666666666666607
0.00034450621975120997,0.016666666666666607
0.000344516219351226,0.016666666666666607
0.00034452621895124196,0.016666666666666607
0.000344536218551258,0.016666666666666607
0.00034454621815127395,0.016666666666666607
0.00034455621775128997,0.016666666666666607
0.000344566217351306,0.016666666666666607
0.00034457621695132195,0.0
0.000344586216551338,0.0
0.00034459621615135394,0.0
0.00034460621575136996,0.016666666666666607
0.000344616215351386,0.0
0.00034462621495140195,0.016666666666666607
0.00034463621455141797,0.0
0.00034464621415143394,0.016666666666666607
0.00034465621375144996,0.016666666666666607
0.000344666213351466,0.016666666666666607
0.00034467621295148195,0.016666666666666607
0.00034468621255149797,0.016666666666666607
0.00034469621215151393,0.016666666666666607
0.00034470621175152996,0.0
0.000344716211351546,0.0
0.00034472621095156194,0.0
0.00034473621055157796,0.0
0.00034474621015159393,0.016666666666666607
0.00034475620975160995,0.016666666666666607
0.00034476620935162597,0.016666666666666607
0.00034477620895164194,0.016666666666666607
0.00034478620855165796,0.016666666666666607
0.0003447962081516739,0.016666666666666607
0.00034480620775168995,0.016666666666666607
0.00034481620735170597,0.016666666666666607
0.00034482620695172194,0.016666666666666607
0.00034483620655173796,0.016666666666666607
0.0003448462061517539,0.016666666666666607
0.00034485620575176994,0.0
0.00034486620535178596,0.016666666666666607
0.00034487620495180193,0.016666666666666607
0.00034488620455181795,0.0
0.0003448962041518339,0.016666666666666607
0.00034490620375184994,0.016666666666666607
0.00034491620335186596,0.016666666666666607
0.00034492620295188193,0.016666666666666607
0.00034493620255189795,0.016666666666666607
0.00034494620215191397,0.016666666666666607
0.00034495620175192994,0.016666666666666607
0.00034496620135194596,0.016666666666666607
0.0003449762009519619,0.016666666666666607
0.00034498620055197794,0.0
0.00034499620015199397,0.0
0.00034500619975200993,0.0
0.00034501619935202595,0.0
0.0003450261989520419,0.0
0.00034503619855205794,0.0
0.00034504619815207396,0.0
0.00034505619775208993,0.0
0.00034506619735210595,0.0
0.0003450761969521219,-0.016666666666666607
0.00034508619655213794,0.0
0.00034509619615215396,0.0
0.0003451061957521699,0.0
0.00034511619535218595,0.0
0.0003451261949522019,0.016666666666666607
0.00034513619455221793,0.0
0.00034514619415223395,0.0
0.0003451561937522499,-0.016666666666666607
0.00034516619335226594,0.0
0.0003451761929522819,0.0
0.00034518619255229793,0.0
0.00034519619215231395,0.0
0.0003452061917523299,0.016666666666666607
0.00034521619135234594,0.033333333333333215
0.0003452261909523619,0.016666666666666607
0.0003452361905523779,0.033333333333333215
0.00034524619015239395,0.033333333333333215
0.0003452561897524099,0.033333333333333215
0.00034526618935242593,0.033333333333333215
0.0003452761889524419,0.016666666666666607
0.0003452861885524579,0.033333333333333215
0.00034529618815247394,0.033333333333333215
0.0003453061877524899,0.016666666666666607
0.00034531618735250593,0.033333333333333215
0.0003453261869525219,0.033333333333333215
0.0003453361865525379,0.033333333333333215
0.00034534618615255394,0.033333333333333215
0.0003453561857525699,0.016666666666666607
0.0003453661853525859,0.016666666666666607
0.0003453761849526019,0.016666666666666607
0.0003453861845526179,0.016666666666666607
0.00034539618415263394,0.0
0.0003454061837526499,0.016666666666666607
0.0003454161833526659,0.016666666666666607
0.0003454261829526819,0.016666666666666607
0.0003454361825526979,0.016666666666666607
0.00034544618215271393,0.016666666666666607
0.0003454561817527299,0.016666666666666607
0.0003454661813527459,0.016666666666666607
0.0003454761809527619,0.033333333333333215
0.0003454861805527779,0.016666666666666607
0.00034549618015279393,0.016666666666666607
0.0003455061797528099,0.016666666666666607
0.0003455161793528259,0.016666666666666607
0.0003455261789528419,0.016666666666666607
0.0003455361785528579,0.0
0.0003455461781528739,0.0
0.0003455561777528899,0.0
0.0003455661773529059,0.0
0.0003455761769529219,0.0
0.0003455861765529379,0.0
0.0003455961761529539,0.0
0.0003456061757529699,0.0
0.0003456161753529859,0.0
0.0003456261749530019,0.0
0.0003456361745530179,0.0
0.0003456461741530339,0.0
0.0003456561737530499,0.0
0.0003456661733530659,0.0
0.00034567617295308187,0.016666666666666607
0.0003456861725530979,0.016666666666666607
0.0003456961721531139,0.016666666666666607
0.0003457061717531299,0.016666666666666607
0.0003457161713531459,0.016666666666666607
0.00034572617095316187,0.033333333333333215
0.0003457361705531779,0.016666666666666607
0.0003457461701531939,0.016666666666666607
0.0003457561697532099,0.016666666666666607
0.0003457661693532259,0.016666666666666607
0.00034577616895324186,0.0
0.0003457861685532579,0.016666666666666607
0.0003457961681532739,0.0
0.00034580616775328987,0.0
0.0003458161673533059,0.0
0.00034582616695332186,0.0
0.0003458361665533379,0.0
0.0003458461661533539,0.0
0.00034585616575336987,0.016666666666666607
0.0003458661653533859,0.016666666666666607
0.0003458761649534019,0.016666666666666607
0.0003458861645534179,0.033333333333333215
0.0003458961641534339,0.016666666666666607
0.00034590616375344986,0.0
0.0003459161633534659,-0.016666666666666607
0.0003459261629534819,-0.016666666666666607
0.0003459361625534979,-0.016666666666666607
0.0003459461621535139,0.0
0.00034595616175352986,0.016666666666666607
0.0003459661613535459,0.016666666666666607
0.0003459761609535619,0.016666666666666607
0.00034598616055357787,0.016666666666666607
0.0003459961601535939,0.0
0.00034600615975360986,0.016666666666666607
0.0003460161593536259,0.016666666666666607
0.0003460261589536419,0.016666666666666607
0.00034603615855365787,0.016666666666666607
0.0003460461581536739,0.016666666666666607
0.00034605615775368985,0.016666666666666607
0.0003460661573537059,0.016666666666666607
0.0003460761569537219,0.016666666666666607
0.00034608615655373786,0.0
0.0003460961561537539,0.0
0.00034610615575376985,0.016666666666666607
0.00034611615535378587,0.016666666666666607
0.0003461261549538019,0.016666666666666607
0.00034613615455381786,0.033333333333333215
0.0003461461541538339,0.033333333333333215
0.00034615615375384985,0.033333333333333215
0.00034616615335386587,0.016666666666666607
0.0003461761529538819,0.016666666666666607
0.00034618615255389785,0.016666666666666607
0.0003461961521539139,0.0
0.00034620615175392984,0.016666666666666607
0.00034621615135394586,0.016666666666666607
0.0003462261509539619,0.016666666666666607
0.00034623615055397785,0.016666666666666607
0.00034624615015399387,0.016666666666666607
0.00034625614975400984,0.0
0.00034626614935402586,0.0
0.0003462761489540419,0.0
0.00034628614855405785,0.0
0.00034629614815407387,0.0
0.00034630614775408983,0.0
0.00034631614735410586,0.016666666666666607
0.0003463261469541219,0.016666666666666607
0.00034633614655413784,0.016666666666666607
0.00034634614615415386,0.016666666666666607
0.00034635614575416983,0.0
0.00034636614535418585,0.0
0.00034637614495420187,0.0
0.00034638614455421784,-0.016666666666666607
0.00034639614415423386,0.0
0.0003464061437542498,0.0
0.00034641614335426585,-0.016666666666666607
0.00034642614295428187,0.0
0.00034643614255429784,0.0
0.00034644614215431386,0.016666666666666607
0.0003464561417543298,0.016666666666666607
0.00034646614135434584,0.016666666666666607
0.00034647614095436186,0.016666666666666607
0.00034648614055437783,0.0
0.00034649614015439385,0.0
0.0003465061397544098,0.0
0.00034651613935442584,0.0
0.00034652613895444186,0.016666666666666607
0.00034653613855445783,0.0
0.00034654613815447385,0.0
0.0003465561377544898,0.0
0.00034656613735450584,0.016666666666666607
0.00034657613695452186,0.0
0.0003465861365545378,0.016666666666666607
0.00034659613615455384,0.0
0.0003466061357545698,0.016666666666666607
0.00034661613535458583,-0.016666666666666607
0.00034662613495460185,0.0
0.0003466361345546178,-0.016666666666666607
0.00034664613415463384,-0.016666666666666607
0.0003466561337546498,-0.016666666666666607
0.00034666613335466583,0.0
0.00034667613295468185,0.0
0.0003466861325546978,0.016666666666666607
0.00034669613215471384,0.033333333333333215
0.0003467061317547298,0.04999999999999982
0.0003467161313547458,0.033333333333333215
0.00034672613095476185,0.033333333333333215
0.0003467361305547778,0.016666666666666607
0.00034674613015479383,0.016666666666666607
0.0003467561297548098,0.016666666666666607
0.0003467661293548258,0.0
0.00034677612895484184,0.0
0.0003467861285548578,0.0
0.00034679612815487383,0.016666666666666607
0.00034680612775488985,0.033333333333333215
0.0003468161273549058,0.04999999999999982
0.00034682612695492184,0.04999999999999982
0.0003468361265549378,0.04999999999999982
0.0003468461261549538,0.04999999999999982
0.00034685612575496985,0.04999999999999982
0.0003468661253549858,0.04999999999999982
0.00034687612495500183,0.04999999999999982
0.0003468861245550178,0.04999999999999982
0.0003468961241550338,0.04999999999999982
0.00034690612375504984,0.06666666666666643
0.0003469161233550658,0.04999999999999982
0.00034692612295508183,0.033333333333333215
0.0003469361225550978,0.033333333333333215
0.0003469461221551138,0.033333333333333215
0.00034695612175512984,0.033333333333333215
0.0003469661213551458,0.033333333333333215
0.0003469761209551618,0.033333333333333215
0.0003469861205551778,0.016666666666666607
0.0003469961201551938,0.033333333333333215
0.00034700611975520984,0.0
0.0003470161193552258,-0.016666666666666607
0.0003470261189552418,-0.016666666666666607
0.0003470361185552578,-0.033333333333333215
0.0003470461181552738,-0.033333333333333215
0.00034705611775528983,-0.050000000000000266
0.0003470661173553058,-0.050000000000000266
0.0003470761169553218,-0.06666666666666687
0.0003470861165553378,-0.06666666666666687
0.0003470961161553538,-0.06666666666666687
0.00034710611575536983,-0.06666666666666687
0.0003471161153553858,-0.033333333333333215
0.0003471261149554018,-0.016666666666666607
0.0003471361145554178,0.0
0.0003471461141554338,0.016666666666666607
0.0003471561137554498,0.016666666666666607
0.0003471661133554658,0.016666666666666607
0.0003471761129554818,0.0
0.0003471861125554978,-0.033333333333333215
0.0003471961121555138,-0.050000000000000266
0.0003472061117555298,-0.050000000000000266
0.0003472161113555458,-0.033333333333333215
0.0003472261109555618,-0.016666666666666607
0.0003472361105555778,0.016666666666666607
0.0003472461101555938,0.06666666666666643
0.0003472561097556098,0.06666666666666643
0.0003472661093556258,0.10000000000000009
0.0003472761089556418,0.08333333333333348
0.00034728610855565777,0.08333333333333348
0.0003472961081556738,0.06666666666666643
0.0003473061077556898,0.033333333333333215
0.0003473161073557058,0.016666666666666607
0.0003473261069557218,0.016666666666666607
0.00034733610655573777,0.0
0.0003473461061557538,0.0
0.0003473561057557698,0.0
0.0003473661053557858,0.0
0.0003473761049558018,0.0
0.00034738610455581776,0.0
0.0003473961041558338,0.016666666666666607
0.0003474061037558498,0.016666666666666607
0.00034741610335586577,0.016666666666666607
0.0003474261029558818,0.016666666666666607
0.00034743610255589776,0.016666666666666607
0.0003474461021559138,0.016666666666666607
0.0003474561017559298,0.016666666666666607
0.00034746610135594577,0.016666666666666607
0.0003474761009559618,0.016666666666666607
0.00034748610055597776,0.016666666666666607
0.0003474961001559938,0.033333333333333215
0.0003475060997560098,0.033333333333333215
0.00034751609935602576,0.033333333333333215
0.0003475260989560418,0.016666666666666607
0.00034753609855605775,0.016666666666666607
0.0003475460981560738,0.033333333333333215
0.0003475560977560898,0.016666666666666607
0.00034756609735610576,0.016666666666666607
0.0003475760969561218,0.0
0.00034758609655613775,0.0
0.00034759609615615377,0.0
0.0003476060957561698,0.016666666666666607
0.00034761609535618576,0.016666666666666607
0.0003476260949562018,0.04999999999999982
0.00034763609455621774,0.033333333333333215
0.00034764609415623377,0.033333333333333215
0.0003476560937562498,0.016666666666666607
0.00034766609335626575,0.0
0.0003476760929562818,-0.016666666666666607
0.00034768609255629774,-0.016666666666666607
0.00034769609215631376,-0.016666666666666607
0.0003477060917563298,0.0
0.00034771609135634575,0.0
0.00034772609095636177,0.0
0.00034773609055637774,0.0
0.00034774609015639376,0.0
0.0003477560897564098,0.0
0.00034776608935642575,0.016666666666666607
0.00034777608895644177,0.0
0.0003477860885564578,0.0
0.00034779608815647375,0.0
0.0003478060877564898,0.016666666666666607
0.00034781608735650574,0.0
0.00034782608695652176,0.0
0.0003478360865565378,0.0
0.00034784608615655375,0.016666666666666607
0.00034785608575656977,0.016666666666666607
0.00034786608535658574,0.016666666666666607
0.00034787608495660176,0.0
0.0003478860845566178,0.0
0.00034789608415663375,0.0
0.00034790608375664977,0.0
0.00034791608335666573,0.016666666666666607
0.00034792608295668176,0.016666666666666607
0.0003479360825566978,0.016666666666666607
0.00034794608215671374,0.016666666666666607
0.00034795608175672976,0.016666666666666607
0.00034796608135674573,0.016666666666666607
0.00034797608095676175,0.016666666666666607
0.00034798608055677777,0.016666666666666607
0.00034799608015679374,0.016666666666666607
0.00034800607975680976,0.016666666666666607
0.0003480160793568257,0.016666666666666607
0.00034802607895684175,0.016666666666666607
0.00034803607855685777,0.033333333333333215
0.00034804607815687374,0.033333333333333215
0.00034805607775688976,0.016666666666666607
0.0003480660773569057,0.016666666666666607
0.00034807607695692174,0.016666666666666607
0.00034808607655693776,0.033333333333333215
0.00034809607615695373,0.016666666666666607
0.00034810607575696975,0.016666666666666607
0.0003481160753569857,0.016666666666666607
0.00034812607495700174,0.016666666666666607
0.00034813607455701776,0.016666666666666607
0.00034814607415703373,0.033333333333333215
0.00034815607375704975,0.016666666666666607
0.0003481660733570657,0.016666666666666607
0.00034817607295708174,0.0
0.00034818607255709776,0.0
0.0003481960721571137,0.0
0.00034820607175712975,0.0
0.0003482160713571457,-0.016666666666666607
0.00034822607095716173,0.0
0.00034823607055717775,0.0
0.0003482460701571937,0.0
0.00034825606975720974,0.0
0.0003482660693572257,0.0
0.00034827606895724173,0.016666666666666607
0.00034828606855725775,0.016666666666666607
0.0003482960681572737,0.016666666666666607
0.00034830606775728974,0.016666666666666607
0.0003483160673573057,0.0
0.0003483260669573217,0.0
0.00034833606655733775,0.0
0.0003483460661573537,-0.016666666666666607
0.00034835606575736973,-0.016666666666666607
0.0003483660653573857,-0.016666666666666607
0.0003483760649574017,-0.016666666666666607
0.00034838606455741774,0.0
0.0003483960641574337,0.0
0.00034840606375744973,0.0
0.0003484160633574657,0.016666666666666607
0.0003484260629574817,0.016666666666666607
0.00034843606255749774,0.0
0.0003484460621575137,0.0
0.0003484560617575297,-0.016666666666666607
0.0003484660613575457,-0.016666666666666607
0.0003484760609575617,-0.016666666666666607
0.00034848606055757773,-0.016666666666666607
0.0003484960601575937,0.0
0.0003485060597576097,0.0
0.0003485160593576257,0.016666666666666607
0.0003485260589576417,0.033333333333333215
0.00034853605855765773,0.033333333333333215
0.0003485460581576737,0.016666666666666607
0.0003485560577576897,0.033333333333333215
0.0003485660573577057,0.033333333333333215
0.0003485760569577217,0.033333333333333215
0.00034858605655773773,0.033333333333333215
0.0003485960561577537,0.04999999999999982
0.0003486060557577697,0.04999999999999982
0.0003486160553577857,0.033333333333333215
0.0003486260549578017,0.033333333333333215
0.0003486360545578177,0.033333333333333215
0.0003486460541578337,0.033333333333333215
0.0003486560537578497,0.033333333333333215
0.0003486660533578657,0.04999999999999982
0.0003486760529578817,0.04999999999999982
0.0003486860525578977,0.04999999999999982
0.0003486960521579137,0.06666666666666643
0.0003487060517579297,0.04999999999999982
0.00034871605135794573,0.033333333333333215
0.0003487260509579617,0.016666666666666607
0.0003487360505579777,-0.016666666666666607
0.0003487460501579937,-0.016666666666666607
0.0003487560497580097,-0.016666666666666607
0.0003487660493580257,-0.033333333333333215
0.0003487760489580417,-0.016666666666666607
0.0003487860485580577,-0.016666666666666607
0.0003487960481580737,0.0
0.0003488060477580897,0.016666666666666607
0.0003488160473581057,0.016666666666666607
0.0003488260469581217,0.0
0.0003488360465581377,0.016666666666666607
0.0003488460461581537,0.0
0.0003488560457581697,0.0
0.0003488660453581857,0.0
0.0003488760449582017,0.0
0.0003488860445582177,0.0
0.00034889604415823367,0.0
0.0003489060437582497,0.016666666666666607
0.0003489160433582657,0.016666666666666607
0.0003489260429582817,0.016666666666666607
0.0003489360425582977,0.016666666666666607
0.00034894604215831367,0.016666666666666607
0.0003489560417583297,0.0
0.0003489660413583457,0.0
0.0003489760409583617,0.0
0.0003489860405583777,0.0
0.00034899604015839366,0.0
0.0003490060397584097,0.0
0.0003490160393584257,0.016666666666666607
0.00034902603895844167,0.0
0.0003490360385584577,0.0
0.00034904603815847366,0.0
0.0003490560377584897,0.016666666666666607
0.0003490660373585057,0.0
0.00034907603695852167,0.0
0.0003490860365585377,0.016666666666666607
0.00034909603615855366,0.0
0.0003491060357585697,0.0
0.0003491160353585857,-0.016666666666666607
0.00034912603495860166,-0.016666666666666607
0.0003491360345586177,0.0
0.00034914603415863365,0.016666666666666607
0.0003491560337586497,0.04999999999999982
0.0003491660333586657,0.04999999999999982
0.00034917603295868166,0.04999999999999982
0.0003491860325586977,0.04999999999999982
0.00034919603215871365,0.04999999999999982
0.00034920603175872967,0.033333333333333215
0.0003492160313587457,0.016666666666666607
0.00034922603095876166,0.016666666666666607
0.0003492360305587777,0.016666666666666607
0.00034924603015879364,0.016666666666666607
0.00034925602975880967,0.016666666666666607
0.0003492660293588257,0.016666666666666607
0.00034927602895884165,0.016666666666666607
0.0003492860285588577,0.0
0.00034929602815887364,0.0
0.00034930602775888966,0.0
0.0003493160273589057,0.0
0.00034932602695892165,0.0
0.00034933602655893767,0.0
0.00034934602615895364,0.0
0.00034935602575896966,0.0
0.0003493660253589857,-0.016666666666666607
0.00034937602495900165,0.0
0.00034938602455901767,0.0
0.00034939602415903363,0.016666666666666607
0.00034940602375904965,0.016666666666666607
0.0003494160233590657,0.016666666666666607
0.00034942602295908164,0.016666666666666607
0.00034943602255909766,0.0
0.00034944602215911363,0.016666666666666607
0.00034945602175912965,0.016666666666666607
0.00034946602135914567,0.016666666666666607
0.00034947602095916164,0.016666666666666607
0.00034948602055917766,0.016666666666666607
0.0003494960201591936,0.016666666666666607
0.00034950601975920965,0.016666666666666607
0.00034951601935922567,0.0
0.00034952601895924163,0.0
0.00034953601855925766,0.0
0.0003495460181592736,0.016666666666666607
0.00034955601775928964,0.016666666666666607
0.00034956601735930566,0.016666666666666607
0.00034957601695932163,0.016666666666666607
0.00034958601655933765,0.016666666666666607
0.0003495960161593536,0.016666666666666607
0.00034960601575936964,0.016666666666666607
0.00034961601535938566,0.016666666666666607
0.0003496260149594016,0.016666666666666607
0.00034963601455941765,0.016666666666666607
0.00034964601415943367,0.016666666666666607
0.00034965601375944964,0.016666666666666607
0.00034966601335946566,0.016666666666666607
0.0003496760129594816,0.016666666666666607
0.00034968601255949764,0.016666666666666607
0.00034969601215951366,0.016666666666666607
0.00034970601175952963,0.016666666666666607
0.00034971601135954565,0.016666666666666607
0.0003497260109595616,0.016666666666666607
0.00034973601055957764,0.016666666666666607
0.00034974601015959366,0.0
0.00034975600975960963,0.016666666666666607
0.00034976600935962565,0.016666666666666607
0.0003497760089596416,0.0
0.00034978600855965764,0.0
0.00034979600815967366,0.0
0.0003498060077596896,0.0
0.00034981600735970565,0.016666666666666607
0.0003498260069597216,0.0
0.00034983600655973763,0.016666666666666607
0.00034984600615975365,0.016666666666666607
0.0003498560057597696,0.0
0.00034986600535978564,0.0
0.0003498760049598016,0.0
0.00034988600455981763,-0.016666666666666607
0.00034989600415983365,-0.016666666666666607
0.0003499060037598496,-0.016666666666666607
0.00034991600335986564,-0.016666666666666607
0.0003499260029598816,0.0
0.0003499360025598976,-0.016666666666666607
0.00034994600215991365,0.0
0.0003499560017599296,0.0
0.00034996600135994563,0.016666666666666607
0.0003499760009599616,0.016666666666666607
0.0003499860005599776,0.016666666666666607
0.00034999600015999364,0.016666666666666607
0.0003500059997600096,0.033333333333333215
0.00035001599936002563,0.016666666666666607
0.0003500259989600416,0.016666666666666607
0.0003500359985600576,0.016666666666666607
0.00035004599816007364,0.033333333333333215
0.0003500559977600896,0.033333333333333215
0.0003500659973601056,0.033333333333333215
0.0003500759969601216,0.04999999999999982
0.0003500859965601376,0.04999999999999982
0.00035009599616015363,0.033333333333333215
0.0003501059957601696,0.033333333333333215
0.0003501159953601856,0.033333333333333215
0.0003501259949602016,0.033333333333333215
0.0003501359945602176,0.016666666666666607
0.00035014599416023363,0.033333333333333215
0.0003501559937602496,0.016666666666666607
0.0003501659933602656,0.016666666666666607
0.0003501759929602816,0.016666666666666607
0.0003501859925602976,0.0
0.00035019599216031363,0.0
0.0003502059917603296,0.0
0.0003502159913603456,0.0
0.0003502259909603616,0.0
0.0003502359905603776,-0.016666666666666607
0.0003502459901603936,0.0
0.0003502559897604096,0.0
0.0003502659893604256,0.016666666666666607
0.0003502759889604416,0.0
0.0003502859885604576,0.0
0.0003502959881604736,0.016666666666666607
0.0003503059877604896,0.016666666666666607
0.0003503159873605056,0.0
0.0003503259869605216,0.016666666666666607
0.0003503359865605376,0.0
0.0003503459861605536,0.0
0.0003503559857605696,0.016666666666666607
0.0003503659853605856,0.016666666666666607
0.00035037598496060157,0.016666666666666607
0.0003503859845606176,0.016666666666666607
0.0003503959841606336,0.016666666666666607
0.0003504059837606496,0.016666666666666607
0.0003504159833606656,0.016666666666666607
0.00035042598296068157,0.0
0.0003504359825606976,0.0
0.0003504459821607136,0.016666666666666607
0.0003504559817607296,0.016666666666666607
0.0003504659813607456,0.033333333333333215
0.00035047598096076156,0.016666666666666607
0.0003504859805607776,0.016666666666666607
0.0003504959801607936,0.0
0.00035050597976080957,0.016666666666666607
0.0003505159793608256,0.016666666666666607
0.00035052597896084156,0.016666666666666607
0.0003505359785608576,0.016666666666666607
0.0003505459781608736,0.0
0.00035055597776088957,0.016666666666666607
0.0003505659773609056,0.016666666666666607
0.0003505759769609216,0.0
0.0003505859765609376,0.016666666666666607
0.0003505959761609536,0.0
0.00035060597576096956,0.016666666666666607
0.0003506159753609856,0.016666666666666607
0.0003506259749610016,0.016666666666666607
0.00035063597456101757,0.016666666666666607
0.0003506459741610336,0.016666666666666607
0.00035065597376104956,0.016666666666666607
0.0003506659733610656,0.016666666666666607
0.0003506759729610816,0.033333333333333215
0.00035068597256109757,0.016666666666666607
0.0003506959721611136,0.016666666666666607
0.00035070597176112956,0.0
0.0003507159713611456,0.016666666666666607
0.0003507259709611616,0.0
0.00035073597056117756,0.0
0.0003507459701611936,0.016666666666666607
0.00035075596976120955,0.0
0.0003507659693612256,0.0
0.0003507759689612416,0.016666666666666607
0.00035078596856125756,0.016666666666666607
0.0003507959681612736,0.0
0.00035080596776128955,0.016666666666666607
0.00035081596736130557,0.016666666666666607
0.0003508259669613216,0.0
0.00035083596656133756,0.016666666666666607
0.0003508459661613536,0.016666666666666607
0.00035085596576136954,0.016666666666666607
0.00035086596536138557,0.016666666666666607
0.0003508759649614016,0.016666666666666607
0.00035088596456141755,0.016666666666666607
0.0003508959641614336,0.016666666666666607
0.00035090596376144954,0.033333333333333215
0.00035091596336146556,0.0
0.0003509259629614816,0.016666666666666607
0.00035093596256149755,0.016666666666666607
0.00035094596216151357,0.016666666666666607
0.00035095596176152954,0.016666666666666607
0.00035096596136154556,0.016666666666666607
0.0003509759609615616,0.0
0.00035098596056157755,0.016666666666666607
0.00035099596016159357,0.0
0.00035100595976160953,0.016666666666666607
0.00035101595936162555,0.016666666666666607
0.0003510259589616416,0.016666666666666607
0.00035103595856165754,0.016666666666666607
0.00035104595816167356,0.016666666666666607
0.00035105595776168953,0.016666666666666607
0.00035106595736170555,0.016666666666666607
0.00035107595696172157,0.016666666666666607
0.00035108595656173754,0.016666666666666607
0.00035109595616175356,0.0
0.0003511059557617695,0.0
0.00035111595536178555,0.0
0.00035112595496180157,0.0
0.00035113595456181753,0.0
0.00035114595416183356,0.016666666666666607
0.0003511559537618495,0.016666666666666607
0.00035116595336186554,0.016666666666666607
0.00035117595296188156,0.016666666666666607
0.00035118595256189753,0.016666666666666607
0.00035119595216191355,0.0
0.0003512059517619295,0.016666666666666607
0.00035121595136194554,0.016666666666666607
0.00035122595096196156,0.016666666666666607
0.0003512359505619775,0.0
0.00035124595016199355,0.016666666666666607
0.0003512559497620095,0.016666666666666607
0.00035126594936202554,0.016666666666666607
0.00035127594896204156,0.016666666666666607
0.0003512859485620575,0.016666666666666607
0.00035129594816207354,0.016666666666666607
0.0003513059477620895,0.016666666666666607
0.00035131594736210553,0.0
0.00035132594696212155,0.016666666666666607
0.0003513359465621375,0.0
0.00035134594616215354,0.016666666666666607
0.0003513559457621695,0.0
0.00035136594536218553,0.016666666666666607
0.00035137594496220155,0.016666666666666607
0.0003513859445622175,0.033333333333333215
0.00035139594416223354,0.033333333333333215
0.0003514059437622495,0.033333333333333215
0.0003514159433622655,0.033333333333333215
0.00035142594296228155,0.033333333333333215
0.0003514359425622975,0.016666666666666607
0.00035144594216231353,0.016666666666666607
0.0003514559417623295,0.016666666666666607
0.0003514659413623455,0.016666666666666607
0.00035147594096236154,0.016666666666666607
0.0003514859405623775,0.016666666666666607
0.00035149594016239353,0.016666666666666607
0.00035150593976240955,0.016666666666666607
0.0003515159393624255,0.016666666666666607
0.00035152593896244154,0.016666666666666607
0.0003515359385624575,-0.016666666666666607
0.0003515459381624735,0.0
0.00035155593776248955,-0.016666666666666607
0.0003515659373625055,-0.016666666666666607
0.00035157593696252153,0.0
0.0003515859365625375,0.0
0.0003515959361625535,0.0
0.00035160593576256954,0.0
0.0003516159353625855,0.016666666666666607
0.00035162593496260153,0.016666666666666607
0.0003516359345626175,0.016666666666666607
0.0003516459341626335,0.016666666666666607
0.00035165593376264954,0.016666666666666607
0.0003516659333626655,0.0
0.0003516759329626815,0.016666666666666607
0.0003516859325626975,0.016666666666666607
0.0003516959321627135,0.0
0.00035170593176272953,0.016666666666666607
0.0003517159313627455,0.016666666666666607
0.0003517259309627615,0.033333333333333215
0.0003517359305627775,0.016666666666666607
0.0003517459301627935,0.016666666666666607
0.00035175592976280953,0.016666666666666607
0.0003517659293628255,0.016666666666666607
0.0003517759289628415,0.016666666666666607
0.0003517859285628575,0.0
0.0003517959281628735,0.0
0.00035180592776288953,0.0
0.0003518159273629055,0.016666666666666607
0.0003518259269629215,0.016666666666666607
0.0003518359265629375,0.016666666666666607
0.0003518459261629535,0.033333333333333215
0.0003518559257629695,0.016666666666666607
0.0003518659253629855,0.016666666666666607
0.0003518759249630015,0.016666666666666607
0.0003518859245630175,0.0
0.0003518959241630335,0.0
0.0003519059237630495,0.0
0.0003519159233630655,0.016666666666666607
0.0003519259229630815,0.016666666666666607
0.0003519359225630975,0.0
0.0003519459221631135,0.016666666666666607
0.0003519559217631295,0.0
0.0003519659213631455,0.0
0.0003519759209631615,0.0
0.00035198592056317747,0.0
0.0003519959201631935,0.0
0.0003520059197632095,0.016666666666666607
0.0003520159193632255,0.016666666666666607
0.0003520259189632415,0.016666666666666607
0.00035203591856325747,0.016666666666666607
0.0003520459181632735,0.016666666666666607
0.0003520559177632895,0.016666666666666607
0.0003520659173633055,0.0
0.0003520759169633215,0.016666666666666607
0.00035208591656333746,0.016666666666666607
0.0003520959161633535,0.016666666666666607
0.0003521059157633695,0.016666666666666607
0.00035211591536338547,0.016666666666666607
0.0003521259149634015,0.016666666666666607
0.00035213591456341746,0.016666666666666607
0.0003521459141634335,0.016666666666666607
0.0003521559137634495,0.016666666666666607
0.00035216591336346547,0.016666666666666607
0.0003521759129634815,0.016666666666666607
0.00035218591256349746,0.016666666666666607
0.0003521959121635135,0.016666666666666607
0.0003522059117635295,0.016666666666666607
0.00035221591136354546,0.016666666666666607
0.0003522259109635615,0.016666666666666607
0.00035223591056357745,0.0
0.00035224591016359347,0.016666666666666607
0.0003522559097636095,0.016666666666666607
0.00035226590936362546,0.016666666666666607
0.0003522759089636415,0.016666666666666607
0.00035228590856365745,0.016666666666666607
0.00035229590816367347,0.016666666666666607
0.0003523059077636895,0.016666666666666607
0.00035231590736370546,0.016666666666666607
0.0003523259069637215,0.016666666666666607
0.00035233590656373744,0.0
0.00035234590616375346,0.016666666666666607
0.0003523559057637695,0.016666666666666607
0.00035236590536378545,0.016666666666666607
0.0003523759049638015,0.016666666666666607
0.00035238590456381744,0.0
0.00035239590416383346,0.016666666666666607
0.0003524059037638495,0.016666666666666607
0.00035241590336386545,0.016666666666666607
0.00035242590296388147,0.016666666666666607
0.0003524359025638975,0.016666666666666607
0.00035244590216391346,0.016666666666666607
0.0003524559017639295,0.016666666666666607
0.00035246590136394544,0.016666666666666607
0.00035247590096396147,0.016666666666666607
0.0003524859005639775,0.016666666666666607
0.00035249590016399345,0.016666666666666607
0.0003525058997640095,0.016666666666666607
0.00035251589936402544,0.016666666666666607
0.00035252589896404146,0.016666666666666607
0.0003525358985640575,0.016666666666666607
0.00035254589816407345,0.0
0.00035255589776408947,0.016666666666666607
0.00035256589736410544,0.016666666666666607
0.00035257589696412146,0.016666666666666607
0.0003525858965641375,0.0
0.00035259589616415345,0.016666666666666607
0.00035260589576416947,0.016666666666666607
0.00035261589536418543,0.0
0.00035262589496420145,0.016666666666666607
0.0003526358945642175,0.016666666666666607
0.00035264589416423344,0.016666666666666607
0.00035265589376424946,0.016666666666666607
0.00035266589336426543,0.016666666666666607
0.00035267589296428145,0.016666666666666607
0.00035268589256429747,0.0
0.00035269589216431344,0.016666666666666607
0.00035270589176432946,0.016666666666666607
0.0003527158913643454,0.016666666666666607
0.00035272589096436145,0.016666666666666607
0.00035273589056437747,0.016666666666666607
0.00035274589016439343,0.016666666666666607
0.00035275588976440946,0.016666666666666607
0.0003527658893644254,0.016666666666666607
0.00035277588896444144,0.0
0.00035278588856445746,0.016666666666666607
0.00035279588816447343,0.016666666666666607
0.00035280588776448945,0.016666666666666607
0.0003528158873645054,0.0
0.00035282588696452144,0.016666666666666607
0.00035283588656453746,0.0
0.0003528458861645534,0.0
0.00035285588576456945,0.016666666666666607
0.0003528658853645854,0.016666666666666607
0.00035287588496460144,0.016666666666666607
0.00035288588456461746,0.016666666666666607
0.0003528958841646334,0.016666666666666607
0.00035290588376464944,0.016666666666666607
0.0003529158833646654,0.016666666666666607
0.00035292588296468143,0.016666666666666607
0.00035293588256469745,0.033333333333333215
0.0003529458821647134,0.016666666666666607
0.00035295588176472944,0.0
0.0003529658813647454,0.016666666666666607
0.00035297588096476143,0.0
0.00035298588056477745,0.0
0.0003529958801647934,0.016666666666666607
0.00035300587976480944,0.016666666666666607
0.0003530158793648254,0.0
0.0003530258789648414,0.0
0.00035303587856485745,0.016666666666666607
0.0003530458781648734,0.0
0.00035305587776488943,0.0
0.0003530658773649054,0.0
0.0003530758769649214,0.016666666666666607
0.00035308587656493744,0.016666666666666607
0.0003530958761649534,0.0
0.00035310587576496943,0.0
0.0003531158753649854,0.0
0.0003531258749650014,0.016666666666666607
0.00035313587456501744,0.016666666666666607
0.0003531458741650334,0.016666666666666607
0.0003531558737650494,0.033333333333333215
0.0003531658733650654,0.016666666666666607
0.0003531758729650814,0.033333333333333215
0.00035318587256509743,0.033333333333333215
0.0003531958721651134,0.016666666666666607
0.0003532058717651294,0.016666666666666607
0.0003532158713651454,0.016666666666666607
0.0003532258709651614,0.0
0.00035323587056517743,0.016666666666666607
0.0003532458701651934,0.016666666666666607
0.0003532558697652094,0.0
0.0003532658693652254,0.0
0.0003532758689652414,0.016666666666666607
0.0003532858685652574,0.016666666666666607
0.0003532958681652734,0.016666666666666607
0.0003533058677652894,0.016666666666666607
0.0003533158673653054,0.0
0.0003533258669653214,0.0
0.0003533358665653374,0.0
0.0003533458661653534,0.0
0.0003533558657653694,0.0
0.00035336586536538543,0.0
0.0003533758649654014,0.0
0.0003533858645654174,0.016666666666666607
0.0003533958641654334,0.016666666666666607
0.0003534058637654494,0.016666666666666607
0.00035341586336546543,0.016666666666666607
0.0003534258629654814,0.016666666666666607
0.0003534358625654974,0.016666666666666607
0.0003534458621655134,0.016666666666666607
0.0003534558617655294,0.033333333333333215
0.0003534658613655454,0.016666666666666607
0.0003534758609655614,0.016666666666666607
0.0003534858605655774,0.016666666666666607
0.0003534958601655934,0.016666666666666607
0.0003535058597656094,0.0
0.0003535158593656254,0.0
0.0003535258589656414,0.016666666666666607
0.0003535358585656574,0.016666666666666607
0.0003535458581656734,0.016666666666666607
0.0003535558577656894,0.016666666666666607
0.0003535658573657054,0.0
0.0003535758569657214,0.0
0.0003535858565657374,0.016666666666666607
0.00035359585616575337,0.016666666666666607
0.0003536058557657694,0.016666666666666607
0.0003536158553657854,0.016666666666666607
0.0003536258549658014,0.016666666666666607
0.0003536358545658174,0.016666666666666607
0.00035364585416583337,0.016666666666666607
0.0003536558537658494,0.016666666666666607
0.0003536658533658654,0.016666666666666607
0.0003536758529658814,0.016666666666666607
0.0003536858525658974,0.016666666666666607
0.00035369585216591336,0.016666666666666607
0.0003537058517659294,0.0
0.0003537158513659454,0.0
0.00035372585096596137,0.016666666666666607
0.0003537358505659774,0.0
0.00035374585016599336,0.016666666666666607
0.0003537558497660094,0.016666666666666607
0.0003537658493660254,0.016666666666666607
0.00035377584896604137,0.0
0.0003537858485660574,0.016666666666666607
0.00035379584816607336,0.0
0.0003538058477660894,0.016666666666666607
0.0003538158473661054,0.016666666666666607
0.00035382584696612136,0.016666666666666607
0.0003538358465661374,0.016666666666666607
0.00035384584616615335,0.016666666666666607
0.00035385584576616937,0.016666666666666607
0.0003538658453661854,0.016666666666666607
0.00035387584496620136,0.016666666666666607
0.0003538858445662174,0.016666666666666607
0.00035389584416623335,0.016666666666666607
0.00035390584376624937,0.016666666666666607
0.0003539158433662654,0.016666666666666607
0.00035392584296628136,0.016666666666666607
0.0003539358425662974,0.016666666666666607
0.00035394584216631334,0.016666666666666607
0.00035395584176632936,0.0
0.0003539658413663454,0.016666666666666607
0.00035397584096636135,0.016666666666666607
0.0003539858405663774,0.016666666666666607
0.00035399584016639334,0.016666666666666607
0.00035400583976640936,0.0
0.0003540158393664254,0.0
0.00035402583896644135,0.016666666666666607
0.00035403583856645737,0.016666666666666607
0.00035404583816647334,0.016666666666666607
0.00035405583776648936,0.016666666666666607
0.0003540658373665054,0.016666666666666607
0.00035407583696652134,0.0
0.00035408583656653737,0.0
0.00035409583616655333,0.0
0.00035410583576656935,0.016666666666666607
0.0003541158353665854,0.016666666666666607
0.00035412583496660134,0.016666666666666607
0.00035413583456661736,0.016666666666666607
0.00035414583416663333,0.016666666666666607
0.00035415583376664935,0.016666666666666607
0.00035416583336666537,0.016666666666666607
0.00035417583296668134,0.016666666666666607
0.00035418583256669736,0.016666666666666607
0.0003541958321667133,0.016666666666666607
0.00035420583176672935,0.016666666666666607
0.00035421583136674537,0.0
0.00035422583096676133,0.016666666666666607
0.00035423583056677735,0.0
0.0003542458301667933,0.016666666666666607
0.00035425582976680934,0.0
0.00035426582936682536,0.0
0.00035427582896684133,0.016666666666666607
0.00035428582856685735,0.016666666666666607
0.00035429582816687337,0.0
0.00035430582776688934,0.016666666666666607
0.00035431582736690536,0.0
0.0003543258269669213,0.016666666666666607
0.00035433582656693735,0.016666666666666607
0.00035434582616695337,0.016666666666666607
0.00035435582576696933,0.016666666666666607
0.00035436582536698536,0.016666666666666607
0.0003543758249670013,0.016666666666666607
0.00035438582456701734,0.0
0.00035439582416703336,0.016666666666666607
0.00035440582376704933,0.016666666666666607
0.00035441582336706535,0.0
0.0003544258229670813,0.016666666666666607
0.00035443582256709734,0.0
0.00035444582216711336,0.0
0.0003544558217671293,0.016666666666666607
0.00035446582136714535,0.016666666666666607
0.0003544758209671613,0.016666666666666607
0.00035448582056717734,0.016666666666666607
0.00035449582016719336,0.016666666666666607
0.0003545058197672093,0.016666666666666607
0.00035451581936722534,0.016666666666666607
0.0003545258189672413,0.016666666666666607
0.00035453581856725733,0.016666666666666607
0.00035454581816727335,0.016666666666666607
0.0003545558177672893,0.016666666666666607
0.00035456581736730534,0.016666666666666607
0.0003545758169673213,0.016666666666666607
0.00035458581656733733,0.016666666666666607
0.00035459581616735335,0.016666666666666607
0.0003546058157673693,0.016666666666666607
0.00035461581536738534,0.0
0.0003546258149674013,0.0
0.0003546358145674173,0.016666666666666607
0.00035464581416743335,0.016666666666666607
0.0003546558137674493,0.0
0.00035466581336746533,0.016666666666666607
0.0003546758129674813,0.016666666666666607
0.0003546858125674973,0.016666666666666607
0.00035469581216751334,0.016666666666666607
0.0003547058117675293,0.016666666666666607
0.00035471581136754533,0.016666666666666607
0.0003547258109675613,0.016666666666666607
0.0003547358105675773,0.0
0.00035474581016759334,0.016666666666666607
0.0003547558097676093,0.016666666666666607
0.0003547658093676253,0.0
0.0003547758089676413,0.016666666666666607
0.0003547858085676573,0.016666666666666607
0.00035479580816767333,0.016666666666666607
0.0003548058077676893,0.016666666666666607
0.0003548158073677053,0.0
0.0003548258069677213,0.016666666666666607
0.0003548358065677373,0.0
0.00035484580616775333,0.016666666666666607
0.0003548558057677693,0.016666666666666607
0.0003548658053677853,0.016666666666666607
0.0003548758049678013,0.016666666666666607
0.0003548858045678173,0.016666666666666607
0.0003548958041678333,0.016666666666666607
0.0003549058037678493,0.016666666666666607
0.0003549158033678653,0.016666666666666607
0.0003549258029678813,0.016666666666666607
0.0003549358025678973,0.016666666666666607
0.0003549458021679133,0.016666666666666607
0.0003549558017679293,0.016666666666666607
0.0003549658013679453,0.016666666666666607
0.0003549758009679613,0.016666666666666607
0.0003549858005679773,0.016666666666666607
0.0003549958001679933,0.016666666666666607
0.0003550057997680093,0.016666666666666607
0.0003550157993680253,0.016666666666666607
0.0003550257989680413,0.016666666666666607
0.0003550357985680573,0.016666666666666607
0.0003550457981680733,0.0
0.0003550557977680893,0.016666666666666607
0.0003550657973681053,0.016666666666666607
0.00035507579696812127,0.0
0.0003550857965681373,0.016666666666666607
0.0003550957961681533,0.0
0.0003551057957681693,0.016666666666666607
0.0003551157953681853,0.0
0.00035512579496820127,0.0
0.0003551357945682173,0.0
0.0003551457941682333,0.016666666666666607
0.0003551557937682493,0.016666666666666607
0.0003551657933682653,0.016666666666666607
0.00035517579296828126,0.016666666666666607
0.0003551857925682973,0.016666666666666607
0.0003551957921683133,0.016666666666666607
0.00035520579176832927,0.016666666666666607
0.0003552157913683453,0.016666666666666607
0.0003552257909683613,0.016666666666666607
0.0003552357905683773,0.016666666666666607
0.0003552457901683933,0.016666666666666607
0.00035525578976840927,0.016666666666666607
0.0003552657893684253,0.016666666666666607
0.0003552757889684413,0.0
0.0003552857885684573,0.016666666666666607
0.0003552957881684733,0.016666666666666607
0.00035530578776848926,0.016666666666666607
0.0003553157873685053,0.016666666666666607
0.0003553257869685213,0.016666666666666607
0.00035533578656853727,0.016666666666666607
0.0003553457861685533,0.0
0.00035535578576856926,0.016666666666666607
0.0003553657853685853,0.0
0.0003553757849686013,0.016666666666666607
0.00035538578456861727,0.016666666666666607
0.0003553957841686333,0.016666666666666607
0.00035540578376864926,0.016666666666666607
0.0003554157833686653,0.016666666666666607
0.0003554257829686813,0.0
0.00035543578256869726,0.016666666666666607
0.0003554457821687133,0.016666666666666607
0.00035545578176872925,0.016666666666666607
0.00035546578136874527,0.016666666666666607
0.0003554757809687613,0.0
0.00035548578056877726,0.0
0.0003554957801687933,0.016666666666666607
0.00035550577976880925,0.016666666666666607
0.00035551577936882527,0.0
0.0003555257789688413,0.016666666666666607
0.00035553577856885726,0.0
0.0003555457781688733,0.0
0.00035555577776888924,0.0
0.00035556577736890526,0.016666666666666607
0.0003555757769689213,0.016666666666666607
0.00035558577656893725,0.016666666666666607
0.0003555957761689533,0.016666666666666607
0.00035560577576896924,0.016666666666666607
0.00035561577536898526,0.0
0.0003556257749690013,0.016666666666666607
0.00035563577456901725,0.0
0.00035564577416903327,0.016666666666666607
0.00035565577376904924,0.016666666666666607
0.00035566577336906526,0.016666666666666607
0.0003556757729690813,0.0
0.00035568577256909724,0.016666666666666607
0.00035569577216911327,0.016666666666666607
0.00035570577176912923,0.0
0.00035571577136914525,0.016666666666666607
0.0003557257709691613,0.016666666666666607
0.00035573577056917724,0.016666666666666607
0.00035574577016919326,0.0
0.00035575576976920923,0.016666666666666607
0.00035576576936922525,0.016666666666666607
0.00035577576896924127,0.016666666666666607
0.00035578576856925724,0.0
0.00035579576816927326,0.0
0.0003558057677692892,0.016666666666666607
0.00035581576736930525,0.016666666666666607
0.00035582576696932127,0.016666666666666607
0.00035583576656933723,0.016666666666666607
0.00035584576616935325,0.016666666666666607
0.0003558557657693692,0.016666666666666607
0.00035586576536938524,0.0
0.00035587576496940126,0.016666666666666607
0.00035588576456941723,0.0
0.00035589576416943325,0.016666666666666607
0.0003559057637694492,0.016666666666666607
0.00035591576336946524,0.016666666666666607
0.00035592576296948126,0.016666666666666607
0.0003559357625694972,0.016666666666666607
0.00035594576216951325,0.016666666666666607
0.0003559557617695292,0.016666666666666607
0.00035596576136954523,0.0
0.00035597576096956126,0.016666666666666607
0.0003559857605695772,0.0
0.00035599576016959324,0.0
0.0003560057597696092,0.0
0.00035601575936962523,0.016666666666666607
0.00035602575896964125,0.016666666666666607
0.0003560357585696572,0.016666666666666607
0.00035604575816967324,0.016666666666666607
0.0003560557577696892,0.016666666666666607
0.0003560657573697052,0.0
0.00035607575696972125,0.0
0.0003560857565697372,0.016666666666666607
0.00035609575616975324,0.016666666666666607
0.0003561057557697692,0.016666666666666607
0.0003561157553697852,0.016666666666666607
0.00035612575496980124,0.016666666666666607
0.0003561357545698172,0.016666666666666607
0.00035614575416983323,0.0
0.00035615575376984925,0.0
0.0003561657533698652,0.016666666666666607
0.00035617575296988124,0.016666666666666607
0.0003561857525698972,0.0
0.00035619575216991323,0.016666666666666607
0.00035620575176992925,0.016666666666666607
0.0003562157513699452,0.0
0.00035622575096996124,0.016666666666666607
0.0003562357505699772,0.016666666666666607
0.0003562457501699932,0.016666666666666607
0.00035625574977000925,0.016666666666666607
0.0003562657493700252,0.016666666666666607
0.00035627574897004123,0.016666666666666607
0.0003562857485700572,0.016666666666666607
0.0003562957481700732,0.016666666666666607
0.00035630574777008924,0.016666666666666607
0.0003563157473701052,0.016666666666666607
0.00035632574697012123,0.016666666666666607
0.0003563357465701372,0.016666666666666607
0.0003563457461701532,0.016666666666666607
0.00035635574577016924,0.0
0.0003563657453701852,0.0
0.0003563757449702012,0.016666666666666607
0.0003563857445702172,0.016666666666666607
0.0003563957441702332,0.016666666666666607
0.00035640574377024923,0.016666666666666607
0.0003564157433702652,0.016666666666666607
0.0003564257429702812,0.0
0.0003564357425702972,0.016666666666666607
0.0003564457421703132,0.016666666666666607
0.00035645574177032923,0.016666666666666607
0.0003564657413703452,0.016666666666666607
0.0003564757409703612,0.016666666666666607
0.0003564857405703772,0.016666666666666607
0.0003564957401703932,0.016666666666666607
0.0003565057397704092,0.016666666666666607
0.0003565157393704252,0.0
0.0003565257389704412,0.0
0.0003565357385704572,0.0
0.0003565457381704732,0.0
0.0003565557377704892,0.016666666666666607
0.0003565657373705052,0.033333333333333215
0.0003565757369705212,0.016666666666666607
0.0003565857365705372,0.016666666666666607
0.0003565957361705532,0.0
0.0003566057357705692,0.0
0.0003566157353705852,0.0
0.0003566257349706012,0.016666666666666607
0.0003566357345706172,0.033333333333333215
0.0003566457341706332,0.016666666666666607
0.0003566557337706492,0.0
0.0003566657333706652,0.0
0.0003566757329706812,0.0
0.00035668573257069717,0.0
0.0003566957321707132,0.016666666666666607
0.0003567057317707292,0.016666666666666607
0.0003567157313707452,0.016666666666666607
0.0003567257309707612,0.0
0.00035673573057077717,0.0
0.0003567457301707932,0.016666666666666607
0.0003567557297708092,0.016666666666666607
0.0003567657293708252,0.016666666666666607
0.0003567757289708412,0.033333333333333215
0.00035678572857085716,0.033333333333333215
0.0003567957281708732,0.0
0.0003568057277708892,0.0
0.00035681572737090517,0.016666666666666607
0.0003568257269709212,0.016666666666666607
0.00035683572657093716,0.0
0.0003568457261709532,0.016666666666666607
0.0003568557257709692,0.0
0.00035686572537098517,0.016666666666666607
0.0003568757249710012,0.0
0.00035688572457101715,0.016666666666666607
0.0003568957241710332,0.016666666666666607
0.0003569057237710492,0.0
0.00035691572337106516,0.0
0.0003569257229710812,0.016666666666666607
0.00035693572257109715,0.0
0.00035694572217111317,0.0
0.0003569557217711292,0.016666666666666607
0.00035696572137114516,0.016666666666666607
0.0003569757209711612,0.016666666666666607
0.00035698572057117715,0.016666666666666607
0.00035699572017119317,0.016666666666666607
0.0003570057197712092,0.016666666666666607
0.00035701571937122516,0.016666666666666607
0.0003570257189712412,0.016666666666666607
0.00035703571857125714,0.016666666666666607
0.00035704571817127316,0.016666666666666607
0.0003570557177712892,0.0
0.00035706571737130515,0.016666666666666607
0.00035707571697132117,0.016666666666666607
0.0003570857165713372,0.0
0.00035709571617135316,0.0
0.0003571057157713692,0.016666666666666607
0.00035711571537138515,0.0
0.00035712571497140117,0.0
0.0003571357145714172,0.016666666666666607
0.00035714571417143316,0.016666666666666607
0.0003571557137714492,0.016666666666666607
0.00035716571337146514,0.016666666666666607
0.00035717571297148116,0.016666666666666607
0.0003571857125714972,0.016666666666666607
0.00035719571217151315,0.016666666666666607
0.0003572057117715292,0.016666666666666607
0.00035721571137154514,0.016666666666666607
0.00035722571097156116,0.016666666666666607
0.0003572357105715772,0.0
0.00035724571017159315,0.016666666666666607
0.00035725570977160917,0.016666666666666607
0.00035726570937162514,0.016666666666666607
0.00035727570897164116,0.016666666666666607
0.0003572857085716572,0.016666666666666607
0.00035729570817167314,0.016666666666666607
0.00035730570777168917,0.016666666666666607
0.00035731570737170513,0.016666666666666607
0.00035732570697172115,0.0
0.0003573357065717372,0.0
0.00035734570617175314,0.0
0.00035735570577176916,0.016666666666666607
0.00035736570537178513,0.016666666666666607
0.00035737570497180115,0.0
0.00035738570457181717,0.0
0.00035739570417183314,0.016666666666666607
0.00035740570377184916,0.0
0.0003574157033718651,0.0
0.00035742570297188115,0.016666666666666607
0.00035743570257189717,0.0
0.00035744570217191313,0.016666666666666607
0.00035745570177192915,0.016666666666666607
0.0003574657013719451,0.016666666666666607
0.00035747570097196114,0.016666666666666607
0.00035748570057197716,0.016666666666666607
0.00035749570017199313,0.016666666666666607
0.00035750569977200915,0.016666666666666607
0.0003575156993720251,0.016666666666666607
0.00035752569897204114,0.016666666666666607
0.00035753569857205716,0.016666666666666607
0.0003575456981720731,0.016666666666666607
0.00035755569777208915,0.016666666666666607
0.0003575656973721051,0.016666666666666607
0.00035757569697212113,0.016666666666666607
0.00035758569657213716,0.016666666666666607
0.0003575956961721531,0.016666666666666607
0.00035760569577216914,0.016666666666666607
0.0003576156953721851,0.0
0.00035762569497220113,0.0
0.00035763569457221715,0.0
0.0003576456941722331,0.016666666666666607
0.00035765569377224914,0.016666666666666607
0.0003576656933722651,0.016666666666666607
0.0003576756929722811,0.016666666666666607
0.00035768569257229715,0.0
0.0003576956921723131,0.016666666666666607
0.00035770569177232914,0.016666666666666607
0.0003577156913723451,0.016666666666666607
0.0003577256909723611,0.016666666666666607
0.00035773569057237714,0.016666666666666607
0.0003577456901723931,0.016666666666666607
0.00035775568977240913,0.016666666666666607
0.0003577656893724251,0.016666666666666607
0.0003577756889724411,0.016666666666666607
0.00035778568857245714,0.0
0.0003577956881724731,0.016666666666666607
0.00035780568777248913,0.0
0.0003578156873725051,0.016666666666666607
0.0003578256869725211,0.016666666666666607
0.00035783568657253714,0.016666666666666607
0.0003578456861725531,0.016666666666666607
0.0003578556857725691,0.016666666666666607
0.0003578656853725851,0.016666666666666607
0.0003578756849726011,0.016666666666666607
0.00035788568457261713,0.016666666666666607
0.0003578956841726331,0.0
0.0003579056837726491,0.0
0.0003579156833726651,0.0
0.0003579256829726811,0.016666666666666607
0.00035793568257269713,0.016666666666666607
0.0003579456821727131,0.016666666666666607
0.0003579556817727291,0.0
0.0003579656813727451,0.033333333333333215
0.0003579756809727611,0.016666666666666607
0.0003579856805727771,0.016666666666666607
0.0003579956801727931,0.016666666666666607
0.0003580056797728091,0.016666666666666607
0.00035801567937282513,0.0
0.0003580256789728411,0.016666666666666607
0.0003580356785728571,0.016666666666666607
0.0003580456781728731,0.016666666666666607
0.0003580556777728891,0.016666666666666607
0.00035806567737290513,0.0
0.0003580756769729211,0.0
0.0003580856765729371,0.0
0.0003580956761729531,0.0
0.0003581056757729691,0.016666666666666607
0.0003581156753729851,0.016666666666666607
0.0003581256749730011,0.016666666666666607
0.0003581356745730171,0.0
0.0003581456741730331,0.016666666666666607
0.0003581556737730491,0.016666666666666607
0.0003581656733730651,0.016666666666666607
0.0003581756729730811,0.016666666666666607
0.0003581856725730971,0.016666666666666607
0.0003581956721731131,0.016666666666666607
0.0003582056717731291,0.016666666666666607
0.0003582156713731451,0.016666666666666607
0.0003582256709731611,0.0
0.0003582356705731771,0.016666666666666607
0.0003582456701731931,0.016666666666666607
0.0003582556697732091,0.0
0.0003582656693732251,0.016666666666666607
0.0003582756689732411,0.016666666666666607
0.0003582856685732571,0.016666666666666607
0.00035829566817327307,0.016666666666666607
0.0003583056677732891,0.016666666666666607
0.0003583156673733051,0.016666666666666607
0.0003583256669733211,0.0
0.0003583356665733371,0.016666666666666607
0.00035834566617335307,0.016666666666666607
0.0003583556657733691,0.016666666666666607
0.0003583656653733851,0.016666666666666607
0.0003583756649734011,0.016666666666666607
0.0003583856645734171,0.016666666666666607
0.00035839566417343306,0.0
0.0003584056637734491,0.016666666666666607
0.0003584156633734651,0.016666666666666607
0.00035842566297348107,0.016666666666666607
0.0003584356625734971,0.016666666666666607
0.00035844566217351306,0.016666666666666607
0.0003584556617735291,0.016666666666666607
0.0003584656613735451,0.016666666666666607
0.00035847566097356107,0.016666666666666607
0.0003584856605735771,0.016666666666666607
0.00035849566017359305,0.016666666666666607
0.0003585056597736091,0.016666666666666607
0.0003585156593736251,0.016666666666666607
0.00035852565897364106,0.016666666666666607
0.0003585356585736571,0.016666666666666607
0.00035854565817367305,0.016666666666666607
0.00035855565777368907,0.016666666666666607
0.0003585656573737051,0.016666666666666607
0.00035857565697372106,0.016666666666666607
0.0003585856565737371,0.016666666666666607
0.00035859565617375305,0.0
0.00035860565577376907,0.0
0.0003586156553737851,0.016666666666666607
0.00035862565497380106,0.0
0.0003586356545738171,0.016666666666666607
0.00035864565417383304,0.016666666666666607
0.00035865565377384906,0.016666666666666607
0.0003586656533738651,0.016666666666666607
0.00035867565297388105,0.016666666666666607
0.00035868565257389707,0.016666666666666607
0.00035869565217391304,0.0
0.00035870565177392906,0.016666666666666607
0.0003587156513739451,0.016666666666666607
0.00035872565097396105,0.0
0.00035873565057397707,0.0
0.00035874565017399304,0.016666666666666607
0.00035875564977400906,0.0
0.0003587656493740251,0.016666666666666607
0.00035877564897404104,0.0
0.00035878564857405706,0.016666666666666607
0.00035879564817407303,0.016666666666666607
0.00035880564777408905,0.016666666666666607
0.0003588156473741051,0.016666666666666607
0.00035882564697412104,0.016666666666666607
0.00035883564657413706,0.016666666666666607
0.00035884564617415303,0.016666666666666607
0.00035885564577416905,0.016666666666666607
0.00035886564537418507,0.0
0.00035887564497420104,0.016666666666666607
0.00035888564457421706,0.0
0.000358895644174233,0.016666666666666607
0.00035890564377424904,0.016666666666666607
0.00035891564337426507,0.016666666666666607
0.00035892564297428103,0.016666666666666607
0.00035893564257429705,0.016666666666666607
0.0003589456421743131,0.016666666666666607
0.00035895564177432904,0.016666666666666607
0.00035896564137434506,0.016666666666666607
0.00035897564097436103,0.016666666666666607
0.00035898564057437705,0.0
0.00035899564017439307,0.016666666666666607
0.00035900563977440904,0.016666666666666607
0.00035901563937442506,0.0
0.000359025638974441,0.016666666666666607
0.00035903563857445705,0.0
0.00035904563817447307,0.0
0.00035905563777448903,0.016666666666666607
0.00035906563737450505,0.0
0.000359075636974521,0.016666666666666607
0.00035908563657453704,0.0
0.00035909563617455306,0.016666666666666607
0.00035910563577456903,0.016666666666666607
0.00035911563537458505,0.016666666666666607
0.000359125634974601,0.016666666666666607
0.00035913563457461704,0.0
0.00035914563417463306,0.016666666666666607
0.000359155633774649,0.016666666666666607
0.00035916563337466505,0.0
0.000359175632974681,0.0
0.00035918563257469703,0.0
0.00035919563217471306,0.0
0.000359205631774729,0.016666666666666607
0.00035921563137474504,0.016666666666666607
0.000359225630974761,0.016666666666666607
0.00035923563057477703,0.016666666666666607
0.00035924563017479305,0.016666666666666607
0.000359255629774809,0.0
0.00035926562937482504,0.016666666666666607
0.000359275628974841,0.016666666666666607
0.00035928562857485703,0.016666666666666607
0.00035929562817487305,0.0
0.000359305627774889,0.016666666666666607
0.00035931562737490504,0.016666666666666607
0.000359325626974921,0.016666666666666607
0.000359335626574937,0.016666666666666607
0.00035934562617495304,0.016666666666666607
0.000359355625774969,0.016666666666666607
0.00035936562537498503,0.016666666666666607
0.000359375624975001,0.016666666666666607
0.000359385624575017,0.016666666666666607
0.00035939562417503304,0.0
0.000359405623775049,0.016666666666666607
0.00035941562337506503,0.0
0.000359425622975081,0.016666666666666607
0.000359435622575097,0.016666666666666607
0.00035944562217511304,0.016666666666666607
0.000359455621775129,0.0
0.000359465621375145,0.0
0.000359475620975161,0.0
0.000359485620575177,0.016666666666666607
0.00035949562017519303,0.016666666666666607
0.000359505619775209,0.016666666666666607
0.000359515619375225,0.033333333333333215
0.000359525618975241,0.016666666666666607
0.000359535618575257,0.016666666666666607
0.00035954561817527303,0.016666666666666607
0.000359555617775289,0.0
0.000359565617375305,0.016666666666666607
0.000359575616975321,0.0
0.000359585616575337,0.0
0.000359595616175353,0.0
0.000359605615775369,0.016666666666666607
0.000359615615375385,0.0
0.000359625614975401,0.0
0.000359635614575417,0.0
0.000359645614175433,0.016666666666666607
0.000359655613775449,0.016666666666666607
0.000359665613375465,0.016666666666666607
0.000359675612975481,0.016666666666666607
0.000359685612575497,0.016666666666666607
0.000359695612175513,0.016666666666666607
0.000359705611775529,0.016666666666666607
0.000359715611375545,0.0
0.00035972561097556097,0.016666666666666607
0.000359735610575577,0.016666666666666607
0.000359745610175593,0.0
0.000359755609775609,0.016666666666666607
0.000359765609375625,0.0
0.00035977560897564097,0.0
0.000359785608575657,0.016666666666666607
0.000359795608175673,0.0
0.000359805607775689,0.016666666666666607
0.000359815607375705,0.016666666666666607
0.00035982560697572096,0.016666666666666607
0.000359835606575737,0.016666666666666607
0.000359845606175753,0.016666666666666607
0.000359855605775769,0.016666666666666607
0.000359865605375785,0.016666666666666607
0.000359875604975801,0.016666666666666607
0.000359885604575817,0.016666666666666607
0.000359895604175833,0.0
0.00035990560377584897,0.016666666666666607
0.000359915603375865,0.016666666666666607
0.000359925602975881,0.016666666666666607
0.000359935602575897,0.0
0.000359945602175913,0.016666666666666607
0.00035995560177592897,0.016666666666666607
0.000359965601375945,0.016666666666666607
0.000359975600975961,0.0
0.000359985600575977,0.016666666666666607
0.000359995600175993,0.016666666666666607
0.00036000559977600896,0.016666666666666607
0.000360015599376025,0.016666666666666607
0.000360025598976041,0.016666666666666607
0.00036003559857605697,0.016666666666666607
0.000360045598176073,0.016666666666666607
0.00036005559777608896,0.0
0.000360065597376105,0.016666666666666607
0.000360075596976121,0.016666666666666607
0.00036008559657613697,0.016666666666666607
0.000360095596176153,0.016666666666666607
0.00036010559577616895,0.016666666666666607
0.000360115595376185,0.016666666666666607
0.000360125594976201,0.016666666666666607
0.00036013559457621696,0.016666666666666607
0.000360145594176233,0.016666666666666607
0.00036015559377624895,0.016666666666666607
0.00036016559337626497,0.016666666666666607
0.000360175592976281,0.016666666666666607
0.00036018559257629696,0.016666666666666607
0.000360195592176313,0.0
0.00036020559177632895,0.016666666666666607
0.00036021559137634497,0.0
0.000360225590976361,0.016666666666666607
0.00036023559057637696,0.016666666666666607
0.000360245590176393,0.016666666666666607
0.00036025558977640894,0.016666666666666607
0.00036026558937642496,0.0
0.000360275588976441,0.0
0.00036028558857645695,0.016666666666666607
0.00036029558817647297,0.016666666666666607
0.00036030558777648894,0.0
0.00036031558737650496,0.016666666666666607
0.000360325586976521,0.016666666666666607
0.00036033558657653695,0.016666666666666607
0.00036034558617655297,0.016666666666666607
0.00036035558577656894,0.016666666666666607
0.00036036558537658496,0.016666666666666607
0.000360375584976601,0.016666666666666607
0.00036038558457661694,0.016666666666666607
0.00036039558417663296,0.016666666666666607
0.00036040558377664893,0.0
0.00036041558337666495,0.0
0.000360425582976681,0.016666666666666607
0.00036043558257669694,0.016666666666666607
0.00036044558217671296,0.0
0.00036045558177672893,0.0
0.00036046558137674495,0.016666666666666607
0.00036047558097676097,0.0
0.00036048558057677694,0.0
0.00036049558017679296,0.016666666666666607
0.0003605055797768089,0.016666666666666607
0.00036051557937682495,0.016666666666666607
0.00036052557897684097,0.016666666666666607
0.00036053557857685693,0.016666666666666607
0.00036054557817687295,0.016666666666666607
0.0003605555777768889,0.016666666666666607
0.00036056557737690494,0.0
0.00036057557697692096,0.016666666666666607
0.00036058557657693693,0.016666666666666607
0.00036059557617695295,0.0
0.0003606055757769689,0.0
0.00036061557537698494,0.016666666666666607
0.00036062557497700096,0.0
0.0003606355745770169,0.016666666666666607
0.00036064557417703295,0.016666666666666607
0.0003606555737770489,0.016666666666666607
0.00036066557337706493,0.0
0.00036067557297708095,0.016666666666666607
0.0003606855725770969,0.0
0.00036069557217711294,0.0
0.0003607055717771289,0.0
0.00036071557137714493,0.016666666666666607
0.00036072557097716095,0.016666666666666607
0.0003607355705771769,0.016666666666666607
0.00036074557017719294,0.016666666666666607
0.0003607555697772089,0.0
0.0003607655693772249,0.016666666666666607
0.00036077556897724095,0.016666666666666607
0.0003607855685772569,0.0
0.00036079556817727293,0.0
0.0003608055677772889,0.016666666666666607
0.0003608155673773049,0.016666666666666607
0.00036082556697732094,0.0
0.0003608355665773369,0.016666666666666607
0.00036084556617735293,0.016666666666666607
0.00036085556577736895,0.0
0.0003608655653773849,0.016666666666666607
0.00036087556497740094,0.016666666666666607
0.0003608855645774169,0.016666666666666607
0.00036089556417743293,0.016666666666666607
0.00036090556377744895,0.0
0.0003609155633774649,0.0
0.00036092556297748094,0.016666666666666607
0.0003609355625774969,0.016666666666666607
0.0003609455621775129,0.016666666666666607
0.00036095556177752894,0.016666666666666607
0.0003609655613775449,0.016666666666666607
0.00036097556097756093,0.016666666666666607
0.0003609855605775769,0.0
0.0003609955601775929,0.0
0.00036100555977760894,0.016666666666666607
0.0003610155593776249,0.016666666666666607
0.00036102555897764093,0.016666666666666607
0.0003610355585776569,0.016666666666666607
0.0003610455581776729,0.0
0.00036105555777768894,0.016666666666666607
0.0003610655573777049,0.016666666666666607
0.0003610755569777209,0.016666666666666607
0.0003610855565777369,0.016666666666666607
0.0003610955561777529,0.016666666666666607
0.00036110555577776893,0.016666666666666607
0.0003611155553777849,0.016666666666666607
0.0003611255549778009,0.0
0.0003611355545778169,0.0
0.0003611455541778329,0.0
0.00036115555377784893,0.016666666666666607
0.0003611655533778649,0.016666666666666607
0.0003611755529778809,0.016666666666666607
0.0003611855525778969,0.0
0.0003611955521779129,0.016666666666666607
0.0003612055517779289,0.016666666666666607
0.0003612155513779449,0.0
0.0003612255509779609,0.0
0.0003612355505779769,0.016666666666666607
0.0003612455501779929,0.016666666666666607
0.0003612555497780089,0.0
0.0003612655493780249,0.0
0.0003612755489780409,0.016666666666666607
0.0003612855485780569,0.016666666666666607
0.0003612955481780729,0.016666666666666607
0.0003613055477780889,0.016666666666666607
0.0003613155473781049,0.016666666666666607
0.0003613255469781209,0.016666666666666607
0.00036133554657813687,0.016666666666666607
0.0003613455461781529,0.016666666666666607
0.0003613555457781689,0.0
0.0003613655453781849,0.016666666666666607
0.0003613755449782009,0.0
0.00036138554457821687,0.016666666666666607
0.0003613955441782329,0.0
0.0003614055437782489,0.016666666666666607
0.0003614155433782649,0.016666666666666607
0.0003614255429782809,0.016666666666666607
0.00036143554257829686,0.016666666666666607
0.0003614455421783129,0.0
0.0003614555417783289,0.0
0.0003614655413783449,0.016666666666666607
0.0003614755409783609,0.016666666666666607
0.00036148554057837686,0.016666666666666607
0.0003614955401783929,0.016666666666666607
0.0003615055397784089,0.016666666666666607
0.00036151553937842487,0.016666666666666607
0.0003615255389784409,0.0
0.00036153553857845686,0.016666666666666607
0.0003615455381784729,0.016666666666666607
0.0003615555377784889,0.016666666666666607
0.00036156553737850487,0.016666666666666607
0.0003615755369785209,0.0
0.00036158553657853685,0.016666666666666607
0.0003615955361785529,0.0
0.0003616055357785689,0.0
0.00036161553537858486,0.016666666666666607
0.0003616255349786009,0.016666666666666607
0.00036163553457861685,0.016666666666666607
0.00036164553417863287,0.016666666666666607
0.0003616555337786489,0.016666666666666607
0.00036166553337866486,0.016666666666666607
0.0003616755329786809,0.0
0.00036168553257869685,0.0
0.00036169553217871287,0.016666666666666607
0.0003617055317787289,0.016666666666666607
0.00036171553137874485,0.0
0.0003617255309787609,0.016666666666666607
0.00036173553057877684,0.0
0.00036174553017879286,0.016666666666666607
0.0003617555297788089,0.0
0.00036176552937882485,0.016666666666666607
0.00036177552897884087,0.0
0.0003617855285788569,0.016666666666666607
0.00036179552817887286,0.016666666666666607
0.0003618055277788889,0.0
0.00036181552737890485,0.016666666666666607
0.00036182552697892087,0.0
0.0003618355265789369,0.016666666666666607
0.00036184552617895286,0.016666666666666607
0.0003618555257789689,0.016666666666666607
0.00036186552537898484,0.016666666666666607
0.00036187552497900086,0.016666666666666607
0.0003618855245790169,0.016666666666666607
0.00036189552417903285,0.016666666666666607
0.00036190552377904887,0.016666666666666607
0.00036191552337906484,0.016666666666666607
0.00036192552297908086,0.033333333333333215
0.0003619355225790969,0.016666666666666607
0.00036194552217911285,0.016666666666666607
0.00036195552177912887,0.016666666666666607
0.00036196552137914484,0.016666666666666607
0.00036197552097916086,0.0
0.0003619855205791769,0.0
0.00036199552017919284,0.0
0.00036200551977920886,0.0
0.00036201551937922483,0.0
0.00036202551897924085,0.0
0.0003620355185792569,0.0
0.00036204551817927284,0.016666666666666607
0.00036205551777928886,0.0
0.00036206551737930483,0.016666666666666607
0.00036207551697932085,0.016666666666666607
0.00036208551657933687,0.016666666666666607
0.00036209551617935284,0.0
0.00036210551577936886,0.016666666666666607
0.0003621155153793848,0.0
0.00036212551497940085,0.016666666666666607
0.00036213551457941687,0.016666666666666607
0.00036214551417943283,0.016666666666666607
0.00036215551377944885,0.016666666666666607
0.0003621655133794648,0.0
0.00036217551297948084,0.016666666666666607
0.00036218551257949686,0.016666666666666607
0.00036219551217951283,0.016666666666666607
0.00036220551177952885,0.0
0.0003622155113795448,0.0
0.00036222551097956084,0.016666666666666607
0.00036223551057957686,0.0
0.0003622455101795928,0.016666666666666607
0.00036225550977960885,0.0
0.0003622655093796248,0.016666666666666607
0.00036227550897964083,0.0
0.00036228550857965685,0.016666666666666607
0.0003622955081796728,0.016666666666666607
0.00036230550777968884,0.016666666666666607
0.0003623155073797048,0.016666666666666607
0.00036232550697972083,0.016666666666666607
0.00036233550657973685,0.016666666666666607
0.0003623455061797528,0.016666666666666607
0.00036235550577976884,0.016666666666666607
0.0003623655053797848,0.016666666666666607
0.0003623755049798008,0.016666666666666607
0.00036238550457981685,0.016666666666666607
0.0003623955041798328,0.016666666666666607
0.00036240550377984883,0.016666666666666607
0.0003624155033798648,0.016666666666666607
0.0003624255029798808,0.0
0.00036243550257989684,0.016666666666666607
0.0003624455021799128,0.016666666666666607
0.00036245550177992883,0.016666666666666607
0.0003624655013799448,0.016666666666666607
0.0003624755009799608,0.0
0.00036248550057997684,0.0
0.0003624955001799928,0.0
0.00036250549978000883,0.0
0.0003625154993800248,0.0
0.0003625254989800408,0.016666666666666607
0.00036253549858005684,0.0
0.0003625454981800728,0.016666666666666607
0.0003625554977800888,0.016666666666666607
0.0003625654973801048,0.0
0.0003625754969801208,0.0
0.00036258549658013683,0.0
0.0003625954961801528,0.016666666666666607
0.0003626054957801688,0.016666666666666607
0.0003626154953801848,0.016666666666666607
0.0003626254949802008,0.016666666666666607
0.00036263549458021683,0.016666666666666607
0.0003626454941802328,0.016666666666666607
0.0003626554937802488,0.016666666666666607
0.0003626654933802648,0.016666666666666607
0.0003626754929802808,0.016666666666666607
0.0003626854925802968,0.016666666666666607
0.0003626954921803128,0.0
0.0003627054917803288,0.016666666666666607
0.00036271549138034483,0.016666666666666607
0.0003627254909803608,0.016666666666666607
0.0003627354905803768,0.0
0.0003627454901803928,0.016666666666666607
0.0003627554897804088,0.016666666666666607
0.00036276548938042483,0.016666666666666607
0.0003627754889804408,0.016666666666666607
0.0003627854885804568,0.016666666666666607
0.0003627954881804728,0.0
0.0003628054877804888,0.016666666666666607
0.0003628154873805048,0.016666666666666607
0.0003628254869805208,0.016666666666666607
0.0003628354865805368,0.0
0.0003628454861805528,0.0
0.0003628554857805688,0.0
0.0003628654853805848,0.016666666666666607
0.0003628754849806008,0.0
0.0003628854845806168,0.016666666666666607
0.0003628954841806328,0.016666666666666607
0.0003629054837806488,0.016666666666666607
0.0003629154833806648,0.0
0.0003629254829806808,0.0
0.0003629354825806968,0.016666666666666607
0.00036294548218071277,0.016666666666666607
0.0003629554817807288,0.016666666666666607
0.0003629654813807448,0.016666666666666607
0.0003629754809807608,0.016666666666666607
0.0003629854805807768,0.016666666666666607
0.00036299548018079277,0.0
0.0003630054797808088,0.0
0.0003630154793808248,0.016666666666666607
0.0003630254789808408,0.016666666666666607
0.0003630354785808568,0.016666666666666607
0.00036304547818087276,0.016666666666666607
0.0003630554777808888,0.016666666666666607
0.0003630654773809048,0.0
0.0003630754769809208,0.016666666666666607
0.0003630854765809368,0.016666666666666607
0.00036309547618095276,0.016666666666666607
0.0003631054757809688,0.016666666666666607
0.0003631154753809848,0.016666666666666607
0.00036312547498100077,0.016666666666666607
0.0003631354745810168,0.016666666666666607
0.00036314547418103276,0.016666666666666607
0.0003631554737810488,0.0
0.0003631654733810648,0.016666666666666607
0.00036317547298108077,0.016666666666666607
0.0003631854725810968,0.0
0.00036319547218111275,0.016666666666666607
0.0003632054717811288,0.016666666666666607
0.0003632154713811448,0.0
0.00036322547098116076,0.0
0.0003632354705811768,0.016666666666666607
0.00036324547018119275,0.016666666666666607
0.00036325546978120877,0.016666666666666607
0.0003632654693812248,0.016666666666666607
0.00036327546898124076,0.016666666666666607
0.0003632854685812568,0.016666666666666607
0.00036329546818127275,0.0
0.00036330546778128877,0.016666666666666607
0.0003633154673813048,0.016666666666666607
0.00036332546698132075,0.016666666666666607
0.0003633354665813368,0.016666666666666607
0.00036334546618135274,0.016666666666666607
0.00036335546578136876,0.016666666666666607
0.0003633654653813848,0.016666666666666607
0.00036337546498140075,0.0
0.00036338546458141677,0.016666666666666607
0.00036339546418143274,0.0
0.00036340546378144876,0.016666666666666607
0.0003634154633814648,0.016666666666666607
0.00036342546298148075,0.0
0.00036343546258149677,0.0
0.00036344546218151273,0.016666666666666607
0.00036345546178152876,0.0
0.0003634654613815448,0.016666666666666607
0.00036347546098156074,0.016666666666666607
0.00036348546058157676,0.033333333333333215
0.00036349546018159273,0.016666666666666607
0.00036350545978160875,0.0
0.00036351545938162477,0.016666666666666607
0.00036352545898164074,0.0
0.00036353545858165676,0.016666666666666607
0.0003635454581816727,0.016666666666666607
0.00036355545778168875,0.016666666666666607
0.00036356545738170477,0.016666666666666607
0.00036357545698172074,0.016666666666666607
0.00036358545658173676,0.016666666666666607
0.0003635954561817527,0.016666666666666607
0.00036360545578176874,0.016666666666666607
0.00036361545538178477,0.0
0.00036362545498180073,0.016666666666666607
0.00036363545458181675,0.016666666666666607
0.0003636454541818328,0.016666666666666607
0.00036365545378184874,0.016666666666666607
0.00036366545338186476,0.0
0.00036367545298188073,0.0
0.00036368545258189675,0.016666666666666607
0.00036369545218191277,0.016666666666666607
0.00036370545178192874,0.016666666666666607
0.00036371545138194476,0.016666666666666607
0.0003637254509819607,0.016666666666666607
0.00036373545058197675,0.0
0.00036374545018199277,0.0
0.00036375544978200873,0.0
0.00036376544938202475,0.016666666666666607
0.0003637754489820407,0.0
0.00036378544858205674,0.016666666666666607
0.00036379544818207276,0.016666666666666607
0.00036380544778208873,0.016666666666666607
0.00036381544738210475,0.0
0.0003638254469821207,0.016666666666666607
0.00036383544658213674,0.016666666666666607
0.00036384544618215276,0.016666666666666607
0.0003638554457821687,0.0
0.00036386544538218475,0.016666666666666607
0.0003638754449822007,0.016666666666666607
0.00036388544458221673,0.016666666666666607
0.00036389544418223275,0.016666666666666607
0.0003639054437822487,0.016666666666666607
0.00036391544338226474,0.016666666666666607
0.0003639254429822807,0.016666666666666607
0.00036393544258229673,0.016666666666666607
0.00036394544218231275,0.016666666666666607
0.0003639554417823287,0.016666666666666607
0.00036396544138234474,0.0
0.0003639754409823607,0.016666666666666607
0.0003639854405823767,0.016666666666666607
0.00036399544018239275,0.0
0.0003640054397824087,0.033333333333333215
0.00036401543938242473,0.016666666666666607
0.0003640254389824407,0.016666666666666607
0.0003640354385824567,0.0
0.00036404543818247274,0.016666666666666607
0.0003640554377824887,0.0
0.00036406543738250473,0.0
0.0003640754369825207,0.016666666666666607
0.0003640854365825367,0.016666666666666607
0.00036409543618255274,0.016666666666666607
0.0003641054357825687,0.0
0.00036411543538258473,0.016666666666666607
0.0003641254349826007,0.016666666666666607
0.0003641354345826167,0.0
0.00036414543418263274,0.016666666666666607
0.0003641554337826487,0.016666666666666607
0.0003641654333826647,0.016666666666666607
0.0003641754329826807,0.0
0.0003641854325826967,0.016666666666666607
0.00036419543218271273,0.0
0.0003642054317827287,0.016666666666666607
0.0003642154313827447,0.016666666666666607
0.0003642254309827607,0.016666666666666607
0.0003642354305827767,0.0
0.00036424543018279273,0.016666666666666607
0.0003642554297828087,0.016666666666666607
0.0003642654293828247,0.016666666666666607
0.0003642754289828407,0.0
0.0003642854285828567,0.016666666666666607
0.0003642954281828727,0.0
0.0003643054277828887,0.016666666666666607
0.0003643154273829047,0.0
0.0003643254269829207,0.016666666666666607
0.0003643354265829367,0.0
0.0003643454261829527,0.016666666666666607
0.0003643554257829687,0.0
0.0003643654253829847,0.016666666666666607
0.0003643754249830007,0.016666666666666607
0.0003643854245830167,0.016666666666666607
0.0003643954241830327,0.0
0.0003644054237830487,0.016666666666666607
0.0003644154233830647,0.016666666666666607
0.00036442542298308067,0.016666666666666607
0.0003644354225830967,0.016666666666666607
0.0003644454221831127,0.016666666666666607
0.0003644554217831287,0.016666666666666607
0.0003644654213831447,0.016666666666666607
0.00036447542098316067,0.0
0.0003644854205831767,0.016666666666666607
0.0003644954201831927,0.016666666666666607
0.0003645054197832087,0.016666666666666607
0.0003645154193832247,0.0
0.00036452541898324066,0.016666666666666607
0.0003645354185832567,0.0
0.0003645454181832727,0.016666666666666607
0.00036455541778328867,0.016666666666666607
0.0003645654173833047,0.016666666666666607
0.0003645754169833207,0.016666666666666607
0.0003645854165833367,0.016666666666666607
0.0003645954161833527,0.016666666666666607
0.00036460541578336867,0.016666666666666607
0.0003646154153833847,0.016666666666666607
0.0003646254149834007,0.016666666666666607
0.0003646354145834167,0.0
0.0003646454141834327,0.016666666666666607
0.00036465541378344866,0.016666666666666607
0.0003646654133834647,0.016666666666666607
0.0003646754129834807,0.016666666666666607
0.0003646854125834967,0.016666666666666607
0.0003646954121835127,0.016666666666666607
0.00036470541178352866,0.0
0.0003647154113835447,0.016666666666666607
0.0003647254109835607,0.016666666666666607
0.00036473541058357667,0.016666666666666607
0.0003647454101835927,0.0
0.00036475540978360866,0.0
0.0003647654093836247,0.0
0.0003647754089836407,0.0
0.00036478540858365667,0.016666666666666607
0.0003647954081836727,0.033333333333333215
0.00036480540778368865,0.016666666666666607
0.0003648154073837047,0.016666666666666607
0.0003648254069837207,0.016666666666666607
0.00036483540658373666,0.016666666666666607
0.0003648454061837527,0.016666666666666607
0.00036485540578376865,0.0
0.00036486540538378467,0.016666666666666607
0.0003648754049838007,0.0
0.00036488540458381666,0.0
0.0003648954041838327,0.016666666666666607
0.00036490540378384865,0.0
0.00036491540338386467,0.0
0.0003649254029838807,0.016666666666666607
0.00036493540258389665,0.016666666666666607
0.0003649454021839127,0.016666666666666607
0.00036495540178392864,0.0
0.00036496540138394466,0.016666666666666607
0.0003649754009839607,0.0
0.00036498540058397665,0.016666666666666607
0.00036499540018399267,0.016666666666666607
0.00036500539978400864,0.016666666666666607
0.00036501539938402466,0.016666666666666607
0.0003650253989840407,0.0
0.00036503539858405665,0.0
0.00036504539818407267,0.016666666666666607
0.00036505539778408863,0.016666666666666607
0.00036506539738410466,0.0
0.0003650753969841207,0.016666666666666607
0.00036508539658413664,0.016666666666666607
0.00036509539618415266,0.016666666666666607
0.00036510539578416863,0.016666666666666607
0.00036511539538418465,0.016666666666666607
0.00036512539498420067,0.016666666666666607
0.00036513539458421664,0.0
0.00036514539418423266,0.0
0.0003651553937842486,0.0
0.00036516539338426465,0.016666666666666607
0.00036517539298428067,0.0
0.00036518539258429664,0.016666666666666607
0.00036519539218431266,0.016666666666666607
0.0003652053917843286,0.016666666666666607
0.00036521539138434464,0.016666666666666607
0.00036522539098436067,0.016666666666666607
0.00036523539058437663,0.016666666666666607
0.00036524539018439265,0.016666666666666607
0.0003652553897844086,0.0
0.00036526538938442464,0.0
0.00036527538898444066,0.016666666666666607
0.00036528538858445663,0.016666666666666607
0.00036529538818447265,0.0
0.0003653053877844886,0.0
0.00036531538738450464,0.016666666666666607
0.00036532538698452066,0.0
0.0003653353865845366,0.0
0.00036534538618455265,0.016666666666666607
0.0003653553857845686,0.0
0.00036536538538458463,0.0
0.00036537538498460065,0.016666666666666607
0.0003653853845846166,0.016666666666666607
0.00036539538418463264,0.0
0.0003654053837846486,0.016666666666666607
0.00036541538338466463,0.016666666666666607
0.00036542538298468065,0.016666666666666607
0.0003654353825846966,0.016666666666666607
0.00036544538218471264,0.0
0.0003654553817847286,0.016666666666666607
0.0003654653813847446,0.0
0.00036547538098476065,0.0
0.0003654853805847766,0.016666666666666607
0.00036549538018479263,0.016666666666666607
0.00036550537978480865,0.0
0.0003655153793848246,0.0
0.00036552537898484064,0.016666666666666607
0.0003655353785848566,0.016666666666666607
0.00036554537818487263,0.016666666666666607
0.00036555537778488865,0.0
0.0003655653773849046,0.016666666666666607
0.00036557537698492064,0.0
0.0003655853765849366,0.016666666666666607
0.0003655953761849526,0.0
0.00036560537578496865,0.0
0.0003656153753849846,0.016666666666666607
0.00036562537498500063,0.016666666666666607
0.0003656353745850166,0.0
0.0003656453741850326,0.0
0.00036565537378504864,0.016666666666666607
0.0003656653733850646,0.0
0.00036567537298508063,0.016666666666666607
0.0003656853725850966,0.0
0.0003656953721851126,0.016666666666666607
0.00036570537178512864,0.016666666666666607
0.0003657153713851446,0.016666666666666607
0.00036572537098516063,0.033333333333333215
0.0003657353705851766,0.0
0.0003657453701851926,0.016666666666666607
0.00036575536978520864,0.016666666666666607
0.0003657653693852246,0.016666666666666607
0.0003657753689852406,0.016666666666666607
0.0003657853685852566,0.016666666666666607
0.0003657953681852726,0.0
0.00036580536778528863,0.016666666666666607
0.0003658153673853046,0.0
0.0003658253669853206,0.0
0.0003658353665853366,0.0
0.0003658453661853526,0.0
0.00036585536578536863,0.016666666666666607
0.0003658653653853846,0.016666666666666607
0.0003658753649854006,0.016666666666666607
0.0003658853645854166,0.016666666666666607
0.0003658953641854326,0.016666666666666607
0.0003659053637854486,0.016666666666666607
0.0003659153633854646,0.016666666666666607
0.0003659253629854806,0.016666666666666607
0.0003659353625854966,0.016666666666666607
0.0003659453621855126,0.016666666666666607
0.0003659553617855286,0.016666666666666607
0.0003659653613855446,0.016666666666666607
0.0003659753609855606,0.0
0.0003659853605855766,0.016666666666666607
0.0003659953601855926,0.0
0.0003660053597856086,0.016666666666666607
0.0003660153593856246,0.0
0.0003660253589856406,0.0
0.00036603535858565657,0.0
0.0003660453581856726,0.016666666666666607
0.0003660553577856886,0.016666666666666607
0.0003660653573857046,0.016666666666666607
0.0003660753569857206,0.016666666666666607
0.00036608535658573657,0.0
0.0003660953561857526,0.0
0.0003661053557857686,0.0
0.0003661153553857846,0.016666666666666607
0.0003661253549858006,0.016666666666666607
0.00036613535458581656,0.0
0.0003661453541858326,0.0
0.0003661553537858486,0.016666666666666607
0.00036616535338586457,0.016666666666666607
0.0003661753529858806,0.016666666666666607
0.00036618535258589656,0.0
0.0003661953521859126,0.016666666666666607
0.0003662053517859286,0.016666666666666607
0.00036621535138594457,0.016666666666666607
0.0003662253509859606,0.016666666666666607
0.00036623535058597656,0.016666666666666607
0.0003662453501859926,0.016666666666666607
0.0003662553497860086,0.016666666666666607
0.00036626534938602456,0.016666666666666607
0.0003662753489860406,0.016666666666666607
0.00036628534858605655,0.016666666666666607
0.0003662953481860726,0.016666666666666607
0.0003663053477860886,0.0
0.00036631534738610456,0.0
0.0003663253469861206,0.0
0.00036633534658613655,0.0
0.00036634534618615257,0.0
0.0003663553457861686,0.016666666666666607
0.00036636534538618456,0.016666666666666607
0.0003663753449862006,0.016666666666666607
0.00036638534458621654,0.016666666666666607
0.00036639534418623257,0.016666666666666607
0.0003664053437862486,0.016666666666666607
0.00036641534338626455,0.0
0.0003664253429862806,0.016666666666666607
0.0003664353425862966,0.016666666666666607
0.00036644534218631256,0.016666666666666607
0.0003664553417863286,0.016666666666666607
0.00036646534138634455,0.016666666666666607
0.00036647534098636057,0.0
0.0003664853405863766,0.0
0.00036649534018639256,0.016666666666666607
0.0003665053397864086,0.016666666666666607
0.00036651533938642455,0.016666666666666607
0.00036652533898644057,0.016666666666666607
0.0003665353385864566,0.0
0.00036654533818647255,0.016666666666666607
0.0003665553377864886,0.0
0.00036656533738650454,0.0
0.00036657533698652056,0.016666666666666607
0.0003665853365865366,0.016666666666666607
0.00036659533618655255,0.016666666666666607
0.00036660533578656857,0.0
0.00036661533538658454,0.0
0.00036662533498660056,0.016666666666666607
0.0003666353345866166,0.016666666666666607
0.00036664533418663255,0.0
0.00036665533378664857,0.0
0.00036666533338666453,0.016666666666666607
0.00036667533298668056,0.016666666666666607
0.0003666853325866966,0.016666666666666607
0.00036669533218671254,0.0
0.00036670533178672856,0.016666666666666607
0.00036671533138674453,0.016666666666666607
0.00036672533098676055,0.016666666666666607
0.00036673533058677657,0.016666666666666607
0.00036674533018679254,0.016666666666666607
0.00036675532978680856,0.016666666666666607
0.0003667653293868245,0.016666666666666607
0.00036677532898684055,0.0
0.00036678532858685657,0.016666666666666607
0.00036679532818687254,0.016666666666666607
0.00036680532778688856,0.016666666666666607
0.0003668153273869045,0.016666666666666607
0.00036682532698692054,0.016666666666666607
0.00036683532658693657,0.016666666666666607
0.00036684532618695253,0.0
0.00036685532578696855,0.016666666666666607
0.0003668653253869845,0.016666666666666607
0.00036687532498700054,0.016666666666666607
0.00036688532458701656,0.016666666666666607
0.00036689532418703253,0.016666666666666607
0.00036690532378704855,0.016666666666666607
0.0003669153233870645,0.0
0.00036692532298708054,0.016666666666666607
0.00036693532258709656,0.016666666666666607
0.0003669453221871125,0.016666666666666607
0.00036695532178712855,0.016666666666666607
0.0003669653213871445,0.016666666666666607
0.00036697532098716053,0.0
0.00036698532058717655,0.016666666666666607
0.0003669953201871925,0.016666666666666607
0.00036700531978720854,0.016666666666666607
0.0003670153193872245,0.016666666666666607
0.00036702531898724053,0.0
0.00036703531858725655,0.016666666666666607
0.0003670453181872725,0.0
0.00036705531778728854,0.0
0.0003670653173873045,0.016666666666666607
0.0003670753169873205,0.0
0.00036708531658733655,0.016666666666666607
0.0003670953161873525,0.016666666666666607
0.00036710531578736853,0.016666666666666607
0.0003671153153873845,0.016666666666666607
0.0003671253149874005,0.016666666666666607
0.00036713531458741654,0.0
0.0003671453141874325,0.016666666666666607
0.00036715531378744853,0.0
0.0003671653133874645,0.016666666666666607
0.0003671753129874805,0.016666666666666607
0.00036718531258749654,0.016666666666666607
0.0003671953121875125,0.016666666666666607
0.0003672053117875285,0.0
0.0003672153113875445,0.016666666666666607
0.0003672253109875605,0.016666666666666607
0.00036723531058757653,0.016666666666666607
0.0003672453101875925,0.016666666666666607
0.0003672553097876085,0.016666666666666607
0.0003672653093876245,0.016666666666666607
0.0003672753089876405,0.016666666666666607
0.00036728530858765653,0.016666666666666607
0.0003672953081876725,0.0
0.0003673053077876885,0.016666666666666607
0.0003673153073877045,0.016666666666666607
0.0003673253069877205,0.016666666666666607
0.00036733530658773653,0.016666666666666607
0.0003673453061877525,0.016666666666666607
0.0003673553057877685,0.016666666666666607
0.00036736530538778454,0.016666666666666607
0.0003673753049878005,0.0
0.0003673853045878165,0.0
0.0003673953041878325,0.016666666666666607
0.0003674053037878485,0.016666666666666607
0.00036741530338786453,0.016666666666666607
0.0003674253029878805,0.016666666666666607
0.0003674353025878965,0.016666666666666607
0.0003674453021879125,0.0
0.0003674553017879285,0.016666666666666607
0.00036746530138794453,0.016666666666666607
0.0003674753009879605,0.016666666666666607
0.0003674853005879765,0.016666666666666607
0.0003674953001879925,0.0
0.0003675052997880085,0.0
0.0003675152993880245,0.016666666666666607
0.0003675252989880405,0.0
0.0003675352985880565,0.016666666666666607
0.0003675452981880725,0.016666666666666607
0.0003675552977880885,0.016666666666666607
0.0003675652973881045,0.016666666666666607
0.0003675752969881205,0.016666666666666607
0.0003675852965881365,0.0
0.0003675952961881525,0.0
0.0003676052957881685,0.016666666666666607
0.0003676152953881845,0.0
0.0003676252949882005,0.016666666666666607
0.0003676352945882165,0.016666666666666607
0.00036764529418823247,0.016666666666666607
0.0003676552937882485,0.0
0.0003676652933882645,0.0
0.0003676752929882805,0.016666666666666607
0.0003676852925882965,0.016666666666666607
0.00036769529218831247,0.016666666666666607
0.0003677052917883285,0.016666666666666607
0.0003677152913883445,0.016666666666666607
0.0003677252909883605,0.016666666666666607
0.0003677352905883765,0.016666666666666607
0.00036774529018839246,0.016666666666666607
0.0003677552897884085,0.016666666666666607
0.0003677652893884245,0.016666666666666607
0.00036777528898844047,0.016666666666666607
0.0003677852885884565,0.016666666666666607
0.00036779528818847246,0.0
0.0003678052877884885,0.0
0.0003678152873885045,0.0
0.00036782528698852047,0.0
0.0003678352865885365,0.0
0.00036784528618855246,0.016666666666666607
0.0003678552857885685,0.016666666666666607
0.0003678652853885845,0.016666666666666607
0.00036787528498860046,0.016666666666666607
0.0003678852845886165,0.016666666666666607
0.00036789528418863245,0.016666666666666607
0.0003679052837886485,0.016666666666666607
0.0003679152833886645,0.016666666666666607
0.00036792528298868046,0.016666666666666607
0.0003679352825886965,0.016666666666666607
0.00036794528218871245,0.016666666666666607
0.00036795528178872847,0.016666666666666607
0.0003679652813887445,0.016666666666666607
0.00036797528098876046,0.016666666666666607
0.0003679852805887765,0.016666666666666607
0.00036799528018879244,0.016666666666666607
0.00036800527978880847,0.0
0.0003680152793888245,0.0
0.00036802527898884045,0.016666666666666607
0.0003680352785888565,0.0
0.00036804527818887244,0.0
0.00036805527778888846,0.016666666666666607
0.0003680652773889045,0.016666666666666607
0.00036807527698892045,0.0
0.00036808527658893647,0.016666666666666607
0.00036809527618895244,0.016666666666666607
0.00036810527578896846,0.016666666666666607
0.0003681152753889845,0.016666666666666607
0.00036812527498900045,0.016666666666666607
0.00036813527458901647,0.016666666666666607
0.00036814527418903243,0.016666666666666607
0.00036815527378904845,0.016666666666666607
0.0003681652733890645,0.016666666666666607
0.00036817527298908044,0.016666666666666607
0.00036818527258909646,0.016666666666666607
0.00036819527218911243,0.016666666666666607
0.00036820527178912845,0.016666666666666607
0.00036821527138914447,0.016666666666666607
0.00036822527098916044,0.016666666666666607
0.00036823527058917646,0.016666666666666607
0.0003682452701891924,0.016666666666666607
0.00036825526978920845,0.016666666666666607
0.00036826526938922447,0.0
0.00036827526898924043,0.0
0.00036828526858925646,-0.016666666666666607
0.0003682952681892725,-0.016666666666666607
0.00036830526778928844,-0.033333333333333215
0.00036831526738930446,-0.016666666666666607
0.00036832526698932043,-0.033333333333333215
0.00036833526658933645,-0.033333333333333215
0.00036834526618935247,-0.016666666666666607
0.00036835526578936844,0.0
0.00036836526538938446,0.0
0.0003683752649894004,0.016666666666666607
0.00036838526458941645,0.04999999999999982
0.00036839526418943247,0.04999999999999982
0.00036840526378944844,0.06666666666666643
0.00036841526338946446,0.08333333333333348
0.0003684252629894804,0.10000000000000009
0.00036843526258949644,0.08333333333333348
0.00036844526218951247,0.08333333333333348
0.00036845526178952843,0.06666666666666643
0.00036846526138954445,0.04999999999999982
0.0003684752609895604,0.033333333333333215
0.00036848526058957644,0.0
0.00036849526018959246,0.0
0.00036850525978960843,-0.016666666666666607
0.00036851525938962445,-0.033333333333333215
0.0003685252589896404,-0.050000000000000266
0.00036853525858965644,-0.050000000000000266
0.00036854525818967246,-0.06666666666666687
0.0003685552577896884,-0.06666666666666687
0.00036856525738970445,-0.033333333333333215
0.0003685752569897204,-0.033333333333333215
0.00036858525658973643,-0.016666666666666607
0.00036859525618975245,0.0
0.0003686052557897684,-0.016666666666666607
0.00036861525538978444,0.016666666666666607
0.0003686252549898004,0.016666666666666607
0.00036863525458981643,0.016666666666666607
0.00036864525418983245,0.033333333333333215
0.0003686552537898484,0.033333333333333215
0.00036866525338986444,0.033333333333333215
0.0003686752529898804,0.033333333333333215
0.0003686852525898964,0.033333333333333215
0.00036869525218991245,0.033333333333333215
0.0003687052517899284,0.04999999999999982
0.00036871525138994443,0.04999999999999982
0.0003687252509899604,0.04999999999999982
0.0003687352505899764,0.033333333333333215
0.00036874525018999244,0.033333333333333215
0.0003687552497900084,0.016666666666666607
0.00036876524939002443,0.016666666666666607
0.0003687752489900404,0.0
0.0003687852485900564,0.0
0.00036879524819007244,-0.016666666666666607
0.0003688052477900884,0.0
0.0003688152473901044,-0.016666666666666607
0.0003688252469901204,-0.016666666666666607
0.0003688352465901364,-0.016666666666666607
0.00036884524619015243,-0.016666666666666607
0.0003688552457901684,-0.016666666666666607
0.0003688652453901844,0.0
0.0003688752449902004,0.0
0.0003688852445902164,0.016666666666666607
0.00036889524419023243,0.016666666666666607
0.0003689052437902484,0.016666666666666607
0.0003689152433902644,0.016666666666666607
0.0003689252429902804,0.016666666666666607
0.0003689352425902964,0.033333333333333215
0.00036894524219031243,0.033333333333333215
0.0003689552417903284,0.033333333333333215
0.0003689652413903444,0.016666666666666607
0.0003689752409903604,0.033333333333333215
0.0003689852405903764,0.033333333333333215
0.0003689952401903924,0.033333333333333215
0.0003690052397904084,0.033333333333333215
0.0003690152393904244,0.033333333333333215
0.0003690252389904404,0.033333333333333215
0.0003690352385904564,0.016666666666666607
0.0003690452381904724,0.016666666666666607
0.0003690552377904884,0.0
0.0003690652373905044,0.0
0.0003690752369905204,0.0
0.0003690852365905364,0.0
0.0003690952361905524,-0.016666666666666607
0.0003691052357905684,0.0
0.0003691152353905844,-0.016666666666666607
0.00036912523499060037,-0.016666666666666607
0.0003691352345906164,-0.016666666666666607
0.0003691452341906324,-0.016666666666666607
0.0003691552337906484,0.0
0.0003691652333906644,0.0
0.00036917523299068037,0.0
0.0003691852325906964,0.016666666666666607
0.0003691952321907124,0.016666666666666607
0.0003692052317907284,0.016666666666666607
0.0003692152313907444,0.016666666666666607
0.0003692252309907604,0.016666666666666607
0.0003692352305907764,0.033333333333333215
0.0003692452301907924,0.016666666666666607
0.00036925522979080837,0.016666666666666607
0.0003692652293908244,0.033333333333333215
0.0003692752289908404,0.033333333333333215
0.0003692852285908564,0.033333333333333215
0.0003692952281908724,0.016666666666666607
0.00036930522779088837,0.033333333333333215
0.0003693152273909044,0.016666666666666607
0.0003693252269909204,0.016666666666666607
0.0003693352265909364,0.0
0.0003693452261909524,0.0
0.00036935522579096836,0.0
0.0003693652253909844,-0.016666666666666607
0.0003693752249910004,0.0
0.00036938522459101637,-0.016666666666666607
0.0003693952241910324,-0.016666666666666607
0.00036940522379104836,0.0
0.0003694152233910644,-0.016666666666666607
0.0003694252229910804,0.0
0.00036943522259109637,0.0
0.0003694452221911124,0.0
0.00036945522179112836,0.016666666666666607
0.0003694652213911444,0.016666666666666607
0.0003694752209911604,0.016666666666666607
0.00036948522059117636,0.016666666666666607
0.0003694952201911924,0.016666666666666607
0.00036950521979120835,0.033333333333333215
0.0003695152193912244,0.033333333333333215
0.0003695252189912404,0.033333333333333215
0.00036953521859125636,0.033333333333333215
0.0003695452181912724,0.033333333333333215
0.00036955521779128835,0.016666666666666607
0.00036956521739130437,0.016666666666666607
0.0003695752169913204,0.016666666666666607
0.00036958521659133636,0.033333333333333215
0.0003695952161913524,0.016666666666666607
0.00036960521579136834,0.016666666666666607
0.00036961521539138437,0.016666666666666607
0.0003696252149914004,0.016666666666666607
0.00036963521459141635,0.0
0.0003696452141914324,0.0
0.00036965521379144834,0.0
0.00036966521339146436,0.0
0.0003696752129914804,0.0
0.00036968521259149635,0.0
0.00036969521219151237,0.0
0.00036970521179152834,0.0
0.00036971521139154436,0.0
0.0003697252109915604,0.016666666666666607
0.00036973521059157635,0.0
0.00036974521019159237,0.016666666666666607
0.00036975520979160833,0.033333333333333215
0.00036976520939162435,0.016666666666666607
0.0003697752089916404,0.016666666666666607
0.00036978520859165634,0.016666666666666607
0.00036979520819167236,0.033333333333333215
0.00036980520779168833,0.033333333333333215
0.00036981520739170435,0.033333333333333215
0.00036982520699172037,0.033333333333333215
0.00036983520659173634,0.016666666666666607
0.00036984520619175236,0.016666666666666607
0.0003698552057917683,0.016666666666666607
0.00036986520539178435,0.0
0.00036987520499180037,0.016666666666666607
0.00036988520459181633,0.0
0.00036989520419183236,0.0
0.0003699052037918483,0.0
0.00036991520339186434,0.0
0.00036992520299188036,0.0
0.00036993520259189633,0.0
0.00036994520219191235,0.0
0.0003699552017919283,0.0
0.00036996520139194434,0.0
0.00036997520099196036,0.016666666666666607
0.0003699852005919763,0.016666666666666607
0.00036999520019199235,0.016666666666666607
0.0003700051997920083,0.016666666666666607
0.00037001519939202434,0.016666666666666607
0.00037002519899204036,0.016666666666666607
0.0003700351985920563,0.016666666666666607
0.00037004519819207234,0.016666666666666607
0.0003700551977920883,0.016666666666666607
0.00037006519739210433,0.016666666666666607
0.00037007519699212035,0.016666666666666607
0.0003700851965921363,0.016666666666666607
0.00037009519619215234,0.016666666666666607
0.0003701051957921683,0.016666666666666607
0.00037011519539218433,0.016666666666666607
0.00037012519499220035,0.0
0.0003701351945922163,0.0
0.00037014519419223234,0.0
0.00037015519379224836,0.0
0.0003701651933922643,0.0
0.00037017519299228035,0.0
0.0003701851925922963,0.016666666666666607
0.00037019519219231233,0.016666666666666607
0.00037020519179232835,0.016666666666666607
0.0003702151913923443,0.016666666666666607
0.00037022519099236034,0.016666666666666607
0.0003702351905923763,0.016666666666666607
0.00037024519019239233,0.016666666666666607
0.00037025518979240835,0.016666666666666607
0.0003702651893924243,0.016666666666666607
0.00037027518899244034,0.016666666666666607
0.0003702851885924563,0.0
0.0003702951881924723,0.016666666666666607
0.00037030518779248835,0.016666666666666607
0.0003703151873925043,0.016666666666666607
0.00037032518699252033,0.016666666666666607
0.0003703351865925363,0.0
0.0003703451861925523,0.016666666666666607
0.00037035518579256834,0.016666666666666607
0.0003703651853925843,0.016666666666666607
0.00037037518499260033,0.016666666666666607
0.0003703851845926163,0.016666666666666607
0.0003703951841926323,0.016666666666666607
0.00037040518379264834,0.016666666666666607
0.0003704151833926643,0.016666666666666607
0.0003704251829926803,0.0
0.0003704351825926963,0.016666666666666607
0.0003704451821927123,0.016666666666666607
0.00037045518179272833,0.016666666666666607
0.0003704651813927443,0.016666666666666607
0.0003704751809927603,0.016666666666666607
0.0003704851805927763,0.016666666666666607
0.0003704951801927923,0.016666666666666607
0.00037050517979280833,0.016666666666666607
0.0003705151793928243,0.0
0.0003705251789928403,0.016666666666666607
0.0003705351785928563,0.0
0.0003705451781928723,0.016666666666666607
0.00037055517779288833,0.016666666666666607
0.0003705651773929043,0.016666666666666607
0.0003705751769929203,0.016666666666666607
0.0003705851765929363,0.016666666666666607
0.0003705951761929523,0.016666666666666607
0.0003706051757929683,0.016666666666666607
0.0003706151753929843,0.0
0.0003706251749930003,0.016666666666666607
0.0003706351745930163,0.016666666666666607
0.0003706451741930323,0.0
0.0003706551737930483,0.0
0.0003706651733930643,0.016666666666666607
0.0003706751729930803,0.016666666666666607
0.0003706851725930963,0.0
0.0003706951721931123,0.0
0.0003707051717931283,0.016666666666666607
0.0003707151713931443,0.016666666666666607
0.0003707251709931603,0.0
0.00037073517059317627,0.016666666666666607
0.0003707451701931923,0.016666666666666607
0.0003707551697932083,0.016666666666666607
0.0003707651693932243,0.016666666666666607
0.0003707751689932403,0.0
0.00037078516859325627,0.016666666666666607
0.0003707951681932723,0.016666666666666607
0.0003708051677932883,0.016666666666666607
0.0003708151673933043,0.016666666666666607
0.0003708251669933203,0.016666666666666607
0.00037083516659333626,0.016666666666666607
0.0003708451661933523,0.016666666666666607
0.0003708551657933683,0.016666666666666607
0.00037086516539338427,0.016666666666666607
0.0003708751649934003,0.0
0.00037088516459341626,0.016666666666666607
0.0003708951641934323,0.016666666666666607
0.0003709051637934483,0.016666666666666607
0.00037091516339346427,0.016666666666666607
0.0003709251629934803,0.016666666666666607
0.00037093516259349626,0.016666666666666607
0.0003709451621935123,0.0
0.0003709551617935283,0.016666666666666607
0.00037096516139354426,0.016666666666666607
0.0003709751609935603,0.0
0.00037098516059357625,0.016666666666666607
0.00037099516019359227,0.016666666666666607
0.0003710051597936083,0.016666666666666607
0.00037101515939362426,0.016666666666666607
0.0003710251589936403,0.016666666666666607
0.00037103515859365625,0.016666666666666607
0.00037104515819367227,0.0
0.0003710551577936883,0.016666666666666607
0.00037106515739370426,0.016666666666666607
0.0003710751569937203,0.016666666666666607
0.0003710851565937363,0.016666666666666607
0.00037109515619375226,0.016666666666666607
0.0003711051557937683,0.016666666666666607
0.00037111515539378425,0.0
0.0003711251549938003,0.016666666666666607
0.0003711351545938163,0.016666666666666607
0.00037114515419383226,0.016666666666666607
0.0003711551537938483,0.016666666666666607
0.00037116515339386425,0.0
0.00037117515299388027,0.016666666666666607
0.0003711851525938963,0.016666666666666607
0.00037119515219391226,0.0
0.0003712051517939283,0.0
0.00037121515139394424,0.016666666666666607
0.00037122515099396027,0.016666666666666607
0.0003712351505939763,0.016666666666666607
0.00037124515019399225,0.016666666666666607
0.0003712551497940083,0.016666666666666607
0.00037126514939402424,0.0
0.00037127514899404026,0.016666666666666607
0.0003712851485940563,0.016666666666666607
0.00037129514819407225,0.016666666666666607
0.00037130514779408827,0.033333333333333215
0.00037131514739410424,0.016666666666666607
0.00037132514699412026,0.016666666666666607
0.0003713351465941363,0.0
0.00037134514619415225,-0.016666666666666607
0.00037135514579416827,0.016666666666666607
0.00037136514539418423,0.016666666666666607
0.00037137514499420025,0.033333333333333215
0.0003713851445942163,0.016666666666666607
0.00037139514419423224,0.016666666666666607
0.00037140514379424826,0.0
0.00037141514339426423,0.0
0.00037142514299428025,0.016666666666666607
0.00037143514259429627,0.016666666666666607
0.00037144514219431224,0.033333333333333215
0.00037145514179432826,0.016666666666666607
0.0003714651413943442,0.0
0.00037147514099436025,0.0
0.00037148514059437627,0.0
0.00037149514019439223,0.0
0.00037150513979440826,0.033333333333333215
0.0003715151393944242,0.016666666666666607
0.00037152513899444024,0.016666666666666607
0.00037153513859445626,0.016666666666666607
0.00037154513819447223,0.016666666666666607
0.00037155513779448825,0.0
0.0003715651373945042,0.016666666666666607
0.00037157513699452024,0.033333333333333215
0.00037158513659453626,0.016666666666666607
0.00037159513619455223,0.016666666666666607
0.00037160513579456825,0.016666666666666607
0.0003716151353945842,0.0
0.00037162513499460024,0.016666666666666607
0.00037163513459461626,0.016666666666666607
0.0003716451341946322,0.016666666666666607
0.00037165513379464824,0.016666666666666607
0.0003716651333946642,0.016666666666666607
0.00037167513299468023,0.016666666666666607
0.00037168513259469625,0.016666666666666607
0.0003716951321947122,0.016666666666666607
0.00037170513179472824,0.016666666666666607
0.0003717151313947442,0.016666666666666607
0.00037172513099476023,0.0
0.00037173513059477625,0.0
0.0003717451301947922,0.0
0.00037175512979480824,0.016666666666666607
0.0003717651293948242,0.016666666666666607
0.0003717751289948402,0.0
0.00037178512859485625,0.0
0.0003717951281948722,0.0
0.00037180512779488823,0.033333333333333215
0.0003718151273949042,0.016666666666666607
0.0003718251269949202,0.016666666666666607
0.00037183512659493624,0.016666666666666607
0.0003718451261949522,0.016666666666666607
0.00037185512579496823,0.016666666666666607
0.0003718651253949842,0.016666666666666607
0.0003718751249950002,0.016666666666666607
0.00037188512459501624,0.016666666666666607
0.0003718951241950322,0.016666666666666607
0.0003719051237950482,0.016666666666666607
0.0003719151233950642,0.0
0.0003719251229950802,0.0
0.00037193512259509623,0.0
0.0003719451221951122,0.0
0.0003719551217951282,0.0
0.0003719651213951442,0.0
0.0003719751209951602,0.016666666666666607
0.00037198512059517623,0.016666666666666607
0.0003719951201951922,0.016666666666666607
0.0003720051197952082,0.016666666666666607
0.00037201511939522424,0.016666666666666607
0.0003720251189952402,0.016666666666666607
0.0003720351185952562,0.0
0.0003720451181952722,0.016666666666666607
0.0003720551177952882,0.033333333333333215
0.00037206511739530423,0.016666666666666607
0.0003720751169953202,0.016666666666666607
0.0003720851165953362,0.016666666666666607
0.0003720951161953522,0.016666666666666607
0.0003721051157953682,0.0
0.00037211511539538423,0.016666666666666607
0.0003721251149954002,0.016666666666666607
0.0003721351145954162,0.016666666666666607
0.0003721451141954322,0.0
0.0003721551137954482,0.0
0.00037216511339546423,0.016666666666666607
0.0003721751129954802,0.016666666666666607
0.0003721851125954962,0.0
0.0003721951121955122,0.0
0.0003722051117955282,0.016666666666666607
0.0003722151113955442,0.016666666666666607
0.0003722251109955602,0.016666666666666607
0.0003722351105955762,0.016666666666666607
0.0003722451101955922,0.016666666666666607
0.0003722551097956082,0.016666666666666607
0.0003722651093956242,0.016666666666666607
0.0003722751089956402,0.016666666666666607
0.0003722851085956562,0.016666666666666607
0.0003722951081956722,0.016666666666666607
0.0003723051077956882,0.016666666666666607
0.0003723151073957042,0.016666666666666607
0.0003723251069957202,0.0
0.0003723351065957362,0.016666666666666607
0.00037234510619575217,0.016666666666666607
0.0003723551057957682,0.016666666666666607
0.0003723651053957842,0.016666666666666607
0.0003723751049958002,0.016666666666666607
0.0003723851045958162,0.0
0.00037239510419583217,0.0
0.0003724051037958482,0.016666666666666607
0.0003724151033958642,0.0
0.0003724251029958802,0.0
0.0003724351025958962,0.016666666666666607
0.00037244510219591216,0.016666666666666607
0.0003724551017959282,0.016666666666666607
0.0003724651013959442,0.0
0.00037247510099596017,0.016666666666666607
0.0003724851005959762,0.033333333333333215
0.00037249510019599216,0.0
0.0003725050997960082,0.016666666666666607
0.0003725150993960242,0.016666666666666607
0.00037252509899604017,0.016666666666666607
0.0003725350985960562,0.016666666666666607
0.00037254509819607216,0.033333333333333215
0.0003725550977960882,0.016666666666666607
0.0003725650973961042,0.016666666666666607
0.00037257509699612016,0.016666666666666607
0.0003725850965961362,0.016666666666666607
0.00037259509619615215,0.016666666666666607
0.00037260509579616817,0.016666666666666607
0.0003726150953961842,0.016666666666666607
0.00037262509499620016,0.016666666666666607
0.0003726350945962162,0.0
0.00037264509419623215,0.016666666666666607
0.00037265509379624817,0.016666666666666607
0.0003726650933962642,0.016666666666666607
0.00037267509299628016,0.016666666666666607
0.0003726850925962962,0.016666666666666607
0.00037269509219631214,0.0
0.00037270509179632816,0.016666666666666607
0.0003727150913963442,0.016666666666666607
0.00037272509099636015,0.0
0.0003727350905963762,0.016666666666666607
0.00037274509019639214,0.016666666666666607
0.00037275508979640816,0.016666666666666607
0.0003727650893964242,0.016666666666666607
0.00037277508899644015,0.016666666666666607
0.00037278508859645617,0.0
0.00037279508819647214,0.016666666666666607
0.00037280508779648816,0.033333333333333215
0.0003728150873965042,0.016666666666666607
0.00037282508699652015,0.016666666666666607
0.00037283508659653617,0.016666666666666607
0.00037284508619655213,0.016666666666666607
0.00037285508579656815,0.016666666666666607
0.0003728650853965842,0.016666666666666607
0.00037287508499660014,0.016666666666666607
0.00037288508459661616,0.016666666666666607
0.00037289508419663213,0.0
0.00037290508379664815,0.016666666666666607
0.00037291508339666417,0.016666666666666607
0.00037292508299668014,0.016666666666666607
0.00037293508259669616,0.016666666666666607
0.0003729450821967122,0.016666666666666607
0.00037295508179672815,0.016666666666666607
0.00037296508139674417,0.016666666666666607
0.00037297508099676013,0.016666666666666607
0.00037298508059677615,0.016666666666666607
0.0003729950801967922,0.016666666666666607
0.00037300507979680814,0.016666666666666607
0.00037301507939682416,0.016666666666666607
0.00037302507899684013,0.016666666666666607
0.00037303507859685615,0.016666666666666607
0.00037304507819687217,0.0
0.00037305507779688814,0.016666666666666607
0.00037306507739690416,0.016666666666666607
0.0003730750769969201,0.016666666666666607
0.00037308507659693615,0.016666666666666607
0.00037309507619695217,0.016666666666666607
0.00037310507579696813,0.016666666666666607
0.00037311507539698416,0.016666666666666607
0.0003731250749970001,0.016666666666666607
0.00037313507459701614,0.0
0.00037314507419703216,0.016666666666666607
0.00037315507379704813,0.016666666666666607
0.00037316507339706415,0.016666666666666607
0.0003731750729970801,0.0
0.00037318507259709614,0.016666666666666607
0.00037319507219711216,0.016666666666666607
0.00037320507179712813,0.016666666666666607
0.00037321507139714415,0.016666666666666607
0.0003732250709971601,0.016666666666666607
0.00037323507059717614,0.016666666666666607
0.00037324507019719216,0.016666666666666607
0.0003732550697972081,0.0
0.00037326506939722414,0.016666666666666607
0.0003732750689972401,0.016666666666666607
0.00037328506859725613,0.016666666666666607
0.00037329506819727215,0.016666666666666607
0.0003733050677972881,0.016666666666666607
0.00037331506739730414,0.0
0.0003733250669973201,0.0
0.00037333506659733613,0.016666666666666607
0.00037334506619735215,0.016666666666666607
0.0003733550657973681,0.016666666666666607
0.00037336506539738414,0.016666666666666607
0.0003733750649974001,0.016666666666666607
0.0003733850645974161,0.016666666666666607
0.00037339506419743215,0.016666666666666607
0.0003734050637974481,0.016666666666666607
0.00037341506339746413,0.0
0.0003734250629974801,0.016666666666666607
0.0003734350625974961,0.016666666666666607
0.00037344506219751214,0.016666666666666607
0.0003734550617975281,0.016666666666666607
0.00037346506139754413,0.016666666666666607
0.0003734750609975601,0.016666666666666607
0.0003734850605975761,0.016666666666666607
0.00037349506019759214,0.0
0.0003735050597976081,0.016666666666666607
0.0003735150593976241,0.016666666666666607
0.0003735250589976401,0.016666666666666607
0.0003735350585976561,0.016666666666666607
0.00037354505819767213,0.016666666666666607
0.0003735550577976881,0.0
0.0003735650573977041,0.016666666666666607
0.0003735750569977201,0.0
0.0003735850565977361,0.016666666666666607
0.00037359505619775213,0.016666666666666607
0.0003736050557977681,0.016666666666666607
0.0003736150553977841,0.0
0.0003736250549978001,0.016666666666666607
0.0003736350545978161,0.0
0.0003736450541978321,0.033333333333333215
0.0003736550537978481,0.016666666666666607
0.0003736650533978641,0.016666666666666607
0.0003736750529978801,0.016666666666666607
0.0003736850525978961,0.016666666666666607
0.0003736950521979121,0.0
0.0003737050517979281,0.016666666666666607
0.0003737150513979441,0.016666666666666607
0.0003737250509979601,0.0
0.0003737350505979761,0.0
0.0003737450501979921,0.016666666666666607
0.0003737550497980081,0.016666666666666607
0.0003737650493980241,0.016666666666666607
0.0003737750489980401,0.016666666666666607
0.0003737850485980561,0.016666666666666607
0.0003737950481980721,0.016666666666666607
0.0003738050477980881,0.016666666666666607
0.0003738150473981041,0.0
0.00037382504699812007,0.016666666666666607
0.0003738350465981361,0.016666666666666607
0.0003738450461981521,0.016666666666666607
0.0003738550457981681,0.0
0.0003738650453981841,0.016666666666666607
0.00037387504499820007,0.016666666666666607
0.0003738850445982161,0.016666666666666607
0.0003738950441982321,0.016666666666666607
0.0003739050437982481,0.016666666666666607
0.0003739150433982641,0.016666666666666607
0.0003739250429982801,0.016666666666666607
0.0003739350425982961,0.016666666666666607
0.0003739450421983121,0.016666666666666607
0.00037395504179832807,0.0
0.0003739650413983441,0.016666666666666607
0.0003739750409983601,0.0
0.0003739850405983761,0.0
0.0003739950401983921,0.016666666666666607
0.00037400503979840807,0.016666666666666607
0.0003740150393984241,0.016666666666666607
0.0003740250389984401,0.016666666666666607
0.0003740350385984561,0.016666666666666607
0.0003740450381984721,0.016666666666666607
0.00037405503779848806,0.0
0.0003740650373985041,0.0
0.0003740750369985201,0.016666666666666607
0.00037408503659853607,0.016666666666666607
0.0003740950361985521,0.016666666666666607
0.00037410503579856806,0.016666666666666607
0.0003741150353985841,0.016666666666666607
0.0003741250349986001,0.016666666666666607
0.00037413503459861607,0.016666666666666607
0.0003741450341986321,0.0
0.00037415503379864806,0.0
0.0003741650333986641,0.016666666666666607
0.0003741750329986801,0.016666666666666607
0.00037418503259869606,0.016666666666666607
0.0003741950321987121,0.016666666666666607
0.00037420503179872805,0.016666666666666607
0.00037421503139874407,0.016666666666666607
0.0003742250309987601,0.016666666666666607
0.00037423503059877606,0.016666666666666607
0.0003742450301987921,0.016666666666666607
0.00037425502979880805,0.016666666666666607
0.00037426502939882407,0.016666666666666607
0.0003742750289988401,0.016666666666666607
0.00037428502859885606,0.0
0.0003742950281988721,0.0
0.00037430502779888804,0.016666666666666607
0.00037431502739890406,0.0
0.0003743250269989201,0.0
0.00037433502659893605,0.0
0.0003743450261989521,0.0
0.00037435502579896804,0.0
0.00037436502539898406,0.0
0.0003743750249990001,0.0
0.00037438502459901605,0.0
0.00037439502419903207,0.016666666666666607
0.00037440502379904804,0.016666666666666607
0.00037441502339906406,0.016666666666666607
0.0003744250229990801,0.016666666666666607
0.00037443502259909605,0.016666666666666607
0.00037444502219911207,0.033333333333333215
0.00037445502179912803,0.033333333333333215
0.00037446502139914405,0.033333333333333215
0.0003744750209991601,0.033333333333333215
0.00037448502059917604,0.033333333333333215
0.00037449502019919206,0.033333333333333215
0.00037450501979920803,0.016666666666666607
0.00037451501939922405,0.0
0.00037452501899924007,0.016666666666666607
0.00037453501859925604,0.0
0.00037454501819927206,0.0
0.000374555017799288,-0.016666666666666607
0.00037456501739930405,-0.016666666666666607
0.00037457501699932007,-0.016666666666666607
0.00037458501659933603,-0.016666666666666607
0.00037459501619935205,-0.016666666666666607
0.000374605015799368,-0.016666666666666607
0.00037461501539938404,0.0
0.00037462501499940006,0.0
0.00037463501459941603,0.016666666666666607
0.00037464501419943205,0.016666666666666607
0.000374655013799448,0.016666666666666607
0.00037466501339946404,0.016666666666666607
0.00037467501299948006,0.016666666666666607
0.000374685012599496,0.016666666666666607
0.00037469501219951205,0.033333333333333215
0.000374705011799528,0.033333333333333215
0.00037471501139954403,0.033333333333333215
0.00037472501099956006,0.016666666666666607
0.000374735010599576,0.016666666666666607
0.00037474501019959204,0.016666666666666607
0.000374755009799608,0.0
0.00037476500939962403,0.016666666666666607
0.00037477500899964005,0.0
0.000374785008599656,0.016666666666666607
0.00037479500819967204,0.016666666666666607
0.000374805007799688,0.0
0.00037481500739970403,0.0
0.00037482500699972005,0.016666666666666607
0.000374835006599736,0.0
0.00037484500619975204,0.016666666666666607
0.00037485500579976806,0.0
0.000374865005399784,0.0
0.00037487500499980004,0.0
0.000374885004599816,0.0
0.00037489500419983203,0.0
0.00037490500379984805,0.0
0.000374915003399864,0.016666666666666607
0.00037492500299988004,0.016666666666666607
0.000374935002599896,0.016666666666666607
0.00037494500219991203,0.016666666666666607
0.00037495500179992805,0.016666666666666607
0.000374965001399944,0.016666666666666607
0.00037497500099996004,0.033333333333333215
0.000374985000599976,0.033333333333333215
0.000374995000199992,0.016666666666666607
0.00037500499980000805,0.033333333333333215
0.000375014999400024,0.016666666666666607
0.00037502499900004003,0.0
0.000375034998600056,0.016666666666666607
0.000375044998200072,0.016666666666666607
0.00037505499780008804,0.016666666666666607
0.000375064997400104,0.016666666666666607
0.00037507499700012003,0.0
0.000375084996600136,0.0
0.000375094996200152,0.0
0.00037510499580016804,0.016666666666666607
0.000375114995400184,0.0
0.0003751249950002,0.0
0.000375134994600216,0.0
0.000375144994200232,0.0
0.00037515499380024803,0.016666666666666607
0.000375164993400264,0.016666666666666607
0.00037517499300028,0.016666666666666607
0.000375184992600296,0.016666666666666607
0.000375194992200312,0.016666666666666607
0.00037520499180032803,0.016666666666666607
0.000375214991400344,0.016666666666666607
0.00037522499100036,0.0
0.000375234990600376,0.016666666666666607
0.000375244990200392,0.016666666666666607
0.000375254989800408,0.016666666666666607
0.000375264989400424,0.016666666666666607
0.00037527498900044,0.016666666666666607
0.000375284988600456,0.016666666666666607
0.000375294988200472,0.033333333333333215
0.000375304987800488,0.016666666666666607
0.000375314987400504,0.016666666666666607
0.00037532498700052,0.016666666666666607
0.000375334986600536,0.016666666666666607
0.000375344986200552,0.016666666666666607
0.000375354985800568,0.016666666666666607
0.000375364985400584,0.016666666666666607
0.0003753749850006,0.016666666666666607
0.000375384984600616,0.0
0.000375394984200632,0.0
0.000375404983800648,0.016666666666666607
0.000375414983400664,0.0
0.00037542498300068,0.0
0.00037543498260069597,0.016666666666666607
0.000375444982200712,0.016666666666666607
0.000375454981800728,0.0
0.000375464981400744,0.016666666666666607
0.00037547498100076,0.016666666666666607
0.00037548498060077597,0.016666666666666607
0.000375494980200792,0.016666666666666607
0.000375504979800808,0.016666666666666607
0.000375514979400824,0.016666666666666607
0.00037552497900084,0.016666666666666607
0.00037553497860085596,0.016666666666666607
0.000375544978200872,0.016666666666666607
0.000375554977800888,0.016666666666666607
0.00037556497740090397,0.016666666666666607
0.00037557497700092,0.016666666666666607
0.00037558497660093596,0.016666666666666607
0.000375594976200952,0.016666666666666607
0.000375604975800968,0.016666666666666607
0.00037561497540098397,0.0
0.000375624975001,0.0
0.00037563497460101595,0.0
0.000375644974201032,0.0
0.000375654973801048,0.0
0.00037566497340106396,0.0
0.00037567497300108,0.0
0.00037568497260109595,0.016666666666666607
0.00037569497220111197,0.0
0.000375704971801128,0.016666666666666607
0.00037571497140114396,0.0
0.00037572497100116,0.0
0.00037573497060117595,0.016666666666666607
0.00037574497020119197,0.016666666666666607
0.000375754969801208,0.0
0.00037576496940122396,0.0
0.00037577496900124,0.016666666666666607
0.000375784968601256,0.016666666666666607
0.00037579496820127196,0.0
0.000375804967801288,0.0
0.00037581496740130395,0.016666666666666607
0.00037582496700131997,0.016666666666666607
0.000375834966601336,0.016666666666666607
0.00037584496620135196,0.016666666666666607
0.000375854965801368,0.016666666666666607
0.00037586496540138395,0.016666666666666607
0.00037587496500139997,0.016666666666666607
0.000375884964601416,0.016666666666666607
0.00037589496420143196,0.0
0.000375904963801448,0.0
0.00037591496340146394,0.0
0.00037592496300147997,0.0
0.000375934962601496,0.0
0.00037594496220151195,0.0
0.000375954961801528,0.016666666666666607
0.00037596496140154394,0.016666666666666607
0.00037597496100155996,0.0
0.000375984960601576,0.016666666666666607
0.00037599496020159195,0.0
0.00037600495980160797,0.016666666666666607
0.00037601495940162394,0.016666666666666607
0.00037602495900163996,0.016666666666666607
0.000376034958601656,0.016666666666666607
0.00037604495820167195,0.016666666666666607
0.00037605495780168797,0.016666666666666607
0.00037606495740170393,0.016666666666666607
0.00037607495700171995,0.016666666666666607
0.000376084956601736,0.016666666666666607
0.00037609495620175194,0.016666666666666607
0.00037610495580176796,0.016666666666666607
0.00037611495540178393,0.016666666666666607
0.00037612495500179995,0.0
0.00037613495460181597,0.016666666666666607
0.00037614495420183194,0.0
0.00037615495380184796,0.016666666666666607
0.0003761649534018639,0.016666666666666607
0.00037617495300187995,0.016666666666666607
0.00037618495260189597,0.016666666666666607
0.00037619495220191193,0.016666666666666607
0.00037620495180192795,0.0
0.0003762149514019439,0.016666666666666607
0.00037622495100195994,0.016666666666666607
0.00037623495060197596,0.016666666666666607
0.00037624495020199193,0.016666666666666607
0.00037625494980200795,0.016666666666666607
0.0003762649494020239,0.016666666666666607
0.00037627494900203994,0.016666666666666607
0.00037628494860205596,0.016666666666666607
0.0003762949482020719,0.016666666666666607
0.00037630494780208795,0.016666666666666607
0.0003763149474021039,0.0
0.00037632494700211993,0.0
0.00037633494660213596,0.0
0.0003763449462021519,0.016666666666666607
0.00037635494580216794,0.0
0.0003763649454021839,0.016666666666666607
0.00037637494500219993,0.0
0.00037638494460221595,0.016666666666666607
0.0003763949442022319,0.016666666666666607
0.00037640494380224794,0.016666666666666607
0.0003764149434022639,0.016666666666666607
0.00037642494300227993,0.016666666666666607
0.00037643494260229595,0.0
0.0003764449422023119,0.016666666666666607
0.00037645494180232794,0.016666666666666607
0.0003764649414023439,0.016666666666666607
0.0003764749410023599,0.016666666666666607
0.00037648494060237594,0.016666666666666607
0.0003764949402023919,0.016666666666666607
0.00037650493980240793,0.016666666666666607
0.0003765149394024239,0.016666666666666607
0.0003765249390024399,0.016666666666666607
0.00037653493860245594,0.016666666666666607
0.0003765449382024719,0.016666666666666607
0.00037655493780248793,0.0
0.0003765649374025039,0.0
0.0003765749370025199,0.0
0.00037658493660253594,0.0
0.0003765949362025519,0.016666666666666607
0.0003766049358025679,0.016666666666666607
0.0003766149354025839,0.016666666666666607
0.0003766249350025999,0.0
0.00037663493460261593,0.016666666666666607
0.0003766449342026319,0.0
0.0003766549338026479,0.016666666666666607
0.0003766649334026639,0.016666666666666607
0.0003766749330026799,0.016666666666666607
0.00037668493260269593,0.016666666666666607
0.0003766949322027119,0.016666666666666607
0.0003767049318027279,0.016666666666666607
0.00037671493140274394,0.016666666666666607
0.0003767249310027599,0.016666666666666607
0.0003767349306027759,0.016666666666666607
0.0003767449302027919,0.016666666666666607
0.0003767549298028079,0.016666666666666607
0.00037676492940282393,0.016666666666666607
0.0003767749290028399,0.016666666666666607
0.0003767849286028559,0.016666666666666607
0.0003767949282028719,0.0
0.0003768049278028879,0.016666666666666607
0.00037681492740290393,0.016666666666666607
0.0003768249270029199,0.0
0.0003768349266029359,0.016666666666666607
0.0003768449262029519,0.0
0.0003768549258029679,0.0
0.0003768649254029839,0.016666666666666607
0.0003768749250029999,0.0
0.0003768849246030159,0.0
0.0003768949242030319,0.016666666666666607
0.0003769049238030479,0.016666666666666607
0.0003769149234030639,0.016666666666666607
0.0003769249230030799,0.0
0.0003769349226030959,0.016666666666666607
0.0003769449222031119,0.016666666666666607
0.0003769549218031279,0.0
0.0003769649214031439,0.016666666666666607
0.0003769749210031599,0.016666666666666607
0.0003769849206031759,0.016666666666666607
0.0003769949202031919,0.016666666666666607
0.0003770049198032079,0.016666666666666607
0.0003770149194032239,0.016666666666666607
0.0003770249190032399,0.016666666666666607
0.0003770349186032559,0.0
0.00037704491820327187,0.016666666666666607
0.0003770549178032879,0.016666666666666607
0.0003770649174033039,0.016666666666666607
0.0003770749170033199,0.0
0.0003770849166033359,0.016666666666666607
0.00037709491620335187,0.016666666666666607
0.0003771049158033679,0.016666666666666607
0.0003771149154033839,0.016666666666666607
0.0003771249150033999,0.016666666666666607
0.0003771349146034159,0.0
0.00037714491420343186,0.016666666666666607
0.0003771549138034479,0.016666666666666607
0.0003771649134034639,0.0
0.00037717491300347987,0.016666666666666607
0.0003771849126034959,0.016666666666666607
0.00037719491220351186,0.016666666666666607
0.0003772049118035279,0.016666666666666607
0.0003772149114035439,0.016666666666666607
0.00037722491100355987,0.016666666666666607
0.0003772349106035759,0.016666666666666607
0.00037724491020359185,0.0
0.0003772549098036079,0.0
0.0003772649094036239,0.016666666666666607
0.00037727490900363986,0.016666666666666607
0.0003772849086036559,0.016666666666666607
0.00037729490820367185,0.016666666666666607
0.00037730490780368787,0.016666666666666607
0.0003773149074037039,0.016666666666666607
0.00037732490700371986,0.016666666666666607
0.0003773349066037359,0.016666666666666607
0.00037734490620375185,0.016666666666666607
0.00037735490580376787,0.016666666666666607
0.0003773649054037839,0.016666666666666607
0.00037737490500379986,0.0
0.0003773849046038159,0.016666666666666607
0.00037739490420383184,0.016666666666666607
0.00037740490380384786,0.016666666666666607
0.0003774149034038639,0.016666666666666607
0.00037742490300387985,0.0
0.00037743490260389587,0.016666666666666607
0.00037744490220391184,0.016666666666666607
0.00037745490180392786,0.0
0.0003774649014039439,0.016666666666666607
0.00037747490100395985,0.016666666666666607
0.00037748490060397587,0.0
0.00037749490020399184,0.016666666666666607
0.00037750489980400786,0.016666666666666607
0.0003775148994040239,0.016666666666666607
0.00037752489900403984,0.016666666666666607
0.00037753489860405587,0.0
0.00037754489820407183,0.016666666666666607
0.00037755489780408785,0.016666666666666607
0.0003775648974041039,0.016666666666666607
0.00037757489700411984,0.016666666666666607
0.00037758489660413586,0.0
0.00037759489620415183,0.016666666666666607
0.00037760489580416785,0.016666666666666607
0.00037761489540418387,0.016666666666666607
0.00037762489500419984,0.016666666666666607
0.00037763489460421586,0.016666666666666607
0.0003776448942042319,0.016666666666666607
0.00037765489380424785,0.016666666666666607
0.00037766489340426387,0.016666666666666607
0.00037767489300427983,0.016666666666666607
0.00037768489260429585,0.0
0.0003776948922043119,0.0
0.00037770489180432784,0.0
0.00037771489140434386,0.016666666666666607
0.00037772489100435983,0.016666666666666607
0.00037773489060437585,0.016666666666666607
0.00037774489020439187,0.016666666666666607
0.00037775488980440784,0.016666666666666607
0.00037776488940442386,0.016666666666666607
0.0003777748890044398,0.033333333333333215
0.00037778488860445585,0.016666666666666607
0.00037779488820447187,0.016666666666666607
0.00037780488780448783,0.016666666666666607
0.00037781488740450385,0.0
0.0003778248870045198,0.016666666666666607
0.00037783488660453584,0.0
0.00037784488620455186,0.0
0.00037785488580456783,0.016666666666666607
0.00037786488540458385,0.016666666666666607
0.0003778748850045998,0.0
0.00037788488460461584,0.016666666666666607
0.00037789488420463186,0.016666666666666607
0.0003779048838046478,0.0
0.00037791488340466385,0.016666666666666607
0.0003779248830046798,0.016666666666666607
0.00037793488260469583,0.016666666666666607
0.00037794488220471186,0.016666666666666607
0.0003779548818047278,0.016666666666666607
0.00037796488140474384,0.016666666666666607
0.0003779748810047598,0.016666666666666607
0.00037798488060477583,0.016666666666666607
0.00037799488020479185,0.016666666666666607
0.0003780048798048078,0.016666666666666607
0.00037801487940482384,0.0
0.0003780248790048398,0.016666666666666607
0.00037803487860485583,0.0
0.00037804487820487185,0.0
0.0003780548778048878,0.0
0.00037806487740490384,0.016666666666666607
0.0003780748770049198,0.0
0.0003780848766049358,0.016666666666666607
0.00037809487620495184,0.0
0.0003781048758049678,0.016666666666666607
0.00037811487540498383,0.0
0.0003781248750049998,0.016666666666666607
0.0003781348746050158,0.016666666666666607
0.00037814487420503184,0.033333333333333215
0.0003781548738050478,0.0
0.00037816487340506383,0.016666666666666607
0.0003781748730050798,0.016666666666666607
0.0003781848726050958,0.0
0.00037819487220511184,0.016666666666666607
0.0003782048718051278,0.016666666666666607
0.0003782148714051438,0.016666666666666607
0.0003782248710051598,0.016666666666666607
0.0003782348706051758,0.016666666666666607
0.00037824487020519183,0.016666666666666607
0.0003782548698052078,0.016666666666666607
0.0003782648694052238,0.016666666666666607
0.0003782748690052398,0.016666666666666607
0.0003782848686052558,0.016666666666666607
0.00037829486820527183,0.016666666666666607
0.0003783048678052878,0.016666666666666607
0.0003783148674053038,0.0
0.0003783248670053198,0.016666666666666607
0.0003783348666053358,0.016666666666666607
0.0003783448662053518,0.016666666666666607
0.0003783548658053678,0.0
0.0003783648654053838,0.016666666666666607
0.0003783748650053998,0.0
0.0003783848646054158,0.016666666666666607
0.0003783948642054318,0.016666666666666607
0.0003784048638054478,0.016666666666666607
0.0003784148634054638,0.0
0.0003784248630054798,0.016666666666666607
0.0003784348626054958,0.016666666666666607
0.0003784448622055118,0.016666666666666607
0.0003784548618055278,0.016666666666666607
0.0003784648614055438,0.016666666666666607
0.00037847486100555977,0.0
0.0003784848606055758,0.016666666666666607
0.0003784948602055918,0.016666666666666607
0.0003785048598056078,0.016666666666666607
0.0003785148594056238,0.016666666666666607
0.00037852485900563977,0.016666666666666607
0.0003785348586056558,0.016666666666666607
0.0003785448582056718,0.016666666666666607
0.0003785548578056878,0.0
0.0003785648574057038,0.016666666666666607
0.0003785748570057198,0.016666666666666607
0.0003785848566057358,0.016666666666666607
0.0003785948562057518,0.0
0.0003786048558057678,0.016666666666666607
0.0003786148554057838,0.016666666666666607
0.0003786248550057998,0.016666666666666607
0.0003786348546058158,0.0
0.0003786448542058318,0.016666666666666607
0.00037865485380584777,0.0
0.0003786648534058638,0.016666666666666607
0.0003786748530058798,0.016666666666666607
0.0003786848526058958,0.016666666666666607
0.0003786948522059118,0.016666666666666607
0.00037870485180592777,0.016666666666666607
0.0003787148514059438,0.0
0.0003787248510059598,0.016666666666666607
0.0003787348506059758,0.0
0.0003787448502059918,0.016666666666666607
0.00037875484980600776,0.016666666666666607
0.0003787648494060238,0.016666666666666607
0.0003787748490060398,0.0
0.00037878484860605577,0.016666666666666607
0.0003787948482060718,0.016666666666666607
0.00037880484780608776,0.016666666666666607
0.0003788148474061038,0.0
0.0003788248470061198,0.016666666666666607
0.00037883484660613577,0.016666666666666607
0.0003788448462061518,0.0
0.00037885484580616775,0.016666666666666607
0.0003788648454061838,0.0
0.0003788748450061998,0.016666666666666607
0.00037888484460621576,0.016666666666666607
0.0003788948442062318,0.0
0.00037890484380624775,0.016666666666666607
0.00037891484340626377,0.016666666666666607
0.0003789248430062798,0.016666666666666607
0.00037893484260629576,0.0
0.0003789448422063118,0.016666666666666607
0.00037895484180632775,0.0
0.00037896484140634377,0.016666666666666607
0.0003789748410063598,0.016666666666666607
0.00037898484060637576,0.016666666666666607
0.0003789948402063918,0.016666666666666607
0.00037900483980640774,0.0
0.00037901483940642376,0.016666666666666607
0.0003790248390064398,0.016666666666666607
0.00037903483860645575,0.016666666666666607
0.00037904483820647177,0.016666666666666607
0.00037905483780648774,0.016666666666666607
0.00037906483740650376,0.0
0.0003790748370065198,0.0
0.00037908483660653575,0.0
0.00037909483620655177,0.0
0.00037910483580656774,0.016666666666666607
0.00037911483540658376,0.033333333333333215
0.0003791248350065998,0.016666666666666607
0.00037913483460661574,0.016666666666666607
0.00037914483420663177,0.016666666666666607
0.00037915483380664773,0.0
0.00037916483340666375,0.016666666666666607
0.0003791748330066798,0.016666666666666607
0.00037918483260669574,0.016666666666666607
0.00037919483220671176,0.016666666666666607
0.00037920483180672773,0.0
0.00037921483140674375,0.0
0.00037922483100675977,0.0
0.00037923483060677574,0.0
0.00037924483020679176,0.033333333333333215
0.0003792548298068077,0.016666666666666607
0.00037926482940682375,0.016666666666666607
0.00037927482900683977,0.016666666666666607
0.00037928482860685573,0.0
0.00037929482820687175,0.0
0.0003793048278068877,0.016666666666666607
0.00037931482740690374,0.0
0.00037932482700691976,0.016666666666666607
0.00037933482660693573,0.016666666666666607
0.00037934482620695175,0.016666666666666607
0.0003793548258069677,0.0
0.00037936482540698374,0.016666666666666607
0.00037937482500699976,0.016666666666666607
0.0003793848246070157,0.016666666666666607
0.00037939482420703175,0.0
0.0003794048238070477,0.016666666666666607
0.00037941482340706373,0.0
0.00037942482300707975,0.0
0.0003794348226070957,0.0
0.00037944482220711174,0.016666666666666607
0.0003794548218071277,0.016666666666666607
0.00037946482140714373,0.016666666666666607
0.00037947482100715975,0.016666666666666607
0.0003794848206071757,0.016666666666666607
0.00037949482020719174,0.0
0.00037950481980720776,0.016666666666666607
0.0003795148194072237,0.016666666666666607
0.00037952481900723975,0.016666666666666607
0.0003795348186072557,0.016666666666666607
0.00037954481820727173,0.016666666666666607
0.00037955481780728776,0.016666666666666607
0.0003795648174073037,0.016666666666666607
0.00037957481700731974,0.016666666666666607
0.0003795848166073357,0.016666666666666607
0.00037959481620735173,0.0
0.00037960481580736775,0.016666666666666607
0.0003796148154073837,0.0
0.00037962481500739974,0.016666666666666607
0.0003796348146074157,0.0
0.00037964481420743173,0.016666666666666607
0.00037965481380744775,0.016666666666666607
0.0003796648134074637,0.0
0.00037967481300747974,0.0
0.0003796848126074957,0.016666666666666607
0.0003796948122075117,0.0
0.00037970481180752774,0.0
0.0003797148114075437,0.016666666666666607
0.00037972481100755973,0.016666666666666607
0.0003797348106075757,0.016666666666666607
0.0003797448102075917,0.016666666666666607
0.00037975480980760774,0.0
0.0003797648094076237,0.016666666666666607
0.00037977480900763973,0.016666666666666607
0.0003797848086076557,0.0
0.0003797948082076717,0.016666666666666607
0.00037980480780768774,0.016666666666666607
0.0003798148074077037,0.016666666666666607
0.0003798248070077197,0.016666666666666607
0.0003798348066077357,0.0
0.0003798448062077517,0.016666666666666607
0.00037985480580776773,0.016666666666666607
0.0003798648054077837,0.016666666666666607
0.0003798748050077997,0.0
0.0003798848046078157,0.0
0.0003798948042078317,0.0
0.00037990480380784773,0.016666666666666607
0.0003799148034078637,0.0
0.0003799248030078797,0.0
0.0003799348026078957,0.0
0.0003799448022079117,0.016666666666666607
0.0003799548018079277,0.0
0.0003799648014079437,0.0
0.0003799748010079597,0.0
0.0003799848006079757,0.0
0.0003799948002079917,0.0
0.0003800047998080077,0.016666666666666607
0.0003800147994080237,0.016666666666666607
0.0003800247990080397,0.016666666666666607
0.0003800347986080557,0.016666666666666607
0.0003800447982080717,0.016666666666666607
0.0003800547978080877,0.016666666666666607
0.0003800647974081037,0.016666666666666607
0.0003800747970081197,0.016666666666666607
0.00038008479660813567,0.016666666666666607
0.0003800947962081517,0.016666666666666607
0.0003801047958081677,0.016666666666666607
0.0003801147954081837,0.016666666666666607
0.0003801247950081997,0.016666666666666607
0.00038013479460821567,0.016666666666666607
0.0003801447942082317,0.0
0.0003801547938082477,0.0
0.0003801647934082637,0.0
0.0003801747930082797,0.0
0.00038018479260829566,0.016666666666666607
0.0003801947922083117,0.016666666666666607
0.0003802047918083277,0.016666666666666607
0.0003802147914083437,0.0
0.0003802247910083597,0.016666666666666607
0.00038023479060837566,0.016666666666666607
0.0003802447902083917,0.016666666666666607
0.0003802547898084077,0.0
0.00038026478940842367,0.0
0.0003802747890084397,0.016666666666666607
0.00038028478860845566,0.016666666666666607
0.0003802947882084717,0.016666666666666607
0.0003803047878084877,0.016666666666666607
0.00038031478740850367,0.016666666666666607
0.0003803247870085197,0.016666666666666607
0.00038033478660853565,0.016666666666666607
0.0003803447862085517,0.016666666666666607
0.0003803547858085677,0.0
0.00038036478540858366,0.016666666666666607
0.0003803747850085997,0.016666666666666607
0.00038038478460861565,0.016666666666666607
0.00038039478420863167,0.016666666666666607
0.0003804047838086477,0.016666666666666607
0.00038041478340866366,0.0
0.0003804247830086797,0.016666666666666607
0.0003804347826086957,0.0
0.00038044478220871167,0.016666666666666607
0.0003804547818087277,0.016666666666666607
0.00038046478140874365,0.0
0.0003804747810087597,0.016666666666666607
0.0003804847806087757,0.016666666666666607
0.00038049478020879166,0.016666666666666607
0.0003805047798088077,0.016666666666666607
0.00038051477940882365,0.016666666666666607
0.00038052477900883967,0.016666666666666607
0.0003805347786088557,0.016666666666666607
0.00038054477820887166,0.016666666666666607
0.0003805547778088877,0.016666666666666607
0.00038056477740890365,0.016666666666666607
0.00038057477700891967,0.016666666666666607
0.0003805847766089357,0.016666666666666607
0.00038059477620895166,0.016666666666666607
0.0003806047758089677,0.016666666666666607
0.00038061477540898364,0.016666666666666607
0.00038062477500899966,0.016666666666666607
0.0003806347746090157,0.016666666666666607
0.00038064477420903165,0.016666666666666607
0.00038065477380904767,0.0
0.00038066477340906364,0.016666666666666607
0.00038067477300907966,0.016666666666666607
0.0003806847726090957,0.016666666666666607
0.00038069477220911165,0.016666666666666607
0.00038070477180912767,0.016666666666666607
0.00038071477140914364,0.0
0.00038072477100915966,0.016666666666666607
0.0003807347706091757,0.016666666666666607
0.00038074477020919164,0.016666666666666607
0.00038075476980920767,0.016666666666666607
0.00038076476940922363,0.016666666666666607
0.00038077476900923965,0.016666666666666607
0.0003807847686092557,0.016666666666666607
0.00038079476820927164,0.0
0.00038080476780928766,0.016666666666666607
0.00038081476740930363,0.016666666666666607
0.00038082476700931965,0.0
0.00038083476660933567,0.016666666666666607
0.00038084476620935164,0.016666666666666607
0.00038085476580936766,0.0
0.0003808647654093836,0.016666666666666607
0.00038087476500939965,0.016666666666666607
0.00038088476460941567,0.016666666666666607
0.00038089476420943163,0.016666666666666607
0.00038090476380944765,0.016666666666666607
0.0003809147634094636,0.0
0.00038092476300947964,0.016666666666666607
0.00038093476260949566,0.016666666666666607
0.00038094476220951163,0.016666666666666607
0.00038095476180952765,0.016666666666666607
0.0003809647614095436,0.016666666666666607
0.00038097476100955964,0.0
0.00038098476060957566,0.016666666666666607
0.0003809947602095916,0.0
0.00038100475980960765,0.016666666666666607
0.0003810147594096236,0.0
0.00038102475900963963,0.016666666666666607
0.00038103475860965565,0.016666666666666607
0.0003810447582096716,0.016666666666666607
0.00038105475780968764,0.016666666666666607
0.0003810647574097036,0.0
0.00038107475700971963,0.0
0.00038108475660973565,0.016666666666666607
0.0003810947562097516,0.0
0.00038110475580976764,0.016666666666666607
0.0003811147554097836,0.0
0.0003811247550097996,0.016666666666666607
0.00038113475460981565,0.016666666666666607
0.0003811447542098316,0.016666666666666607
0.00038115475380984763,0.016666666666666607
0.0003811647534098636,0.016666666666666607
0.0003811747530098796,0.0
0.00038118475260989564,0.0
0.0003811947522099116,0.016666666666666607
0.00038120475180992763,0.016666666666666607
0.0003812147514099436,0.0
0.0003812247510099596,0.016666666666666607
0.00038123475060997564,0.0
0.0003812447502099916,0.0
0.00038125474981000763,0.016666666666666607
0.0003812647494100236,0.016666666666666607
0.0003812747490100396,0.016666666666666607
0.00038128474861005564,0.016666666666666607
0.0003812947482100716,0.016666666666666607
0.0003813047478100876,0.016666666666666607
0.0003813147474101036,0.0
0.0003813247470101196,0.016666666666666607
0.00038133474661013563,0.016666666666666607
0.0003813447462101516,0.016666666666666607
0.0003813547458101676,0.0
0.00038136474541018364,0.0
0.0003813747450101996,0.0
0.00038138474461021563,0.016666666666666607
0.0003813947442102316,0.0
0.0003814047438102476,0.0
0.00038141474341026364,0.0
0.0003814247430102796,0.016666666666666607
0.0003814347426102956,0.0
0.0003814447422103116,0.016666666666666607
0.0003814547418103276,0.0
0.00038146474141034363,0.016666666666666607
0.0003814747410103596,0.016666666666666607
0.0003814847406103756,0.016666666666666607
0.0003814947402103916,0.0
0.0003815047398104076,0.0
0.00038151473941042363,0.016666666666666607
0.0003815247390104396,0.016666666666666607
0.0003815347386104556,0.016666666666666607
0.0003815447382104716,0.016666666666666607
0.0003815547378104876,0.0
0.0003815647374105036,0.0
0.0003815747370105196,0.0
0.0003815847366105356,0.0
0.0003815947362105516,0.016666666666666607
0.0003816047358105676,0.016666666666666607
0.0003816147354105836,0.016666666666666607
0.0003816247350105996,0.0
0.0003816347346106156,0.016666666666666607
0.0003816447342106316,0.0
0.0003816547338106476,0.016666666666666607
0.0003816647334106636,0.016666666666666607
0.0003816747330106796,0.0
0.0003816847326106956,0.016666666666666607
0.00038169473221071157,0.016666666666666607
0.0003817047318107276,0.016666666666666607
0.0003817147314107436,0.0
0.0003817247310107596,0.016666666666666607
0.0003817347306107756,0.0
0.00038174473021079157,0.0
0.0003817547298108076,0.0
0.0003817647294108236,0.0
0.0003817747290108396,0.016666666666666607
0.0003817847286108556,0.016666666666666607
0.00038179472821087156,0.016666666666666607
0.0003818047278108876,0.0
0.0003818147274109036,0.0
0.0003818247270109196,0.0
0.0003818347266109356,0.016666666666666607
0.00038184472621095156,0.016666666666666607
0.0003818547258109676,0.016666666666666607
0.0003818647254109836,0.016666666666666607
0.00038187472501099957,0.016666666666666607
0.0003818847246110156,0.0
0.00038189472421103156,0.016666666666666607
0.0003819047238110476,0.0
0.0003819147234110636,0.016666666666666607
0.00038192472301107957,0.016666666666666607
0.0003819347226110956,0.016666666666666607
0.00038194472221111155,0.016666666666666607
0.0003819547218111276,0.016666666666666607
0.0003819647214111436,0.0
0.00038197472101115956,0.016666666666666607
0.0003819847206111756,0.0
0.00038199472021119155,0.016666666666666607
0.00038200471981120757,0.016666666666666607
0.0003820147194112236,0.016666666666666607
0.00038202471901123956,0.016666666666666607
0.0003820347186112556,0.0
0.00038204471821127155,0.016666666666666607
0.00038205471781128757,0.016666666666666607
0.0003820647174113036,0.016666666666666607
0.00038207471701131955,0.016666666666666607
0.0003820847166113356,0.016666666666666607
0.00038209471621135154,0.0
0.00038210471581136756,0.016666666666666607
0.0003821147154113836,0.016666666666666607
0.00038212471501139955,0.016666666666666607
0.00038213471461141557,0.016666666666666607
0.00038214471421143154,0.016666666666666607
0.00038215471381144756,0.016666666666666607
0.0003821647134114636,0.016666666666666607
0.00038217471301147955,0.016666666666666607
0.00038218471261149557,0.0
0.00038219471221151153,0.0
0.00038220471181152756,0.016666666666666607
0.0003822147114115436,0.016666666666666607
0.00038222471101155954,0.016666666666666607
0.00038223471061157556,0.0
0.00038224471021159153,0.0
0.00038225470981160755,0.0
0.00038226470941162357,0.016666666666666607
0.00038227470901163954,0.0
0.00038228470861165556,0.0
0.0003822947082116716,0.0
0.00038230470781168755,0.016666666666666607
0.00038231470741170357,0.016666666666666607
0.00038232470701171954,0.016666666666666607
0.00038233470661173556,0.016666666666666607
0.0003823447062117516,0.016666666666666607
0.00038235470581176754,0.016666666666666607
0.00038236470541178357,0.016666666666666607
0.00038237470501179953,0.016666666666666607
0.00038238470461181555,0.016666666666666607
0.0003823947042118316,0.0
0.00038240470381184754,0.016666666666666607
0.00038241470341186356,0.0
0.00038242470301187953,0.0
0.00038243470261189555,0.016666666666666607
0.00038244470221191157,0.016666666666666607
0.00038245470181192754,0.016666666666666607
0.00038246470141194356,0.016666666666666607
0.0003824747010119595,0.016666666666666607
0.00038248470061197555,0.016666666666666607
0.00038249470021199157,0.016666666666666607
0.00038250469981200753,0.016666666666666607
0.00038251469941202355,0.016666666666666607
0.0003825246990120395,0.0
0.00038253469861205554,0.016666666666666607
0.00038254469821207156,0.016666666666666607
0.00038255469781208753,0.0
0.00038256469741210355,0.016666666666666607
0.0003825746970121195,0.0
0.00038258469661213554,0.016666666666666607
0.00038259469621215156,0.0
0.0003826046958121675,0.0
0.00038261469541218355,0.016666666666666607
0.0003826246950121995,0.016666666666666607
0.00038263469461221553,0.0
0.00038264469421223155,0.016666666666666607
0.0003826546938122475,0.016666666666666607
0.00038266469341226354,0.016666666666666607
0.0003826746930122795,0.016666666666666607
0.00038268469261229553,0.0
0.00038269469221231155,0.0
0.0003827046918123275,0.016666666666666607
0.00038271469141234354,0.016666666666666607
0.0003827246910123595,0.016666666666666607
0.0003827346906123755,0.016666666666666607
0.00038274469021239155,0.016666666666666607
0.0003827546898124075,0.016666666666666607
0.00038276468941242353,0.016666666666666607
0.0003827746890124395,0.0
0.0003827846886124555,0.016666666666666607
0.00038279468821247154,0.0
0.0003828046878124875,0.016666666666666607
0.00038281468741250353,0.0
0.0003828246870125195,0.0
0.0003828346866125355,0.0
0.00038284468621255154,0.016666666666666607
0.0003828546858125675,0.0
0.00038286468541258353,0.016666666666666607
0.0003828746850125995,0.0
0.0003828846846126155,0.016666666666666607
0.00038289468421263154,0.016666666666666607
0.0003829046838126475,0.0
0.0003829146834126635,0.016666666666666607
0.0003829246830126795,0.016666666666666607
0.0003829346826126955,0.016666666666666607
0.00038294468221271153,0.016666666666666607
0.0003829546818127275,0.016666666666666607
0.0003829646814127435,0.016666666666666607
0.0003829746810127595,0.016666666666666607
0.0003829846806127755,0.0
0.00038299468021279153,0.016666666666666607
0.0003830046798128075,0.016666666666666607
0.0003830146794128235,0.016666666666666607
0.0003830246790128395,0.016666666666666607
0.0003830346786128555,0.0
0.0003830446782128715,0.016666666666666607
0.0003830546778128875,0.0
0.0003830646774129035,0.0
0.0003830746770129195,0.016666666666666607
0.0003830846766129355,0.0
0.0003830946762129515,0.016666666666666607
0.0003831046758129675,0.016666666666666607
0.0003831146754129835,0.0
0.0003831246750129995,0.016666666666666607
0.0003831346746130155,0.016666666666666607
0.0003831446742130315,0.016666666666666607
0.0003831546738130475,0.0
0.0003831646734130635,0.016666666666666607
0.00038317467301307947,0.016666666666666607
0.0003831846726130955,0.016666666666666607
0.0003831946722131115,0.016666666666666607
0.0003832046718131275,0.016666666666666607
0.0003832146714131435,0.016666666666666607
0.0003832246710131595,0.016666666666666607
0.0003832346706131755,0.016666666666666607
0.0003832446702131915,0.016666666666666607
0.0003832546698132075,0.0
0.0003832646694132235,0.016666666666666607
0.0003832746690132395,0.016666666666666607
0.0003832846686132555,0.0
0.0003832946682132715,0.016666666666666607
0.00038330466781328747,0.0
0.0003833146674133035,0.016666666666666607
0.0003833246670133195,0.0
0.0003833346666133355,0.016666666666666607
0.0003833446662133515,0.016666666666666607
0.00038335466581336747,0.0
0.0003833646654133835,0.0
0.0003833746650133995,0.0
0.0003833846646134155,0.0
0.0003833946642134315,0.016666666666666607
0.00038340466381344746,0.016666666666666607
0.0003834146634134635,0.016666666666666607
0.0003834246630134795,0.0
0.0003834346626134955,0.016666666666666607
0.0003834446622135115,0.033333333333333215
0.00038345466181352746,0.0
0.0003834646614135435,0.016666666666666607
0.0003834746610135595,0.016666666666666607
0.00038348466061357547,0.016666666666666607
0.0003834946602135915,0.016666666666666607
0.00038350465981360746,0.016666666666666607
0.0003835146594136235,0.016666666666666607
0.0003835246590136395,0.016666666666666607
0.00038353465861365547,0.0
0.0003835446582136715,0.016666666666666607
0.00038355465781368745,0.0
0.0003835646574137035,0.0
0.0003835746570137195,0.0
0.00038358465661373546,0.016666666666666607
0.0003835946562137515,0.0
0.00038360465581376745,0.016666666666666607
0.00038361465541378347,0.016666666666666607
0.0003836246550137995,0.0
0.00038363465461381546,0.016666666666666607
0.0003836446542138315,0.0
0.00038365465381384745,0.0
0.00038366465341386347,0.0
0.0003836746530138795,0.0
0.00038368465261389545,0.016666666666666607
0.0003836946522139115,0.016666666666666607
0.00038370465181392744,0.016666666666666607
0.00038371465141394346,0.016666666666666607
0.0003837246510139595,0.016666666666666607
0.00038373465061397545,0.016666666666666607
0.00038374465021399147,0.016666666666666607
0.00038375464981400744,0.016666666666666607
0.00038376464941402346,0.016666666666666607
0.0003837746490140395,0.016666666666666607
0.00038378464861405545,0.016666666666666607
0.00038379464821407147,0.016666666666666607
0.00038380464781408743,0.016666666666666607
0.00038381464741410346,0.0
0.0003838246470141195,0.0
0.00038383464661413544,0.0
0.00038384464621415146,0.016666666666666607
0.00038385464581416743,0.0
0.00038386464541418345,0.016666666666666607
0.00038387464501419947,0.0
0.00038388464461421544,0.016666666666666607
0.00038389464421423146,0.016666666666666607
0.00038390464381424743,0.0
0.00038391464341426345,0.016666666666666607
0.00038392464301427947,0.016666666666666607
0.00038393464261429544,0.016666666666666607
0.00038394464221431146,0.016666666666666607
0.0003839546418143274,0.016666666666666607
0.00038396464141434344,0.016666666666666607
0.00038397464101435947,0.016666666666666607
0.00038398464061437543,0.0
0.00038399464021439145,0.016666666666666607
0.0003840046398144074,0.016666666666666607
0.00038401463941442344,0.016666666666666607
0.00038402463901443946,0.016666666666666607
0.00038403463861445543,0.0
0.00038404463821447145,0.016666666666666607
0.0003840546378144874,0.016666666666666607
0.00038406463741450344,0.016666666666666607
0.00038407463701451946,0.016666666666666607
0.0003840846366145354,0.033333333333333215
0.00038409463621455145,0.0
0.0003841046358145674,0.016666666666666607
0.00038411463541458343,0.016666666666666607
0.00038412463501459945,0.0
0.0003841346346146154,0.016666666666666607
0.00038414463421463144,0.016666666666666607
0.00038415463381464746,0.0
0.00038416463341466343,0.016666666666666607
0.00038417463301467945,0.0
0.0003841846326146954,0.016666666666666607
0.00038419463221471144,0.0
0.00038420463181472746,0.016666666666666607
0.0003842146314147434,0.0
0.00038422463101475945,0.016666666666666607
0.0003842346306147754,0.0
0.00038424463021479143,0.016666666666666607
0.00038425462981480745,0.0
0.0003842646294148234,0.0
0.00038427462901483944,0.0
0.0003842846286148554,0.016666666666666607
0.00038429462821487143,0.0
0.00038430462781488745,0.016666666666666607
0.0003843146274149034,0.0
0.00038432462701491944,0.016666666666666607
0.0003843346266149354,0.0
0.0003843446262149514,0.016666666666666607
0.00038435462581496745,0.016666666666666607
0.0003843646254149834,0.016666666666666607
0.00038437462501499943,0.016666666666666607
0.0003843846246150154,0.016666666666666607
0.0003843946242150314,0.0
0.00038440462381504744,0.016666666666666607
0.0003844146234150634,0.016666666666666607
0.00038442462301507943,0.016666666666666607
0.0003844346226150954,0.016666666666666607
0.0003844446222151114,0.016666666666666607
0.00038445462181512744,0.0
0.0003844646214151434,0.0
0.00038447462101515943,0.016666666666666607
0.0003844846206151754,0.016666666666666607
0.0003844946202151914,0.016666666666666607
0.00038450461981520744,0.016666666666666607
0.0003845146194152234,0.016666666666666607
0.0003845246190152394,0.0
0.0003845346186152554,0.016666666666666607
0.0003845446182152714,0.016666666666666607
0.00038455461781528743,0.016666666666666607
0.0003845646174153034,0.016666666666666607
0.0003845746170153194,0.016666666666666607
0.0003845846166153354,0.016666666666666607
0.0003845946162153514,0.0
0.00038460461581536743,0.016666666666666607
0.0003846146154153834,0.016666666666666607
0.0003846246150153994,0.016666666666666607
0.0003846346146154154,0.016666666666666607
0.0003846446142154314,0.016666666666666607
0.0003846546138154474,0.016666666666666607
0.0003846646134154634,0.016666666666666607
0.0003846746130154794,0.016666666666666607
0.0003846846126154954,0.016666666666666607
0.0003846946122155114,0.0
0.0003847046118155274,0.016666666666666607
0.0003847146114155434,0.016666666666666607
0.0003847246110155594,0.016666666666666607
0.0003847346106155754,0.0
0.0003847446102155914,0.016666666666666607
0.0003847546098156074,0.016666666666666607
0.0003847646094156234,0.0
0.0003847746090156394,0.016666666666666607
0.00038478460861565537,0.0
0.0003847946082156714,0.0
0.0003848046078156874,0.016666666666666607
0.0003848146074157034,0.016666666666666607
0.0003848246070157194,0.016666666666666607
0.00038483460661573537,0.016666666666666607
0.0003848446062157514,0.016666666666666607
0.0003848546058157674,0.016666666666666607
0.0003848646054157834,0.016666666666666607
0.0003848746050157994,0.0
0.00038488460461581536,0.016666666666666607
0.0003848946042158314,0.016666666666666607
0.0003849046038158474,0.0
0.00038491460341586337,0.016666666666666607
0.0003849246030158794,0.016666666666666607
0.00038493460261589536,0.016666666666666607
0.0003849446022159114,0.016666666666666607
0.0003849546018159274,0.016666666666666607
0.00038496460141594337,0.016666666666666607
0.0003849746010159594,0.016666666666666607
0.00038498460061597536,0.016666666666666607
0.0003849946002159914,0.0
0.0003850045998160074,0.016666666666666607
0.00038501459941602336,0.016666666666666607
0.0003850245990160394,0.016666666666666607
0.00038503459861605535,0.016666666666666607
0.0003850445982160714,0.0
0.0003850545978160874,0.0
0.00038506459741610336,0.016666666666666607
0.0003850745970161194,0.016666666666666607
0.0003850845966161354,0.016666666666666607
0.00038509459621615137,0.016666666666666607
0.0003851045958161674,0.016666666666666607
0.00038511459541618336,0.016666666666666607
0.0003851245950161994,0.016666666666666607
0.0003851345946162154,0.016666666666666607
0.00038514459421623137,0.016666666666666607
0.0003851545938162474,0.0
0.00038516459341626335,0.016666666666666607
0.0003851745930162794,0.0
0.0003851845926162954,0.016666666666666607
0.00038519459221631136,0.0
0.0003852045918163274,0.016666666666666607
0.00038521459141634335,0.016666666666666607
0.00038522459101635937,0.016666666666666607
0.0003852345906163754,0.0
0.00038524459021639136,0.016666666666666607
0.0003852545898164074,0.016666666666666607
0.00038526458941642335,0.016666666666666607
0.00038527458901643937,0.016666666666666607
0.0003852845886164554,0.0
0.00038529458821647135,0.016666666666666607
0.0003853045878164874,0.016666666666666607
0.00038531458741650334,0.0
0.00038532458701651936,0.016666666666666607
0.0003853345866165354,0.016666666666666607
0.00038534458621655135,0.0
0.00038535458581656737,0.0
0.00038536458541658334,0.016666666666666607
0.00038537458501659936,0.016666666666666607
0.0003853845846166154,0.016666666666666607
0.00038539458421663135,0.0
0.00038540458381664737,0.0
0.00038541458341666333,0.016666666666666607
0.00038542458301667936,0.0
0.0003854345826166954,0.0
0.00038544458221671134,0.016666666666666607
0.00038545458181672736,0.016666666666666607
0.00038546458141674333,0.016666666666666607
0.00038547458101675935,0.016666666666666607
0.00038548458061677537,0.016666666666666607
0.00038549458021679134,0.016666666666666607
0.00038550457981680736,0.0
0.00038551457941682333,0.0
0.00038552457901683935,0.016666666666666607
0.00038553457861685537,0.0
0.00038554457821687134,0.016666666666666607
0.00038555457781688736,0.0
0.0003855645774169033,0.016666666666666607
0.00038557457701691934,0.016666666666666607
0.00038558457661693537,0.016666666666666607
0.00038559457621695133,0.016666666666666607
0.00038560457581696735,0.016666666666666607
0.0003856145754169833,0.016666666666666607
0.00038562457501699934,0.016666666666666607
0.00038563457461701536,0.0
0.00038564457421703133,0.016666666666666607
0.00038565457381704735,0.0
0.0003856645734170633,0.0
0.00038567457301707934,0.0
0.00038568457261709536,0.016666666666666607
0.0003856945722171113,0.0
0.00038570457181712735,0.016666666666666607
0.0003857145714171433,0.016666666666666607
0.00038572457101715933,0.016666666666666607
0.00038573457061717535,0.016666666666666607
0.0003857445702171913,0.016666666666666607
0.00038575456981720734,0.016666666666666607
0.0003857645694172233,0.016666666666666607
0.00038577456901723933,0.0
0.00038578456861725535,0.016666666666666607
0.0003857945682172713,0.016666666666666607
0.00038580456781728734,0.016666666666666607
0.0003858145674173033,0.0
0.0003858245670173193,0.0
0.00038583456661733535,0.016666666666666607
0.0003858445662173513,0.0
0.00038585456581736733,0.016666666666666607
0.0003858645654173833,0.0
0.0003858745650173993,0.0
0.00038588456461741534,0.016666666666666607
0.0003858945642174313,0.016666666666666607
0.00038590456381744733,0.016666666666666607
0.0003859145634174633,0.016666666666666607
0.0003859245630174793,0.016666666666666607
0.00038593456261749534,0.0
0.0003859445622175113,0.016666666666666607
0.0003859545618175273,0.016666666666666607
0.0003859645614175433,0.016666666666666607
0.0003859745610175593,0.016666666666666607
0.00038598456061757534,0.0
0.0003859945602175913,0.0
0.0003860045598176073,0.016666666666666607
0.00038601455941762334,0.016666666666666607
0.0003860245590176393,0.016666666666666607
0.00038603455861765533,0.0
0.0003860445582176713,0.016666666666666607
0.0003860545578176873,0.016666666666666607
0.00038606455741770334,0.016666666666666607
0.0003860745570177193,0.016666666666666607
0.00038608455661773533,0.0
0.0003860945562177513,0.0
0.0003861045558177673,0.016666666666666607
0.00038611455541778334,0.0
0.0003861245550177993,0.016666666666666607
0.0003861345546178153,0.0
0.0003861445542178313,0.016666666666666607
0.0003861545538178473,0.0
0.00038616455341786333,0.0
0.0003861745530178793,0.0
0.0003861845526178953,0.016666666666666607
0.0003861945522179113,0.016666666666666607
0.0003862045518179273,0.016666666666666607
0.00038621455141794333,0.016666666666666607
0.0003862245510179593,0.016666666666666607
0.0003862345506179753,0.0
0.0003862445502179913,0.0
0.0003862545498180073,0.0
0.0003862645494180233,0.016666666666666607
0.0003862745490180393,0.016666666666666607
0.0003862845486180553,0.0
0.0003862945482180713,0.0
0.0003863045478180873,0.0
0.0003863145474181033,0.0
0.0003863245470181193,0.0
0.0003863345466181353,0.016666666666666607
0.0003863445462181513,0.016666666666666607
0.0003863545458181673,0.016666666666666607
0.0003863645454181833,0.016666666666666607
0.0003863745450181993,0.016666666666666607
0.0003863845446182153,0.0
0.00038639454421823127,0.016666666666666607
0.0003864045438182473,0.016666666666666607
0.0003864145434182633,0.016666666666666607
0.0003864245430182793,0.016666666666666607
0.0003864345426182953,0.0
0.00038644454221831127,0.0
0.0003864545418183273,0.0
0.0003864645414183433,0.016666666666666607
0.0003864745410183593,0.0
0.0003864845406183753,0.0
0.00038649454021839126,0.0
0.0003865045398184073,0.0
0.0003865145394184233,0.0
0.00038652453901843927,0.016666666666666607
0.0003865345386184553,0.0
0.00038654453821847126,0.0
0.0003865545378184873,0.016666666666666607
0.0003865645374185033,0.016666666666666607
0.00038657453701851927,0.0
0.0003865845366185353,0.033333333333333215
0.00038659453621855126,0.016666666666666607
0.0003866045358185673,0.016666666666666607
0.0003866145354185833,0.0
0.00038662453501859926,0.016666666666666607
0.0003866345346186153,0.016666666666666607
0.00038664453421863125,0.016666666666666607
0.0003866545338186473,0.016666666666666607
0.0003866645334186633,0.016666666666666607
0.00038667453301867926,0.0
0.0003866845326186953,0.0
0.00038669453221871125,0.0
0.00038670453181872727,0.0
0.0003867145314187433,0.0
0.00038672453101875926,0.0
0.0003867345306187753,0.016666666666666607
0.00038674453021879125,0.016666666666666607
0.00038675452981880727,0.0
0.0003867645294188233,0.0
0.00038677452901883925,0.0
0.0003867845286188553,0.0
0.00038679452821887124,0.0
0.00038680452781888726,0.016666666666666607
0.0003868145274189033,0.016666666666666607
0.00038682452701891925,0.016666666666666607
0.00038683452661893527,0.016666666666666607
0.00038684452621895124,0.016666666666666607
0.00038685452581896726,0.016666666666666607
0.0003868645254189833,0.016666666666666607
0.00038687452501899925,0.016666666666666607
0.00038688452461901527,0.016666666666666607
0.00038689452421903123,0.016666666666666607
0.00038690452381904725,0.016666666666666607
0.0003869145234190633,0.016666666666666607
0.00038692452301907924,0.016666666666666607
0.00038693452261909526,0.0
0.00038694452221911123,0.0
0.00038695452181912725,0.0
0.00038696452141914327,0.0
0.00038697452101915924,0.0
0.00038698452061917526,0.016666666666666607
0.0003869945202191913,0.0
0.00038700451981920725,0.0
0.00038701451941922327,0.016666666666666607
0.00038702451901923923,0.0
0.00038703451861925526,0.0
0.0003870445182192713,0.016666666666666607
0.00038705451781928724,0.016666666666666607
0.00038706451741930326,0.016666666666666607
0.00038707451701931923,0.016666666666666607
0.00038708451661933525,0.016666666666666607
0.00038709451621935127,0.016666666666666607
0.00038710451581936724,0.0
0.00038711451541938326,0.016666666666666607
0.00038712451501939923,0.016666666666666607
0.00038713451461941525,0.016666666666666607
0.00038714451421943127,0.016666666666666607
0.00038715451381944724,0.016666666666666607
0.00038716451341946326,0.016666666666666607
0.0003871745130194792,0.0
0.00038718451261949524,0.016666666666666607
0.00038719451221951127,0.0
0.00038720451181952723,0.016666666666666607
0.00038721451141954325,0.0
0.0003872245110195592,0.0
0.00038723451061957524,0.0
0.00038724451021959126,0.0
0.00038725450981960723,0.0
0.00038726450941962325,0.016666666666666607
0.0003872745090196392,0.0
0.00038728450861965524,0.0
0.00038729450821967126,0.0
0.0003873045078196872,0.016666666666666607
0.00038731450741970325,0.0
0.0003873245070197192,0.016666666666666607
0.00038733450661973523,0.0
0.00038734450621975125,0.016666666666666607
0.0003873545058197672,0.016666666666666607
0.00038736450541978324,0.016666666666666607
0.0003873745050197992,0.0
0.00038738450461981523,0.016666666666666607
0.00038739450421983125,0.016666666666666607
0.0003874045038198472,0.016666666666666607
0.00038741450341986324,0.0
0.0003874245030198792,0.016666666666666607
0.0003874345026198952,0.016666666666666607
0.00038744450221991125,0.016666666666666607
0.0003874545018199272,0.0
0.00038746450141994323,0.016666666666666607
0.0003874745010199592,0.0
0.0003874845006199752,0.0
0.00038749450021999124,0.0
0.0003875044998200072,0.0
0.00038751449942002323,0.016666666666666607
0.0003875244990200392,0.0
0.0003875344986200552,0.016666666666666607
0.00038754449822007124,0.016666666666666607
0.0003875544978200872,0.0
0.0003875644974201032,0.0
0.0003875744970201192,0.016666666666666607
0.0003875844966201352,0.016666666666666607
0.00038759449622015124,0.016666666666666607
0.0003876044958201672,0.016666666666666607
0.0003876144954201832,0.016666666666666607
0.0003876244950201992,0.016666666666666607
0.0003876344946202152,0.0
0.00038764449422023123,0.016666666666666607
0.0003876544938202472,0.0
0.0003876644934202632,0.016666666666666607
0.0003876744930202792,0.016666666666666607
0.0003876844926202952,0.016666666666666607
0.00038769449222031123,0.0
0.0003877044918203272,0.0
0.0003877144914203432,0.0
0.0003877244910203592,0.0
0.0003877344906203752,0.016666666666666607
0.0003877444902203912,0.0
0.0003877544898204072,0.0
0.0003877644894204232,0.016666666666666607
0.0003877744890204392,0.016666666666666607
0.0003877844886204552,0.0
0.0003877944882204712,0.0
0.0003878044878204872,0.016666666666666607
0.0003878144874205032,0.016666666666666607
0.0003878244870205192,0.016666666666666607
0.0003878344866205352,0.0
0.0003878444862205512,0.016666666666666607
0.0003878544858205672,0.0
0.0003878644854205832,0.016666666666666607
0.00038787448502059917,0.016666666666666607
0.0003878844846206152,0.016666666666666607
0.0003878944842206312,0.016666666666666607
0.0003879044838206472,0.016666666666666607
0.0003879144834206632,0.0
0.0003879244830206792,0.0
0.0003879344826206952,0.0
0.0003879444822207112,0.0
0.0003879544818207272,0.0
0.0003879644814207432,0.0
0.0003879744810207592,0.016666666666666607
0.0003879844806207752,0.0
0.0003879944802207912,0.016666666666666607
0.00038800447982080717,0.016666666666666607
0.0003880144794208232,0.016666666666666607
0.0003880244790208392,0.016666666666666607
0.0003880344786208552,0.0
0.0003880444782208712,0.016666666666666607
0.00038805447782088717,0.0
0.0003880644774209032,0.016666666666666607
0.0003880744770209192,0.0
0.0003880844766209352,0.0
0.0003880944762209512,0.016666666666666607
0.00038810447582096716,0.016666666666666607
0.0003881144754209832,0.0
0.0003881244750209992,0.0
0.00038813447462101517,0.016666666666666607
0.0003881444742210312,0.0
0.00038815447382104716,0.0
0.0003881644734210632,0.016666666666666607
0.0003881744730210792,0.016666666666666607
0.00038818447262109517,0.016666666666666607
0.0003881944722211112,0.016666666666666607
0.00038820447182112716,0.016666666666666607
0.0003882144714211432,0.0
0.0003882244710211592,0.016666666666666607
0.00038823447062117517,0.0
0.0003882444702211912,0.0
0.00038825446982120715,0.0
0.0003882644694212232,0.016666666666666607
0.0003882744690212392,0.016666666666666607
0.00038828446862125516,0.016666666666666607
0.0003882944682212712,0.016666666666666607
0.00038830446782128715,0.016666666666666607
0.00038831446742130317,0.016666666666666607
0.0003883244670213192,0.016666666666666607
0.00038833446662133516,0.016666666666666607
0.0003883444662213512,0.016666666666666607
0.00038835446582136715,0.016666666666666607
0.00038836446542138317,0.016666666666666607
0.0003883744650213992,0.0
0.00038838446462141515,0.0
0.0003883944642214312,0.0
0.00038840446382144714,0.016666666666666607
0.00038841446342146316,0.016666666666666607
0.0003884244630214792,0.0
0.00038843446262149515,0.0
0.00038844446222151117,0.016666666666666607
0.00038845446182152714,0.0
0.00038846446142154316,0.0
0.0003884744610215592,0.0
0.00038848446062157515,0.016666666666666607
0.00038849446022159117,0.016666666666666607
0.00038850445982160713,0.0
0.00038851445942162315,0.0
0.0003885244590216392,0.016666666666666607
0.00038853445862165514,0.0
0.00038854445822167116,0.0
0.00038855445782168713,0.016666666666666607
0.00038856445742170315,0.016666666666666607
0.00038857445702171917,0.016666666666666607
0.00038858445662173514,0.016666666666666607
0.00038859445622175116,0.016666666666666607
0.0003886044558217671,0.0
0.00038861445542178315,0.016666666666666607
0.00038862445502179917,0.016666666666666607
0.00038863445462181513,0.0
0.00038864445422183116,0.0
0.0003886544538218471,0.016666666666666607
0.00038866445342186314,0.0
0.00038867445302187916,0.0
0.00038868445262189513,0.016666666666666607
0.00038869445222191115,0.0
0.0003887044518219271,0.016666666666666607
0.00038871445142194314,0.0
0.00038872445102195916,0.0
0.00038873445062197513,0.016666666666666607
0.00038874445022199115,0.0
0.0003887544498220071,0.0
0.00038876444942202314,0.016666666666666607
0.00038877444902203916,0.0
0.0003887844486220551,0.016666666666666607
0.00038879444822207114,0.0
0.0003888044478220871,0.016666666666666607
0.00038881444742210313,0.0
0.00038882444702211915,0.0
0.0003888344466221351,0.0
0.00038884444622215114,0.0
0.00038885444582216716,0.016666666666666607
0.00038886444542218313,0.0
0.00038887444502219915,0.016666666666666607
0.0003888844446222151,0.016666666666666607
0.00038889444422223114,0.0
0.00038890444382224716,0.0
0.0003889144434222631,0.016666666666666607
0.00038892444302227915,0.016666666666666607
0.0003889344426222951,0.0
0.00038894444222231113,0.016666666666666607
0.00038895444182232715,0.0
0.0003889644414223431,0.016666666666666607
0.00038897444102235914,0.0
0.0003889844406223751,0.016666666666666607
0.00038899444022239113,0.0
0.00038900443982240715,0.016666666666666607
0.0003890144394224231,0.016666666666666607
0.00038902443902243914,0.016666666666666607
0.0003890344386224551,0.0
0.0003890444382224711,0.016666666666666607
0.00038905443782248715,0.016666666666666607
0.0003890644374225031,0.0
0.00038907443702251913,0.016666666666666607
0.0003890844366225351,0.016666666666666607
0.0003890944362225511,0.016666666666666607
0.00038910443582256714,0.016666666666666607
0.0003891144354225831,0.0
0.00038912443502259913,0.016666666666666607
0.0003891344346226151,0.0
0.0003891444342226311,0.016666666666666607
0.00038915443382264714,0.0
0.0003891644334226631,0.016666666666666607
0.0003891744330226791,0.0
0.0003891844326226951,0.0
0.0003891944322227111,0.0
0.00038920443182272714,0.016666666666666607
0.0003892144314227431,0.016666666666666607
0.0003892244310227591,0.0
0.0003892344306227751,0.016666666666666607
0.0003892444302227911,0.0
0.00038925442982280713,0.0
0.0003892644294228231,0.016666666666666607
0.0003892744290228391,0.0
0.0003892844286228551,0.0
0.0003892944282228711,0.016666666666666607
0.00038930442782288713,0.016666666666666607
0.0003893144274229031,0.0
0.0003893244270229191,0.016666666666666607
0.0003893344266229351,0.0
0.0003893444262229511,0.016666666666666607
0.0003893544258229671,0.0
0.0003893644254229831,0.0
0.0003893744250229991,0.016666666666666607
0.0003893844246230151,0.0
0.0003893944242230311,0.016666666666666607
0.0003894044238230471,0.016666666666666607
0.0003894144234230631,0.0
0.0003894244230230791,0.0
0.0003894344226230951,0.016666666666666607
0.0003894444222231111,0.016666666666666607
0.0003894544218231271,0.0
0.0003894644214231431,0.016666666666666607
0.0003894744210231591,0.0
0.00038948442062317507,0.016666666666666607
0.0003894944202231911,0.0
0.0003895044198232071,0.0
0.0003895144194232231,0.0
0.0003895244190232391,0.016666666666666607
0.00038953441862325507,0.016666666666666607
0.0003895444182232711,0.016666666666666607
0.0003895544178232871,0.0
0.0003895644174233031,0.016666666666666607
0.0003895744170233191,0.016666666666666607
0.00038958441662333506,0.0
0.0003895944162233511,0.016666666666666607
0.0003896044158233671,0.016666666666666607
0.00038961441542338307,0.016666666666666607
0.0003896244150233991,0.0
0.00038963441462341506,0.0
0.0003896444142234311,0.016666666666666607
0.0003896544138234471,0.016666666666666607
0.00038966441342346307,0.0
0.0003896744130234791,0.016666666666666607
0.00038968441262349506,0.016666666666666607
0.0003896944122235111,0.0
0.0003897044118235271,0.016666666666666607
0.00038971441142354306,0.0
0.0003897244110235591,0.016666666666666607
0.00038973441062357505,0.016666666666666607
0.00038974441022359107,0.016666666666666607
0.0003897544098236071,0.016666666666666607
0.00038976440942362306,0.0
0.0003897744090236391,0.0
0.0003897844086236551,0.016666666666666607
0.00038979440822367107,0.0
0.0003898044078236871,0.016666666666666607
0.00038981440742370306,0.0
0.0003898244070237191,0.016666666666666607
0.0003898344066237351,0.016666666666666607
0.00038984440622375107,0.016666666666666607
0.0003898544058237671,0.016666666666666607
0.00038986440542378305,0.016666666666666607
0.0003898744050237991,0.016666666666666607
0.0003898844046238151,0.033333333333333215
0.00038989440422383106,0.016666666666666607
0.0003899044038238471,0.0
0.00038991440342386305,0.0
0.00038992440302387907,0.0
0.0003899344026238951,0.0
0.00038994440222391106,0.0
0.0003899544018239271,0.0
0.00038996440142394305,0.0
0.00038997440102395907,0.0
0.0003899844006239751,0.0
0.00038999440022399105,0.0
0.0003900043998240071,0.0
0.00039001439942402304,0.016666666666666607
0.00039002439902403906,0.016666666666666607
0.0003900343986240551,0.0
0.00039004439822407105,0.016666666666666607
0.00039005439782408707,0.016666666666666607
0.00039006439742410304,0.016666666666666607
0.00039007439702411906,0.016666666666666607
0.0003900843966241351,0.0
0.00039009439622415105,0.016666666666666607
0.00039010439582416707,0.0
0.00039011439542418303,0.0
0.00039012439502419905,0.0
0.0003901343946242151,0.0
0.00039014439422423104,0.016666666666666607
0.00039015439382424706,0.0
0.00039016439342426303,0.016666666666666607
0.00039017439302427905,0.016666666666666607
0.00039018439262429507,0.016666666666666607
0.00039019439222431104,0.016666666666666607
0.00039020439182432706,0.016666666666666607
0.000390214391424343,0.0
0.00039022439102435905,0.0
0.00039023439062437507,0.0
0.00039024439022439103,0.016666666666666607
0.00039025438982440706,0.016666666666666607
0.000390264389424423,0.016666666666666607
0.00039027438902443904,0.016666666666666607
0.00039028438862445506,0.016666666666666607
0.00039029438822447103,0.0
0.00039030438782448705,0.016666666666666607
0.000390314387424503,0.016666666666666607
0.00039032438702451904,0.016666666666666607
0.00039033438662453506,0.016666666666666607
0.00039034438622455103,0.0
0.00039035438582456705,0.016666666666666607
0.000390364385424583,0.0
0.00039037438502459904,0.0
0.00039038438462461506,0.016666666666666607
0.000390394384224631,0.016666666666666607
0.00039040438382464704,0.0
0.000390414383424663,0.0
0.00039042438302467903,0.0
0.00039043438262469505,0.0
0.000390444382224711,0.0
0.00039045438182472704,-0.016666666666666607
0.000390464381424743,0.016666666666666607
0.00039047438102475903,0.0
0.00039048438062477505,0.0
0.000390494380224791,0.016666666666666607
0.00039050437982480704,0.0
0.000390514379424823,0.016666666666666607
0.000390524379024839,0.016666666666666607
0.00039053437862485505,0.0
0.000390544378224871,0.016666666666666607
0.00039055437782488703,0.0
0.000390564377424903,0.016666666666666607
0.000390574377024919,0.0
0.00039058437662493504,0.0
0.000390594376224951,0.016666666666666607
0.00039060437582496703,0.016666666666666607
0.000390614375424983,0.016666666666666607
0.000390624375024999,0.016666666666666607
0.00039063437462501504,0.016666666666666607
0.000390644374225031,0.0
0.000390654373825047,0.016666666666666607
0.000390664373425063,0.0
0.000390674373025079,0.0
0.00039068437262509503,0.0
0.000390694372225111,0.0
0.000390704371825127,0.0
0.00039071437142514304,0.0
0.000390724371025159,0.0
0.00039073437062517503,0.0
0.000390744370225191,0.0
0.000390754369825207,0.016666666666666607
0.00039076436942522304,0.016666666666666607
0.000390774369025239,0.016666666666666607
0.000390784368625255,0.016666666666666607
0.000390794368225271,0.0
0.000390804367825287,0.016666666666666607
0.00039081436742530304,0.016666666666666607
0.000390824367025319,0.016666666666666607
0.000390834366625335,0.0
0.000390844366225351,0.016666666666666607
0.000390854365825367,0.016666666666666607
0.00039086436542538303,0.016666666666666607
0.000390874365025399,0.0
0.000390884364625415,0.016666666666666607
0.000390894364225431,0.0
0.000390904363825447,0.0
0.00039091436342546303,0.016666666666666607
0.000390924363025479,0.016666666666666607
0.000390934362625495,0.0
0.000390944362225511,0.0
0.000390954361825527,0.0
0.000390964361425543,0.016666666666666607
0.000390974361025559,0.016666666666666607
0.000390984360625575,0.016666666666666607
0.000390994360225591,0.016666666666666607
0.000391004359825607,0.016666666666666607
0.000391014359425623,0.0
0.000391024359025639,0.016666666666666607
0.000391034358625655,0.0
0.000391044358225671,0.016666666666666607
0.000391054357825687,0.016666666666666607
0.000391064357425703,0.016666666666666607
0.000391074357025719,0.016666666666666607
0.000391084356625735,0.016666666666666607
0.00039109435622575097,0.0
0.000391104355825767,0.016666666666666607
0.000391114355425783,0.016666666666666607
0.000391124355025799,0.016666666666666607
0.000391134354625815,0.0
0.00039114435422583097,0.016666666666666607
0.000391154353825847,0.0
0.000391164353425863,0.0
0.000391174353025879,0.0
0.000391184352625895,0.0
0.00039119435222591096,0.0
0.000391204351825927,0.016666666666666607
0.000391214351425943,0.0
0.00039122435102595897,0.016666666666666607
0.000391234350625975,0.0
0.00039124435022599096,0.016666666666666607
0.000391254349826007,0.016666666666666607
0.000391264349426023,0.016666666666666607
0.00039127434902603897,0.016666666666666607
0.000391284348626055,0.016666666666666607
0.00039129434822607096,0.0
0.000391304347826087,0.016666666666666607
0.000391314347426103,0.016666666666666607
0.00039132434702611896,0.016666666666666607
0.000391334346626135,0.016666666666666607
0.00039134434622615095,0.016666666666666607
0.00039135434582616697,0.016666666666666607
0.000391364345426183,0.0
0.00039137434502619896,0.016666666666666607
0.000391384344626215,0.0
0.00039139434422623095,0.016666666666666607
0.00039140434382624697,0.016666666666666607
0.000391414343426263,0.0
0.00039142434302627896,0.016666666666666607
0.000391434342626295,0.0
0.00039144434222631094,0.016666666666666607
0.00039145434182632697,0.0
0.000391464341426343,0.0
0.00039147434102635895,0.0
0.000391484340626375,0.016666666666666607
0.00039149434022639094,0.0
0.00039150433982640696,0.033333333333333215
0.000391514339426423,0.016666666666666607
0.00039152433902643895,0.016666666666666607
0.00039153433862645497,0.0
0.00039154433822647094,0.016666666666666607
0.00039155433782648696,0.016666666666666607
0.000391564337426503,0.0
0.00039157433702651895,0.016666666666666607
0.00039158433662653497,0.016666666666666607
0.00039159433622655093,0.0
0.00039160433582656695,0.0
0.000391614335426583,0.0
0.00039162433502659894,0.016666666666666607
0.00039163433462661496,0.016666666666666607
0.000391644334226631,0.016666666666666607
0.00039165433382664695,0.016666666666666607
0.00039166433342666297,0.0
0.00039167433302667894,0.016666666666666607
0.00039168433262669496,0.0
0.000391694332226711,0.016666666666666607
0.00039170433182672695,0.0
0.00039171433142674297,0.0
0.00039172433102675893,0.0
0.00039173433062677495,0.016666666666666607
0.000391744330226791,0.016666666666666607
0.00039175432982680694,0.0
0.00039176432942682296,0.016666666666666607
0.00039177432902683893,0.016666666666666607
0.00039178432862685495,0.016666666666666607
0.00039179432822687097,0.0
0.00039180432782688694,0.0
0.00039181432742690296,0.0
0.0003918243270269189,0.0
0.00039183432662693495,0.0
0.00039184432622695097,0.016666666666666607
0.00039185432582696693,0.0
0.00039186432542698296,0.016666666666666607
0.0003918743250269989,0.016666666666666607
0.00039188432462701494,0.0
0.00039189432422703096,0.0
0.00039190432382704693,0.0
0.00039191432342706295,0.0
0.0003919243230270789,0.0
0.00039193432262709494,0.016666666666666607
0.00039194432222711096,0.016666666666666607
0.00039195432182712693,0.0
0.00039196432142714295,0.0
0.0003919743210271589,0.016666666666666607
0.00039198432062717494,0.0
0.00039199432022719096,0.0
0.0003920043198272069,0.016666666666666607
0.00039201431942722294,0.016666666666666607
0.0003920243190272389,0.0
0.00039203431862725493,0.0
0.00039204431822727095,0.0
0.0003920543178272869,0.016666666666666607
0.00039206431742730294,0.0
0.0003920743170273189,0.016666666666666607
0.00039208431662733493,0.016666666666666607
0.00039209431622735095,0.0
0.0003921043158273669,0.016666666666666607
0.00039211431542738294,0.0
0.0003921243150273989,0.016666666666666607
0.0003921343146274149,0.0
0.00039214431422743095,0.0
0.0003921543138274469,0.0
0.00039216431342746293,0.016666666666666607
0.0003921743130274789,0.016666666666666607
0.0003921843126274949,0.016666666666666607
0.00039219431222751094,0.016666666666666607
0.0003922043118275269,0.0
0.00039221431142754293,0.016666666666666607
0.0003922243110275589,0.016666666666666607
0.0003922343106275749,0.016666666666666607
0.00039224431022759094,0.016666666666666607
0.0003922543098276069,0.016666666666666607
0.0003922643094276229,0.016666666666666607
0.0003922743090276389,0.0
0.0003922843086276549,0.016666666666666607
0.00039229430822767093,0.0
0.0003923043078276869,0.016666666666666607
0.0003923143074277029,0.016666666666666607
0.0003923243070277189,0.016666666666666607
0.0003923343066277349,0.0
0.00039234430622775093,0.016666666666666607
0.0003923543058277669,0.0
0.0003923643054277829,0.0
0.0003923743050277989,0.016666666666666607
0.0003923843046278149,0.016666666666666607
0.0003923943042278309,0.016666666666666607
0.0003924043038278469,0.016666666666666607
0.0003924143034278629,0.0
0.0003924243030278789,0.0
0.0003924343026278949,0.0
0.0003924443022279109,0.0
0.0003924543018279269,0.0
0.0003924643014279429,0.016666666666666607
0.0003924743010279589,0.0
0.0003924843006279749,0.016666666666666607
0.0003924943002279909,0.016666666666666607
0.0003925042998280069,0.016666666666666607
0.0003925142994280229,0.0
0.0003925242990280389,0.016666666666666607
0.0003925342986280549,0.016666666666666607
0.0003925442982280709,0.0
0.0003925542978280869,0.016666666666666607
0.0003925642974281029,0.0
0.0003925742970281189,0.016666666666666607
0.0003925842966281349,0.016666666666666607
0.0003925942962281509,0.0
0.0003926042958281669,0.016666666666666607
0.0003926142954281829,0.033333333333333215
0.0003926242950281989,0.016666666666666607
0.0003926342946282149,0.016666666666666607
0.0003926442942282309,0.016666666666666607
0.0003926542938282469,0.0
0.0003926642934282629,0.016666666666666607
0.0003926742930282789,0.016666666666666607
0.0003926842926282949,0.0
0.0003926942922283109,0.016666666666666607
0.00039270429182832687,0.016666666666666607
0.0003927142914283429,0.0
0.0003927242910283589,0.016666666666666607
0.0003927342906283749,0.0
0.0003927442902283909,0.016666666666666607
0.00039275428982840687,0.016666666666666607
0.0003927642894284229,0.0
0.0003927742890284389,0.0
0.0003927842886284549,0.016666666666666607
0.0003927942882284709,0.0
0.00039280428782848686,0.0
0.0003928142874285029,0.016666666666666607
0.0003928242870285189,0.016666666666666607
0.00039283428662853487,0.016666666666666607
0.0003928442862285509,0.016666666666666607
0.00039285428582856686,0.016666666666666607
0.0003928642854285829,0.016666666666666607
0.0003928742850285989,0.016666666666666607
0.00039288428462861487,0.0
0.0003928942842286309,0.016666666666666607
0.00039290428382864686,0.016666666666666607
0.0003929142834286629,0.016666666666666607
0.0003929242830286789,0.016666666666666607
0.00039293428262869486,0.016666666666666607
0.0003929442822287109,0.016666666666666607
0.00039295428182872685,0.016666666666666607
0.00039296428142874287,0.016666666666666607
0.0003929742810287589,0.016666666666666607
0.00039298428062877486,0.016666666666666607
0.0003929942802287909,0.016666666666666607
0.00039300427982880685,0.016666666666666607
0.00039301427942882287,0.016666666666666607
0.0003930242790288389,0.016666666666666607
0.00039303427862885486,0.016666666666666607
0.0003930442782288709,0.016666666666666607
0.00039305427782888684,0.016666666666666607
0.00039306427742890287,0.016666666666666607
0.0003930742770289189,0.0
0.00039308427662893485,0.016666666666666607
0.0003930942762289509,0.016666666666666607
0.00039310427582896684,0.016666666666666607
0.00039311427542898286,0.0
0.0003931242750289989,0.016666666666666607
0.00039313427462901485,0.016666666666666607
0.00039314427422903087,0.016666666666666607
0.00039315427382904684,0.0
0.00039316427342906286,0.016666666666666607
0.0003931742730290789,0.016666666666666607
0.00039318427262909485,0.016666666666666607
0.00039319427222911087,0.0
0.00039320427182912683,0.016666666666666607
0.00039321427142914285,0.0
0.0003932242710291589,0.016666666666666607
0.00039323427062917484,0.016666666666666607
0.00039324427022919086,0.0
0.00039325426982920683,0.0
0.00039326426942922285,0.016666666666666607
0.00039327426902923887,0.016666666666666607
0.00039328426862925484,0.016666666666666607
0.00039329426822927086,0.016666666666666607
0.0003933042678292868,0.016666666666666607
0.00039331426742930285,0.016666666666666607
0.00039332426702931887,0.016666666666666607
0.00039333426662933483,0.0
0.00039334426622935085,0.0
0.0003933542658293668,0.016666666666666607
0.00039336426542938284,0.016666666666666607
0.00039337426502939886,0.016666666666666607
0.00039338426462941483,0.016666666666666607
0.00039339426422943085,0.016666666666666607
0.0003934042638294468,0.016666666666666607
0.00039341426342946284,0.016666666666666607
0.00039342426302947886,0.016666666666666607
0.0003934342626294948,0.016666666666666607
0.00039344426222951085,0.016666666666666607
0.0003934542618295268,0.016666666666666607
0.00039346426142954283,0.0
0.00039347426102955886,-0.016666666666666607
0.0003934842606295748,0.0
0.00039349426022959084,0.016666666666666607
0.00039350425982960686,0.016666666666666607
0.00039351425942962283,0.016666666666666607
0.00039352425902963885,0.033333333333333215
0.0003935342586296548,0.0
0.00039354425822967084,0.016666666666666607
0.00039355425782968686,0.0
0.00039356425742970283,0.016666666666666607
0.00039357425702971885,0.016666666666666607
0.0003935842566297348,0.016666666666666607
0.00039359425622975084,0.016666666666666607
0.00039360425582976686,0.0
0.0003936142554297828,0.0
0.00039362425502979884,0.0
0.0003936342546298148,0.0
0.00039364425422983083,0.016666666666666607
0.00039365425382984685,0.016666666666666607
0.0003936642534298628,0.016666666666666607
0.00039367425302987884,0.0
0.0003936842526298948,0.0
0.00039369425222991083,0.0
0.00039370425182992685,0.016666666666666607
0.0003937142514299428,0.016666666666666607
0.00039372425102995884,0.033333333333333215
0.0003937342506299748,0.016666666666666607
0.0003937442502299908,0.016666666666666607
0.00039375424983000685,0.016666666666666607
0.0003937642494300228,0.016666666666666607
0.00039377424903003883,0.0
0.0003937842486300548,0.016666666666666607
0.0003937942482300708,0.016666666666666607
0.00039380424783008684,0.016666666666666607
0.0003938142474301028,0.0
0.00039382424703011883,0.016666666666666607
0.0003938342466301348,0.0
0.0003938442462301508,0.016666666666666607
0.00039385424583016684,0.0
0.0003938642454301828,0.0
0.0003938742450301988,0.016666666666666607
0.0003938842446302148,0.0
0.0003938942442302308,0.0
0.00039390424383024683,0.016666666666666607
0.0003939142434302628,0.016666666666666607
0.0003939242430302788,0.016666666666666607
0.0003939342426302948,0.016666666666666607
0.0003939442422303108,0.016666666666666607
0.00039395424183032683,0.016666666666666607
0.0003939642414303428,0.0
0.0003939742410303588,0.0
0.0003939842406303748,0.0
0.0003939942402303908,0.016666666666666607
0.0003940042398304068,0.016666666666666607
0.0003940142394304228,0.016666666666666607
0.0003940242390304388,0.0
0.0003940342386304548,0.0
0.0003940442382304708,0.0
0.0003940542378304868,0.0
0.0003940642374305028,0.016666666666666607
0.0003940742370305188,0.016666666666666607
0.0003940842366305348,0.016666666666666607
0.0003940942362305508,0.016666666666666607
0.0003941042358305668,0.016666666666666607
0.0003941142354305828,0.0
0.0003941242350305988,0.016666666666666607
0.0003941342346306148,0.016666666666666607
0.0003941442342306308,0.0
0.0003941542338306468,0.016666666666666607
0.0003941642334306628,0.0
0.0003941742330306788,0.0
0.00039418423263069477,0.016666666666666607
0.0003941942322307108,0.0
0.0003942042318307268,0.016666666666666607
0.0003942142314307428,0.016666666666666607
0.0003942242310307588,0.016666666666666607
0.00039423423063077477,0.016666666666666607
0.0003942442302307908,0.016666666666666607
0.0003942542298308068,0.0
0.0003942642294308228,0.016666666666666607
0.0003942742290308388,0.016666666666666607
0.00039428422863085476,0.0
0.0003942942282308708,0.0
0.0003943042278308868,0.0
0.00039431422743090277,0.016666666666666607
0.0003943242270309188,0.0
0.00039433422663093476,0.016666666666666607
0.0003943442262309508,0.0
0.0003943542258309668,0.016666666666666607
0.00039436422543098277,0.0
0.0003943742250309988,0.0
0.00039438422463101475,0.016666666666666607
0.0003943942242310308,0.016666666666666607
0.0003944042238310468,0.016666666666666607
0.00039441422343106276,0.0
0.0003944242230310788,0.016666666666666607
0.0003944342226310948,0.016666666666666607
0.00039444422223111077,0.0
0.0003944542218311268,0.0
0.00039446422143114276,0.016666666666666607
0.0003944742210311588,0.016666666666666607
0.0003944842206311748,0.016666666666666607
0.00039449422023119077,0.016666666666666607
0.0003945042198312068,0.0
0.00039451421943122276,0.016666666666666607
0.0003945242190312388,0.016666666666666607
0.0003945342186312548,0.0
0.00039454421823127076,0.016666666666666607
0.0003945542178312868,0.016666666666666607
0.00039456421743130275,0.0
0.00039457421703131877,0.0
0.0003945842166313348,0.016666666666666607
0.00039459421623135076,0.016666666666666607
0.0003946042158313668,0.016666666666666607
0.00039461421543138275,0.016666666666666607
0.00039462421503139877,0.016666666666666607
0.0003946342146314148,0.016666666666666607
0.00039464421423143076,0.016666666666666607
0.0003946542138314468,0.016666666666666607
0.00039466421343146274,0.016666666666666607
0.00039467421303147877,0.016666666666666607
0.0003946842126314948,0.016666666666666607
0.00039469421223151075,0.016666666666666607
0.0003947042118315268,0.016666666666666607
0.00039471421143154274,0.0
0.00039472421103155876,0.016666666666666607
0.0003947342106315748,0.0
0.00039474421023159075,0.016666666666666607
0.00039475420983160677,0.0
0.00039476420943162274,0.0
0.00039477420903163876,0.016666666666666607
0.0003947842086316548,0.016666666666666607
0.00039479420823167075,0.016666666666666607
0.00039480420783168677,0.016666666666666607
0.00039481420743170273,0.0
0.00039482420703171875,0.016666666666666607
0.0003948342066317348,0.0
0.00039484420623175074,0.0
0.00039485420583176676,0.016666666666666607
0.00039486420543178273,0.0
0.00039487420503179875,0.0
0.00039488420463181477,0.0
0.00039489420423183074,0.016666666666666607
0.00039490420383184676,0.016666666666666607
0.0003949142034318627,0.016666666666666607
0.00039492420303187875,0.0
0.00039493420263189477,0.016666666666666607
0.00039494420223191073,0.0
0.00039495420183192675,0.016666666666666607
0.0003949642014319427,0.016666666666666607
0.00039497420103195874,0.0
0.00039498420063197476,0.016666666666666607
0.00039499420023199073,0.0
0.00039500419983200675,0.0
0.0003950141994320227,0.016666666666666607
0.00039502419903203874,0.016666666666666607
0.00039503419863205476,0.0
0.0003950441982320707,0.016666666666666607
0.00039505419783208675,0.0
0.0003950641974321027,0.0
0.00039507419703211873,0.016666666666666607
0.00039508419663213476,0.0
0.0003950941962321507,0.0
0.00039510419583216674,0.016666666666666607
0.0003951141954321827,0.0
0.00039512419503219873,0.016666666666666607
0.00039513419463221475,0.016666666666666607
0.0003951441942322307,0.016666666666666607
0.00039515419383224674,0.016666666666666607
0.0003951641934322627,0.0
0.00039517419303227873,0.016666666666666607
0.00039518419263229475,0.016666666666666607
0.0003951941922323107,0.016666666666666607
0.00039520419183232674,0.016666666666666607
0.0003952141914323427,0.0
0.0003952241910323587,0.0
0.00039523419063237474,0.016666666666666607
0.0003952441902323907,0.0
0.00039525418983240673,0.016666666666666607
0.0003952641894324227,0.0
0.0003952741890324387,0.0
0.00039528418863245474,0.016666666666666607
0.0003952941882324707,0.016666666666666607
0.00039530418783248673,0.016666666666666607
0.0003953141874325027,0.0
0.0003953241870325187,0.016666666666666607
0.00039533418663253474,0.0
0.0003953441862325507,0.016666666666666607
0.0003953541858325667,0.016666666666666607
0.00039536418543258275,0.016666666666666607
0.0003953741850325987,0.0
0.00039538418463261473,0.016666666666666607
0.0003953941842326307,0.0
0.0003954041838326467,0.016666666666666607
0.00039541418343266274,0.016666666666666607
0.0003954241830326787,0.016666666666666607
0.00039543418263269473,0.016666666666666607
0.0003954441822327107,0.016666666666666607
0.0003954541818327267,0.016666666666666607
0.00039546418143274274,0.0
0.0003954741810327587,0.016666666666666607
0.0003954841806327747,0.0
0.0003954941802327907,0.016666666666666607
0.0003955041798328067,0.016666666666666607
0.00039551417943282273,0.0
0.0003955241790328387,0.0
0.0003955341786328547,0.0
0.0003955441782328707,0.016666666666666607
0.0003955541778328867,0.0
0.00039556417743290273,0.016666666666666607
0.0003955741770329187,0.0
0.0003955841766329347,0.016666666666666607
0.0003955941762329507,0.016666666666666607
0.0003956041758329667,0.0
0.0003956141754329827,0.0
0.0003956241750329987,0.016666666666666607
0.0003956341746330147,0.0
0.0003956441742330307,0.016666666666666607
0.0003956541738330467,0.016666666666666607
0.0003956641734330627,0.0
0.0003956741730330787,0.0
0.0003956841726330947,0.016666666666666607
0.0003956941722331107,0.016666666666666607
0.0003957041718331267,0.016666666666666607
0.0003957141714331427,0.0
0.0003957241710331587,0.016666666666666607
0.0003957341706331747,0.016666666666666607
0.0003957441702331907,0.016666666666666607
0.0003957541698332067,0.0
0.0003957641694332227,0.016666666666666607
0.0003957741690332387,0.016666666666666607
0.0003957841686332547,0.016666666666666607
0.00039579416823327067,0.0
0.0003958041678332867,0.0
0.0003958141674333027,0.0
0.0003958241670333187,0.0
0.0003958341666333347,0.0
0.00039584416623335067,0.016666666666666607
0.0003958541658333667,0.0
0.0003958641654333827,0.016666666666666607
0.0003958741650333987,0.0
0.0003958841646334147,0.016666666666666607
0.00039589416423343066,0.016666666666666607
0.0003959041638334467,0.016666666666666607
0.0003959141634334627,0.016666666666666607
0.00039592416303347867,0.016666666666666607
0.0003959341626334947,0.016666666666666607
0.00039594416223351066,0.0
0.0003959541618335267,0.0
0.0003959641614335427,0.016666666666666607
0.00039597416103355867,0.0
0.0003959841606335747,0.016666666666666607
0.00039599416023359065,0.0
0.0003960041598336067,0.016666666666666607
0.0003960141594336227,0.016666666666666607
0.00039602415903363866,0.016666666666666607
0.0003960341586336547,0.0
0.00039604415823367065,0.016666666666666607
0.00039605415783368667,0.016666666666666607
0.0003960641574337027,0.016666666666666607
0.00039607415703371866,0.016666666666666607
0.0003960841566337347,0.016666666666666607
0.00039609415623375065,0.0
0.00039610415583376667,0.0
0.0003961141554337827,0.0
0.00039612415503379866,0.0
0.0003961341546338147,0.016666666666666607
0.00039614415423383064,0.0
0.00039615415383384666,0.016666666666666607
0.0003961641534338627,0.016666666666666607
0.00039617415303387865,0.0
0.00039618415263389467,0.0
0.00039619415223391064,0.0
0.00039620415183392666,0.016666666666666607
0.0003962141514339427,0.0
0.00039622415103395865,0.016666666666666607
0.00039623415063397467,0.016666666666666607
0.00039624415023399064,0.016666666666666607
0.00039625414983400666,0.0
0.0003962641494340227,0.016666666666666607
0.00039627414903403864,0.0
0.00039628414863405467,0.016666666666666607
0.0003962941482340707,0.016666666666666607
0.00039630414783408665,0.016666666666666607
0.0003963141474341027,0.016666666666666607
0.00039632414703411864,0.016666666666666607
0.00039633414663413466,0.0
0.0003963441462341507,0.016666666666666607
0.00039635414583416665,0.0
0.00039636414543418267,0.016666666666666607
0.00039637414503419864,0.016666666666666607
0.00039638414463421466,0.016666666666666607
0.0003963941442342307,0.016666666666666607
0.00039640414383424665,0.016666666666666607
0.00039641414343426267,0.016666666666666607
0.00039642414303427863,0.016666666666666607
0.00039643414263429465,0.0
0.0003964441422343107,0.016666666666666607
0.00039645414183432664,0.0
0.00039646414143434266,0.0
0.00039647414103435863,0.016666666666666607
0.00039648414063437465,0.0
0.00039649414023439067,0.016666666666666607
0.00039650413983440664,0.016666666666666607
0.00039651413943442266,0.016666666666666607
0.0003965241390344386,0.016666666666666607
0.00039653413863445465,0.016666666666666607
0.00039654413823447067,0.016666666666666607
0.00039655413783448663,0.016666666666666607
0.00039656413743450265,0.0
0.0003965741370345186,0.0
0.00039658413663453464,0.016666666666666607
0.00039659413623455066,0.016666666666666607
0.00039660413583456663,0.0
0.00039661413543458265,0.016666666666666607
0.0003966241350345986,0.0
0.00039663413463461464,0.0
0.00039664413423463066,0.016666666666666607
0.0003966541338346466,0.0
0.00039666413343466265,0.016666666666666607
0.0003966741330346786,0.016666666666666607
0.00039668413263469464,0.016666666666666607
0.00039669413223471066,0.0
0.0003967041318347266,0.016666666666666607
0.00039671413143474264,0.0
0.0003967241310347586,0.016666666666666607
0.00039673413063477463,0.0
0.00039674413023479065,0.016666666666666607
0.0003967541298348066,0.0
0.00039676412943482264,0.016666666666666607
0.0003967741290348386,0.0
0.00039678412863485463,0.0
0.00039679412823487065,0.0
0.0003968041278348866,0.0
0.00039681412743490264,0.016666666666666607
0.0003968241270349186,0.016666666666666607
0.0003968341266349346,0.0
0.00039684412623495064,0.016666666666666607
0.0003968541258349666,0.0
0.00039686412543498263,0.0
0.0003968741250349986,0.016666666666666607
0.0003968841246350146,0.016666666666666607
0.00039689412423503064,0.0
0.0003969041238350466,0.016666666666666607
0.00039691412343506263,0.016666666666666607
0.0003969241230350786,0.0
0.0003969341226350946,0.0
0.00039694412223511064,0.016666666666666607
0.0003969541218351266,0.016666666666666607
0.0003969641214351426,0.016666666666666607
0.0003969741210351586,0.0
0.0003969841206351746,0.0
0.00039699412023519063,0.0
0.0003970041198352066,0.016666666666666607
0.0003970141194352226,0.016666666666666607
0.0003970241190352386,0.016666666666666607
0.0003970341186352546,0.016666666666666607
0.00039704411823527063,0.016666666666666607
0.0003970541178352866,0.0
0.0003970641174353026,0.016666666666666607
0.0003970741170353186,0.0
0.0003970841166353346,0.016666666666666607
0.0003970941162353506,0.0
0.0003971041158353666,0.0
0.0003971141154353826,0.0
0.0003971241150353986,0.0
0.0003971341146354146,0.016666666666666607
0.0003971441142354306,0.016666666666666607
0.0003971541138354466,0.016666666666666607
0.0003971641134354626,0.016666666666666607
0.0003971741130354786,0.0
0.0003971841126354946,0.016666666666666607
0.0003971941122355106,0.0
0.0003972041118355266,0.0
0.0003972141114355426,0.0
0.0003972241110355586,0.0
0.0003972341106355746,0.0
0.0003972441102355906,0.0
0.0003972541098356066,0.016666666666666607
0.0003972641094356226,0.016666666666666607
0.0003972741090356386,0.0
0.0003972841086356546,0.016666666666666607
0.0003972941082356706,0.0
0.0003973041078356866,0.016666666666666607
0.0003973141074357026,0.0
0.0003973241070357186,0.0
0.0003973341066357346,0.016666666666666607
0.0003973441062357506,0.0
0.0003973541058357666,0.0
0.0003973641054357826,0.016666666666666607
0.0003973741050357986,0.016666666666666607
0.0003973841046358146,0.016666666666666607
0.0003973941042358306,0.016666666666666607
0.00039740410383584657,0.016666666666666607
0.0003974141034358626,0.016666666666666607
0.0003974241030358786,0.016666666666666607
0.0003974341026358946,0.0
0.0003974441022359106,0.0
0.00039745410183592657,0.0
0.0003974641014359426,0.0
0.0003974741010359586,0.0
0.0003974841006359746,0.0
0.0003974941002359906,0.0
0.00039750409983600656,0.0
0.0003975140994360226,0.0
0.0003975240990360386,0.0
0.00039753409863605457,0.0
0.0003975440982360706,0.016666666666666607
0.00039755409783608656,0.016666666666666607
0.0003975640974361026,0.016666666666666607
0.0003975740970361186,0.0
0.00039758409663613457,0.016666666666666607
0.0003975940962361506,0.016666666666666607
0.00039760409583616655,0.016666666666666607
0.0003976140954361826,0.016666666666666607
0.0003976240950361986,0.016666666666666607
0.00039763409463621456,0.016666666666666607
0.0003976440942362306,0.016666666666666607
0.00039765409383624655,0.016666666666666607
0.00039766409343626257,0.016666666666666607
0.0003976740930362786,0.0
0.00039768409263629456,0.016666666666666607
0.0003976940922363106,0.016666666666666607
0.00039770409183632655,0.016666666666666607
0.00039771409143634257,0.0
0.0003977240910363586,0.0
0.00039773409063637456,0.0
0.0003977440902363906,0.016666666666666607
0.00039775408983640654,0.016666666666666607
0.00039776408943642256,0.0
0.0003977740890364386,0.0
0.00039778408863645455,0.016666666666666607
0.00039779408823647057,0.0
0.00039780408783648654,0.0
0.00039781408743650256,0.016666666666666607
0.0003978240870365186,0.016666666666666607
0.00039783408663653455,0.016666666666666607
0.00039784408623655057,0.016666666666666607
0.00039785408583656654,0.016666666666666607
0.00039786408543658256,0.016666666666666607
0.0003978740850365986,0.016666666666666607
0.00039788408463661454,0.016666666666666607
0.00039789408423663057,0.0
0.00039790408383664653,0.016666666666666607
0.00039791408343666255,0.016666666666666607
0.0003979240830366786,0.0
0.00039793408263669454,0.016666666666666607
0.00039794408223671056,0.016666666666666607
0.00039795408183672653,0.0
0.00039796408143674255,0.0
0.00039797408103675857,0.0
0.00039798408063677454,0.0
0.00039799408023679056,0.016666666666666607
0.0003980040798368065,0.016666666666666607
0.00039801407943682255,0.0
0.00039802407903683857,0.0
0.00039803407863685453,0.0
0.00039804407823687055,0.0
0.0003980540778368865,0.0
0.00039806407743690254,0.016666666666666607
0.00039807407703691856,0.016666666666666607
0.00039808407663693453,0.016666666666666607
0.00039809407623695055,0.0
0.0003981040758369665,0.016666666666666607
0.00039811407543698254,0.016666666666666607
0.00039812407503699856,0.016666666666666607
0.0003981340746370145,0.016666666666666607
0.00039814407423703055,0.016666666666666607
0.00039815407383704657,0.016666666666666607
0.00039816407343706253,0.0
0.00039817407303707855,0.016666666666666607
0.0003981840726370945,0.0
0.00039819407223711054,0.016666666666666607
0.00039820407183712656,0.016666666666666607
0.00039821407143714253,0.016666666666666607
0.00039822407103715855,0.016666666666666607
0.0003982340706371745,0.0
0.00039824407023719054,0.0
0.00039825406983720656,0.0
0.0003982640694372225,0.0
0.00039827406903723855,0.0
0.0003982840686372545,0.0
0.00039829406823727054,0.016666666666666607
0.00039830406783728656,0.016666666666666607
0.0003983140674373025,0.0
0.00039832406703731854,0.016666666666666607
0.0003983340666373345,0.0
0.00039834406623735053,0.016666666666666607
0.00039835406583736655,0.0
0.0003983640654373825,0.0
0.00039837406503739854,0.016666666666666607
0.0003983840646374145,0.016666666666666607
0.00039839406423743053,0.016666666666666607
0.00039840406383744655,0.016666666666666607
0.0003984140634374625,0.0
0.00039842406303747854,0.0
0.0003984340626374945,0.016666666666666607
0.0003984440622375105,0.016666666666666607
0.00039845406183752654,0.0
0.0003984640614375425,0.0
0.00039847406103755853,0.0
0.0003984840606375745,0.016666666666666607
0.0003984940602375905,0.0
0.00039850405983760654,0.016666666666666607
0.0003985140594376225,0.016666666666666607
0.00039852405903763853,0.016666666666666607
0.0003985340586376545,0.0
0.0003985440582376705,0.0
0.00039855405783768654,0.0
0.0003985640574377025,0.0
0.0003985740570377185,0.0
0.0003985840566377345,0.016666666666666607
0.0003985940562377505,0.016666666666666607
0.00039860405583776653,0.016666666666666607
0.0003986140554377825,0.0
0.0003986240550377985,0.016666666666666607
0.0003986340546378145,0.0
0.0003986440542378305,0.016666666666666607
0.00039865405383784653,0.016666666666666607
0.0003986640534378625,0.0
0.0003986740530378785,0.0
0.0003986840526378945,0.016666666666666607
0.0003986940522379105,0.0
0.0003987040518379265,0.0
0.0003987140514379425,0.016666666666666607
0.0003987240510379585,0.016666666666666607
0.0003987340506379745,0.0
0.0003987440502379905,0.016666666666666607
0.0003987540498380065,0.016666666666666607
0.0003987640494380225,0.016666666666666607
0.0003987740490380385,0.016666666666666607
0.0003987840486380545,0.0
0.0003987940482380705,0.016666666666666607
0.0003988040478380865,0.016666666666666607
0.0003988140474381025,0.016666666666666607
0.0003988240470381185,0.016666666666666607
0.00039883404663813447,0.016666666666666607
0.0003988440462381505,0.0
0.0003988540458381665,0.0
0.0003988640454381825,0.016666666666666607
0.0003988740450381985,0.016666666666666607
0.00039888404463821447,0.0
0.0003988940442382305,0.0
0.0003989040438382465,0.016666666666666607
0.0003989140434382625,0.0
0.0003989240430382785,0.016666666666666607
0.00039893404263829447,0.016666666666666607
0.0003989440422383105,0.016666666666666607
0.0003989540418383265,0.016666666666666607
0.0003989640414383425,0.016666666666666607
0.0003989740410383585,0.016666666666666607
0.00039898404063837446,0.0
0.0003989940402383905,0.0
0.0003990040398384065,0.0
0.00039901403943842247,0.016666666666666607
0.0003990240390384385,0.016666666666666607
0.00039903403863845446,0.016666666666666607
0.0003990440382384705,0.016666666666666607
0.0003990540378384865,0.016666666666666607
0.00039906403743850247,0.016666666666666607
0.0003990740370385185,0.0
0.0003990840366385345,0.016666666666666607
0.0003990940362385505,0.016666666666666607
0.0003991040358385665,0.016666666666666607
0.00039911403543858246,0.016666666666666607
0.0003991240350385985,0.016666666666666607
0.0003991340346386145,0.0
0.00039914403423863047,0.016666666666666607
0.0003991540338386465,0.0
0.00039916403343866246,0.016666666666666607
0.0003991740330386785,0.016666666666666607
0.0003991840326386945,0.0
0.00039919403223871047,0.016666666666666607
0.0003992040318387265,0.0
0.00039921403143874245,0.0
0.0003992240310387585,0.016666666666666607
0.0003992340306387745,0.016666666666666607
0.00039924403023879046,0.0
0.0003992540298388065,0.016666666666666607
0.00039926402943882245,0.016666666666666607
0.00039927402903883847,0.016666666666666607
0.0003992840286388545,0.016666666666666607
0.00039929402823887046,0.0
0.0003993040278388865,0.016666666666666607
0.00039931402743890245,0.0
0.00039932402703891847,0.016666666666666607
0.0003993340266389345,0.0
0.00039934402623895046,0.016666666666666607
0.0003993540258389665,0.016666666666666607
0.00039936402543898244,0.0
0.00039937402503899846,0.0
0.0003993840246390145,0.0
0.00039939402423903045,0.0
0.00039940402383904647,0.016666666666666607
0.00039941402343906244,0.0
0.00039942402303907846,0.016666666666666607
0.0003994340226390945,0.016666666666666607
0.00039944402223911045,0.0
0.00039945402183912647,0.016666666666666607
0.00039946402143914244,0.0
0.00039947402103915846,0.016666666666666607
0.0003994840206391745,0.0
0.00039949402023919044,0.016666666666666607
0.00039950401983920647,0.016666666666666607
0.00039951401943922243,0.016666666666666607
0.00039952401903923845,0.016666666666666607
0.0003995340186392545,0.0
0.00039954401823927044,0.016666666666666607
0.00039955401783928646,0.0
0.00039956401743930243,0.016666666666666607
0.00039957401703931845,0.0
0.00039958401663933447,0.016666666666666607
0.00039959401623935044,0.0
0.00039960401583936646,0.0
0.0003996140154393824,0.016666666666666607
0.00039962401503939845,0.0
0.00039963401463941447,0.016666666666666607
0.00039964401423943043,0.016666666666666607
0.00039965401383944645,0.0
0.0003996640134394624,0.0
0.00039967401303947844,0.0
0.00039968401263949446,0.0
0.00039969401223951043,0.0
0.00039970401183952645,0.0
0.0003997140114395424,0.0
0.00039972401103955844,0.0
0.00039973401063957446,0.0
0.0003997440102395904,0.0
0.00039975400983960645,0.016666666666666607
0.0003997640094396224,0.016666666666666607
0.00039977400903963843,0.0
0.00039978400863965446,0.016666666666666607
0.0003997940082396704,0.016666666666666607
0.00039980400783968644,0.016666666666666607
0.0003998140074397024,0.016666666666666607
0.00039982400703971843,0.016666666666666607
0.00039983400663973445,0.016666666666666607
0.0003998440062397504,0.016666666666666607
0.00039985400583976644,0.016666666666666607
0.0003998640054397824,0.016666666666666607
0.0003998740050397984,0.0
0.00039988400463981445,0.016666666666666607
0.0003998940042398304,0.016666666666666607
0.00039990400383984644,0.016666666666666607
0.0003999140034398624,0.016666666666666607
0.0003999240030398784,0.016666666666666607
0.00039993400263989444,0.0
0.0003999440022399104,0.0
0.00039995400183992643,0.0
0.0003999640014399424,0.0
0.0003999740010399584,0.016666666666666607
0.00039998400063997444,0.016666666666666607
0.0003999940002399904,0.016666666666666607
0.00040000399984000643,0.016666666666666607
0.0004000139994400224,0.016666666666666607
0.0004000239990400384,0.0
0.00040003399864005444,0.0
0.0004000439982400704,0.016666666666666607
0.0004000539978400864,0.016666666666666607
0.00040006399744010244,0.016666666666666607
0.0004000739970401184,0.0
0.00040008399664013443,0.016666666666666607
0.0004000939962401504,0.0
0.0004001039958401664,0.0
0.00040011399544018244,0.016666666666666607
0.0004001239950401984,0.016666666666666607
0.00040013399464021443,0.016666666666666607
0.0004001439942402304,0.016666666666666607
0.0004001539938402464,0.0
0.00040016399344026244,0.0
0.0004001739930402784,0.016666666666666607
0.0004001839926402944,0.0
0.0004001939922403104,0.0
0.0004002039918403264,0.0
0.00040021399144034243,0.016666666666666607
0.0004002239910403584,0.0
0.0004002339906403744,0.0
0.0004002439902403904,0.0
0.0004002539898404064,0.0
0.00040026398944042243,0.0
0.0004002739890404384,0.0
0.0004002839886404544,0.016666666666666607
0.0004002939882404704,0.016666666666666607
0.0004003039878404864,0.0
0.0004003139874405024,0.016666666666666607
0.0004003239870405184,0.0
0.0004003339866405344,0.016666666666666607
0.0004003439862405504,0.016666666666666607
0.0004003539858405664,0.0
0.0004003639854405824,0.016666666666666607
0.0004003739850405984,0.016666666666666607
0.0004003839846406144,0.016666666666666607
0.0004003939842406304,0.016666666666666607
0.0004004039838406464,0.016666666666666607
0.0004004139834406624,0.016666666666666607
0.0004004239830406784,0.016666666666666607
0.0004004339826406944,0.016666666666666607
0.00040044398224071037,0.0
0.0004004539818407264,0.016666666666666607
0.0004004639814407424,0.0
0.0004004739810407584,0.0
0.0004004839806407744,0.0
0.00040049398024079037,0.0
0.0004005039798408064,0.016666666666666607
0.0004005139794408224,0.016666666666666607
0.0004005239790408384,0.016666666666666607
0.0004005339786408544,0.016666666666666607
0.00040054397824087037,0.0
0.0004005539778408864,0.0
0.0004005639774409024,0.016666666666666607
0.0004005739770409184,0.0
0.0004005839766409344,0.016666666666666607
0.00040059397624095036,0.0
0.0004006039758409664,0.0
0.0004006139754409824,0.016666666666666607
0.00040062397504099837,0.016666666666666607
0.0004006339746410144,0.0
0.00040064397424103036,0.016666666666666607
0.0004006539738410464,0.016666666666666607
0.0004006639734410624,0.016666666666666607
0.00040067397304107837,0.0
0.0004006839726410944,0.016666666666666607
0.00040069397224111035,0.0
0.0004007039718411264,0.016666666666666607
0.0004007139714411424,0.0
0.00040072397104115836,0.016666666666666607
0.0004007339706411744,0.016666666666666607
0.00040074397024119035,0.0
0.00040075396984120637,0.0
0.0004007639694412224,0.016666666666666607
0.00040077396904123836,0.0
0.0004007839686412544,0.0
0.00040079396824127035,0.0
0.00040080396784128637,0.0
0.0004008139674413024,0.0
0.00040082396704131835,0.016666666666666607
0.0004008339666413344,0.016666666666666607
0.00040084396624135034,0.0
0.00040085396584136636,0.0
0.0004008639654413824,0.016666666666666607
0.00040087396504139835,0.016666666666666607
0.00040088396464141437,0.016666666666666607
0.00040089396424143034,0.016666666666666607
0.00040090396384144636,0.016666666666666607
0.0004009139634414624,0.016666666666666607
0.00040092396304147835,0.016666666666666607
0.00040093396264149437,0.016666666666666607
0.00040094396224151033,0.016666666666666607
0.00040095396184152636,0.016666666666666607
0.0004009639614415424,0.0
0.00040097396104155834,0.0
0.00040098396064157436,0.016666666666666607
0.0004009939602415904,0.0
0.00040100395984160635,0.0
0.0004010139594416224,0.0
0.00040102395904163834,0.016666666666666607
0.00040103395864165436,0.016666666666666607
0.0004010439582416704,0.0
0.00040105395784168635,0.0
0.00040106395744170237,0.016666666666666607
0.00040107395704171834,0.0
0.00040108395664173436,0.0
0.0004010939562417504,0.016666666666666607
0.00040110395584176634,0.0
0.00040111395544178237,0.016666666666666607
0.00040112395504179833,0.0
0.00040113395464181435,0.0
0.0004011439542418304,0.0
0.00040115395384184634,0.016666666666666607
0.00040116395344186236,0.016666666666666607
0.00040117395304187833,0.016666666666666607
0.00040118395264189435,0.016666666666666607
0.00040119395224191037,0.016666666666666607
0.00040120395184192634,0.0
0.00040121395144194236,0.016666666666666607
0.0004012239510419583,0.016666666666666607
0.00040123395064197435,0.016666666666666607
0.00040124395024199037,0.016666666666666607
0.00040125394984200633,0.016666666666666607
0.00040126394944202235,0.0
0.0004012739490420383,0.0
0.00040128394864205434,0.016666666666666607
0.00040129394824207036,0.0
0.00040130394784208633,0.016666666666666607
0.00040131394744210235,0.0
0.0004013239470421183,0.016666666666666607
0.00040133394664213434,0.016666666666666607
0.00040134394624215036,0.016666666666666607
0.0004013539458421663,0.016666666666666607
0.00040136394544218235,0.016666666666666607
0.0004013739450421983,0.0
0.00040138394464221433,0.0
0.00040139394424223036,0.016666666666666607
0.0004014039438422463,0.016666666666666607
0.00040141394344226234,0.016666666666666607
0.0004014239430422783,0.016666666666666607
0.00040143394264229433,0.0
0.00040144394224231035,0.016666666666666607
0.0004014539418423263,0.0
0.00040146394144234234,0.0
0.0004014739410423583,0.0
0.0004014839406423743,0.016666666666666607
0.00040149394024239035,0.016666666666666607
0.0004015039398424063,0.016666666666666607
0.00040151393944242234,0.016666666666666607
0.0004015239390424383,0.016666666666666607
0.0004015339386424543,0.0
0.00040154393824247034,0.016666666666666607
0.0004015539378424863,0.0
0.00040156393744250233,0.0
0.0004015739370425183,0.016666666666666607
0.0004015839366425343,-0.016666666666666607
0.00040159393624255034,0.0
0.0004016039358425663,0.016666666666666607
0.00040161393544258233,0.0
0.0004016239350425983,0.016666666666666607
0.0004016339346426143,0.016666666666666607
0.00040164393424263034,0.016666666666666607
0.0004016539338426463,0.0
0.0004016639334426623,0.0
0.0004016739330426783,0.0
0.0004016839326426943,0.016666666666666607
0.00040169393224271033,0.0
0.0004017039318427263,0.016666666666666607
0.0004017139314427423,0.016666666666666607
0.0004017239310427583,0.016666666666666607
0.0004017339306427743,0.0
0.00040174393024279033,0.0
0.0004017539298428063,0.016666666666666607
0.0004017639294428223,0.0
0.0004017739290428383,0.0
0.0004017839286428543,0.0
0.0004017939282428703,0.0
0.0004018039278428863,0.016666666666666607
0.0004018139274429023,0.0
0.0004018239270429183,0.016666666666666607
0.0004018339266429343,0.016666666666666607
0.0004018439262429503,0.016666666666666607
0.0004018539258429663,0.0
0.0004018639254429823,0.0
0.0004018739250429983,0.0
0.0004018839246430143,0.0
0.0004018939242430303,0.016666666666666607
0.0004019039238430463,0.016666666666666607
0.0004019139234430623,0.016666666666666607
0.0004019239230430783,0.016666666666666607
0.0004019339226430943,0.033333333333333215
0.0004019439222431103,0.016666666666666607
0.0004019539218431263,0.016666666666666607
0.0004019639214431423,0.0
0.0004019739210431583,0.016666666666666607
0.0004019839206431743,0.016666666666666607
0.0004019939202431903,0.0
0.0004020039198432063,0.0
0.0004020139194432223,0.0
0.0004020239190432383,0.0
0.0004020339186432543,0.0
0.0004020439182432703,0.0
0.00040205391784328627,0.0
0.0004020639174433023,0.0
0.0004020739170433183,0.016666666666666607
0.0004020839166433343,0.016666666666666607
0.0004020939162433503,0.0
0.00040210391584336627,0.0
0.0004021139154433823,0.016666666666666607
0.0004021239150433983,0.033333333333333215
0.0004021339146434143,0.016666666666666607
0.0004021439142434303,0.016666666666666607
0.00040215391384344627,0.0
0.0004021639134434623,0.016666666666666607
0.0004021739130434783,0.0
0.0004021839126434943,0.016666666666666607
0.0004021939122435103,0.016666666666666607
0.00040220391184352626,0.0
0.0004022139114435423,0.0
0.0004022239110435583,0.0
0.00040223391064357427,0.0
0.0004022439102435903,0.0
0.00040225390984360626,0.016666666666666607
0.0004022639094436223,0.016666666666666607
0.0004022739090436383,0.0
0.00040228390864365427,0.0
0.0004022939082436703,0.0
0.00040230390784368625,0.016666666666666607
0.0004023139074437023,0.016666666666666607
0.0004023239070437183,0.016666666666666607
0.00040233390664373426,0.016666666666666607
0.0004023439062437503,0.016666666666666607
0.00040235390584376625,0.016666666666666607
0.00040236390544378227,0.016666666666666607
0.0004023739050437983,0.016666666666666607
0.00040238390464381426,0.016666666666666607
0.0004023939042438303,0.016666666666666607
0.00040240390384384625,0.016666666666666607
0.00040241390344386227,0.016666666666666607
0.0004024239030438783,0.016666666666666607
0.00040243390264389425,0.016666666666666607
0.0004024439022439103,0.0
0.00040245390184392624,0.0
0.00040246390144394226,-0.016666666666666607
0.0004024739010439583,0.0
0.00040248390064397425,0.0
0.00040249390024399027,-0.016666666666666607
0.00040250389984400624,-0.016666666666666607
0.00040251389944402226,-0.016666666666666607
0.0004025238990440383,-0.016666666666666607
0.00040253389864405425,0.0
0.00040254389824407027,0.0
0.00040255389784408623,0.0
0.00040256389744410226,0.0
0.0004025738970441183,0.0
0.00040258389664413424,0.016666666666666607
0.00040259389624415026,0.033333333333333215
0.00040260389584416623,0.016666666666666607
0.00040261389544418225,0.033333333333333215
0.0004026238950441983,0.033333333333333215
0.00040263389464421424,0.016666666666666607
0.00040264389424423026,0.033333333333333215
0.00040265389384424623,0.016666666666666607
0.00040266389344426225,0.033333333333333215
0.00040267389304427827,0.016666666666666607
0.00040268389264429424,0.016666666666666607
0.00040269389224431026,0.016666666666666607
0.0004027038918443262,0.016666666666666607
0.00040271389144434224,0.016666666666666607
0.00040272389104435827,0.016666666666666607
0.00040273389064437423,0.016666666666666607
0.00040274389024439025,0.0
0.0004027538898444062,0.0
0.00040276388944442224,0.0
0.00040277388904443826,0.0
0.00040278388864445423,0.0
0.00040279388824447025,0.0
0.0004028038878444862,0.0
0.00040281388744450224,-0.016666666666666607
0.00040282388704451826,-0.016666666666666607
0.0004028338866445342,0.0
0.00040284388624455025,0.0
0.00040285388584456627,0.0
0.00040286388544458223,0.016666666666666607
0.00040287388504459825,0.016666666666666607
0.0004028838846446142,0.016666666666666607
0.00040289388424463024,0.016666666666666607
0.00040290388384464626,0.016666666666666607
0.00040291388344466223,0.016666666666666607
0.00040292388304467825,0.033333333333333215
0.0004029338826446942,0.016666666666666607
0.00040294388224471024,0.016666666666666607
0.00040295388184472626,0.016666666666666607
0.0004029638814447422,0.016666666666666607
0.00040297388104475825,0.016666666666666607
0.0004029838806447742,0.016666666666666607
0.00040299388024479023,0.016666666666666607
0.00040300387984480626,0.016666666666666607
0.0004030138794448222,0.0
0.00040302387904483824,0.0
0.0004030338786448542,0.0
0.00040304387824487023,0.0
0.00040305387784488625,-0.016666666666666607
0.0004030638774449022,0.0
0.00040307387704491824,0.0
0.0004030838766449342,-0.016666666666666607
0.0004030938762449502,0.0
0.00040310387584496625,0.0
0.0004031138754449822,0.0
0.00040312387504499824,0.016666666666666607
0.0004031338746450142,0.0
0.0004031438742450302,0.016666666666666607
0.00040315387384504624,0.0
0.0004031638734450622,0.016666666666666607
0.00040317387304507823,0.016666666666666607
0.0004031838726450942,0.016666666666666607
0.0004031938722451102,0.016666666666666607
0.00040320387184512624,0.016666666666666607
0.0004032138714451422,0.016666666666666607
0.00040322387104515823,0.033333333333333215
0.0004032338706451742,0.016666666666666607
0.0004032438702451902,0.016666666666666607
0.00040325386984520624,0.016666666666666607
0.0004032638694452222,0.016666666666666607
0.0004032738690452382,0.0
0.0004032838686452542,0.0
0.0004032938682452702,0.0
0.00040330386784528623,0.0
0.0004033138674453022,0.0
0.0004033238670453182,0.0
0.0004033338666453342,0.0
0.0004033438662453502,0.0
0.00040335386584536623,0.0
0.0004033638654453822,0.0
0.0004033738650453982,0.0
0.0004033838646454142,0.0
0.0004033938642454302,0.0
0.0004034038638454462,0.0
0.0004034138634454622,0.0
0.0004034238630454782,0.016666666666666607
0.0004034338626454942,0.0
0.0004034438622455102,0.016666666666666607
0.0004034538618455262,0.016666666666666607
0.0004034638614455422,0.016666666666666607
0.0004034738610455582,0.016666666666666607
0.0004034838606455742,0.016666666666666607
0.0004034938602455902,0.016666666666666607
0.0004035038598456062,0.016666666666666607
0.0004035138594456222,0.016666666666666607
0.0004035238590456382,0.016666666666666607
0.00040353385864565417,0.016666666666666607
0.0004035438582456702,0.016666666666666607
0.0004035538578456862,0.016666666666666607
0.0004035638574457022,0.016666666666666607
0.0004035738570457182,0.0
0.00040358385664573417,0.0
0.0004035938562457502,0.0
0.0004036038558457662,0.0
0.0004036138554457822,0.0
0.0004036238550457982,0.0
0.00040363385464581416,0.0
0.0004036438542458302,0.0
0.0004036538538458462,0.0
0.00040366385344586217,0.0
0.0004036738530458782,0.016666666666666607
0.00040368385264589416,0.0
0.0004036938522459102,0.016666666666666607
0.0004037038518459262,0.016666666666666607
0.00040371385144594217,0.0
0.0004037238510459582,0.0
0.00040373385064597416,0.0
0.0004037438502459902,0.016666666666666607
0.0004037538498460062,0.016666666666666607
0.00040376384944602217,0.016666666666666607
0.0004037738490460382,0.0
0.0004037838486460542,0.016666666666666607
0.0004037938482460702,0.016666666666666607
0.0004038038478460862,0.016666666666666607
0.00040381384744610216,0.016666666666666607
0.0004038238470461182,0.016666666666666607
0.0004038338466461342,0.016666666666666607
0.00040384384624615017,0.0
0.0004038538458461662,0.016666666666666607
0.00040386384544618216,0.0
0.0004038738450461982,0.0
0.0004038838446462142,0.016666666666666607
0.00040389384424623017,0.0
0.0004039038438462462,0.0
0.00040391384344626215,0.0
0.0004039238430462782,0.016666666666666607
0.0004039338426462942,0.0
0.00040394384224631016,0.0
0.0004039538418463262,0.016666666666666607
0.00040396384144634215,0.016666666666666607
0.00040397384104635817,0.016666666666666607
0.0004039838406463742,0.016666666666666607
0.00040399384024639016,0.016666666666666607
0.0004040038398464062,0.016666666666666607
0.00040401383944642215,0.0
0.00040402383904643817,0.016666666666666607
0.0004040338386464542,0.016666666666666607
0.00040404383824647015,0.0
0.0004040538378464862,0.016666666666666607
0.00040406383744650214,0.0
0.00040407383704651816,0.0
0.0004040838366465342,0.016666666666666607
0.00040409383624655015,0.0
0.00040410383584656617,0.016666666666666607
0.00040411383544658214,0.016666666666666607
0.00040412383504659816,0.0
0.0004041338346466142,0.016666666666666607
0.00040414383424663015,0.0
0.00040415383384664617,0.0
0.00040416383344666213,0.0
0.00040417383304667816,0.0
0.0004041838326466942,0.016666666666666607
0.00040419383224671014,0.0
0.00040420383184672616,0.016666666666666607
0.00040421383144674213,0.0
0.00040422383104675815,0.016666666666666607
0.0004042338306467742,0.016666666666666607
0.00040424383024679014,0.016666666666666607
0.00040425382984680616,0.0
0.00040426382944682213,0.016666666666666607
0.00040427382904683815,0.0
0.00040428382864685417,0.016666666666666607
0.00040429382824687014,0.016666666666666607
0.00040430382784688616,0.016666666666666607
0.0004043138274469021,0.0
0.00040432382704691814,0.0
0.00040433382664693417,0.0
0.00040434382624695013,0.016666666666666607
0.00040435382584696615,0.0
0.0004043638254469821,0.0
0.00040437382504699814,0.016666666666666607
0.00040438382464701416,0.0
0.00040439382424703013,0.0
0.00040440382384704615,0.0
0.0004044138234470621,0.016666666666666607
0.00040442382304707814,0.016666666666666607
0.00040443382264709416,0.0
0.0004044438222471101,0.016666666666666607
0.00040445382184712615,0.0
0.0004044638214471421,0.016666666666666607
0.00040447382104715813,0.016666666666666607
0.00040448382064717415,0.016666666666666607
0.0004044938202471901,0.0
0.00040450381984720614,0.0
0.0004045138194472221,0.0
0.00040452381904723813,0.016666666666666607
0.00040453381864725415,0.016666666666666607
0.0004045438182472701,0.0
0.00040455381784728614,0.016666666666666607
0.0004045638174473021,0.016666666666666607
0.0004045738170473181,0.0
0.00040458381664733415,0.0
0.0004045938162473501,0.0
0.00040460381584736613,0.016666666666666607
0.0004046138154473821,0.0
0.0004046238150473981,0.0
0.00040463381464741414,0.0
0.0004046438142474301,0.0
0.00040465381384744613,0.016666666666666607
0.0004046638134474621,0.0
0.0004046738130474781,0.016666666666666607
0.00040468381264749414,0.0
0.0004046938122475101,0.016666666666666607
0.0004047038118475261,0.016666666666666607
0.00040471381144754215,0.016666666666666607
0.0004047238110475581,0.0
0.00040473381064757414,0.016666666666666607
0.0004047438102475901,0.016666666666666607
0.0004047538098476061,0.016666666666666607
0.00040476380944762214,0.0
0.0004047738090476381,0.0
0.00040478380864765413,0.0
0.0004047938082476701,0.0
0.0004048038078476861,0.0
0.00040481380744770214,0.0
0.0004048238070477181,0.0
0.00040483380664773413,0.0
0.0004048438062477501,0.0
0.0004048538058477661,0.016666666666666607
0.00040486380544778214,0.016666666666666607
0.0004048738050477981,0.016666666666666607
0.0004048838046478141,0.016666666666666607
0.0004048938042478301,0.0
0.0004049038038478461,0.0
0.00040491380344786213,0.0
0.0004049238030478781,0.016666666666666607
0.0004049338026478941,0.016666666666666607
0.0004049438022479101,0.016666666666666607
0.0004049538018479261,0.016666666666666607
0.00040496380144794213,0.016666666666666607
0.0004049738010479581,0.016666666666666607
0.0004049838006479741,0.0
0.0004049938002479901,0.0
0.0004050037998480061,0.0
0.0004050137994480221,0.0
0.0004050237990480381,0.0
0.0004050337986480541,0.0
0.0004050437982480701,0.0
0.0004050537978480861,0.0
0.0004050637974481021,0.0
0.0004050737970481181,0.0
0.0004050837966481341,0.0
0.0004050937962481501,0.0
0.0004051037958481661,0.016666666666666607
0.0004051137954481821,0.0
0.0004051237950481981,0.0
0.0004051337946482141,0.016666666666666607
0.00040514379424823007,0.016666666666666607
0.0004051537938482461,0.016666666666666607
0.0004051637934482621,0.016666666666666607
0.0004051737930482781,0.016666666666666607
0.0004051837926482941,0.016666666666666607
0.00040519379224831007,0.016666666666666607
0.0004052037918483261,0.016666666666666607
0.0004052137914483421,0.0
0.0004052237910483581,0.0
0.0004052337906483741,0.016666666666666607
0.00040524379024839006,0.016666666666666607
0.0004052537898484061,0.0
0.0004052637894484221,0.0
0.00040527378904843807,0.0
0.0004052837886484541,0.016666666666666607
0.00040529378824847006,0.0
0.0004053037878484861,0.0
0.0004053137874485021,0.0
0.00040532378704851807,0.016666666666666607
0.0004053337866485341,0.0
0.00040534378624855006,0.016666666666666607
0.0004053537858485661,0.016666666666666607
0.0004053637854485821,0.016666666666666607
0.00040537378504859807,0.016666666666666607
0.0004053837846486141,0.016666666666666607
0.00040539378424863005,0.016666666666666607
0.0004054037838486461,0.0
0.0004054137834486621,0.016666666666666607
0.00040542378304867806,0.0
0.0004054337826486941,0.016666666666666607
0.00040544378224871005,0.016666666666666607
0.00040545378184872607,0.016666666666666607
0.0004054637814487421,0.0
0.00040547378104875806,0.0
0.0004054837806487741,0.016666666666666607
0.00040549378024879005,0.0
0.00040550377984880607,0.0
0.0004055137794488221,0.0
0.00040552377904883805,0.0
0.0004055337786488541,0.016666666666666607
0.00040554377824887004,0.016666666666666607
0.00040555377784888606,0.016666666666666607
0.0004055637774489021,0.0
0.00040557377704891805,0.016666666666666607
0.00040558377664893407,0.016666666666666607
0.00040559377624895004,0.0
0.00040560377584896606,0.016666666666666607
0.0004056137754489821,0.016666666666666607
0.00040562377504899805,0.0
0.00040563377464901407,0.0
0.0004056437742490301,0.016666666666666607
0.00040565377384904605,0.016666666666666607
0.0004056637734490621,0.016666666666666607
0.00040567377304907804,0.016666666666666607
0.00040568377264909406,0.0
0.0004056937722491101,0.0
0.00040570377184912605,0.0
0.00040571377144914207,0.016666666666666607
0.00040572377104915804,0.016666666666666607
0.00040573377064917406,0.016666666666666607
0.0004057437702491901,0.016666666666666607
0.00040575376984920605,0.0
0.00040576376944922207,0.016666666666666607
0.00040577376904923803,0.0
0.00040578376864925406,0.0
0.0004057937682492701,0.0
0.00040580376784928604,0.016666666666666607
0.00040581376744930206,0.016666666666666607
0.00040582376704931803,0.016666666666666607
0.00040583376664933405,0.016666666666666607
0.0004058437662493501,0.016666666666666607
0.00040585376584936604,0.0
0.00040586376544938206,0.016666666666666607
0.00040587376504939803,0.016666666666666607
0.00040588376464941405,0.016666666666666607
0.00040589376424943007,0.0
0.00040590376384944604,0.0
0.00040591376344946206,0.016666666666666607
0.000405923763049478,0.016666666666666607
0.00040593376264949404,0.016666666666666607
0.00040594376224951007,0.016666666666666607
0.00040595376184952603,0.0
0.00040596376144954205,0.016666666666666607
0.000405973761049558,0.016666666666666607
0.00040598376064957404,0.016666666666666607
0.00040599376024959006,0.016666666666666607
0.00040600375984960603,0.0
0.00040601375944962205,0.0
0.000406023759049638,0.016666666666666607
0.00040603375864965404,0.016666666666666607
0.00040604375824967006,0.016666666666666607
0.000406053757849686,0.0
0.00040606375744970205,0.0
0.000406073757049718,0.016666666666666607
0.00040608375664973403,0.016666666666666607
0.00040609375624975005,0.0
0.000406103755849766,0.016666666666666607
0.00040611375544978204,0.0
0.000406123755049798,0.016666666666666607
0.00040613375464981403,0.0
0.00040614375424983005,0.016666666666666607
0.000406153753849846,0.0
0.00040616375344986204,0.016666666666666607
0.000406173753049878,0.016666666666666607
0.000406183752649894,0.016666666666666607
0.00040619375224991005,0.016666666666666607
0.000406203751849926,0.016666666666666607
0.00040621375144994203,0.016666666666666607
0.000406223751049958,0.016666666666666607
0.000406233750649974,0.0
0.00040624375024999004,0.0
0.000406253749850006,0.0
0.00040626374945002203,0.016666666666666607
0.000406273749050038,0.016666666666666607
0.000406283748650054,0.016666666666666607
0.00040629374825007004,0.0
0.000406303747850086,0.016666666666666607
0.000406313747450102,0.0
0.000406323747050118,0.016666666666666607
0.000406333746650134,0.016666666666666607
0.00040634374625015004,0.016666666666666607
0.000406353745850166,0.016666666666666607
0.000406363745450182,0.016666666666666607
0.000406373745050198,0.016666666666666607
0.000406383744650214,0.016666666666666607
0.00040639374425023003,0.016666666666666607
0.000406403743850246,0.016666666666666607
0.000406413743450262,0.016666666666666607
0.000406423743050278,0.016666666666666607
0.000406433742650294,0.0
0.00040644374225031003,0.0
0.000406453741850326,0.016666666666666607
0.000406463741450342,0.016666666666666607
0.000406473741050358,0.016666666666666607
0.000406483740650374,0.016666666666666607
0.00040649374025039,0.016666666666666607
0.000406503739850406,0.0
0.000406513739450422,0.0
0.000406523739050438,0.016666666666666607
0.000406533738650454,0.0
0.00040654373825047,0.016666666666666607
0.000406553737850486,0.016666666666666607
0.000406563737450502,0.016666666666666607
0.00040657373705051803,0.0
0.000406583736650534,0.0
0.00040659373625055,0.016666666666666607
0.000406603735850566,0.016666666666666607
0.000406613735450582,0.0
0.000406623735050598,0.016666666666666607
0.000406633734650614,0.0
0.00040664373425063,0.016666666666666607
0.000406653733850646,0.0
0.000406663733450662,0.0
0.000406673733050678,0.016666666666666607
0.000406683732650694,0.016666666666666607
0.00040669373225071,0.0
0.000406703731850726,0.016666666666666607
0.000406713731450742,0.0
0.000406723731050758,0.0
0.000406733730650774,0.016666666666666607
0.00040674373025079,0.016666666666666607
0.00040675372985080597,0.016666666666666607
0.000406763729450822,0.016666666666666607
0.000406773729050838,0.016666666666666607
0.000406783728650854,0.0
0.00040679372825087,0.016666666666666607
0.00040680372785088597,0.016666666666666607
0.000406813727450902,0.0
0.000406823727050918,0.016666666666666607
0.000406833726650934,0.016666666666666607
0.00040684372625095,0.016666666666666607
0.00040685372585096596,0.016666666666666607
0.000406863725450982,0.016666666666666607
0.000406873725050998,0.0
0.00040688372465101397,0.016666666666666607
0.00040689372425103,0.0
0.00040690372385104596,0.016666666666666607
0.000406913723451062,0.0
0.000406923723051078,0.0
0.00040693372265109397,0.0
0.00040694372225111,0.016666666666666607
0.00040695372185112596,0.016666666666666607
0.000406963721451142,0.016666666666666607
0.000406973721051158,0.016666666666666607
0.00040698372065117397,0.016666666666666607
0.00040699372025119,0.0
0.00040700371985120595,0.016666666666666607
0.000407013719451222,0.0
0.000407023719051238,0.0
0.00040703371865125396,0.0
0.00040704371825127,0.0
0.00040705371785128595,0.0
0.00040706371745130197,0.016666666666666607
0.000407073717051318,0.0
0.00040708371665133396,0.016666666666666607
0.00040709371625135,0.016666666666666607
0.00040710371585136595,0.016666666666666607
0.00040711371545138197,0.0
0.000407123715051398,0.016666666666666607
0.00040713371465141395,0.0
0.00040714371425143,0.016666666666666607
0.00040715371385144594,0.016666666666666607
0.00040716371345146196,0.016666666666666607
0.000407173713051478,0.0
0.00040718371265149395,0.016666666666666607
0.00040719371225150997,0.016666666666666607
0.00040720371185152594,0.016666666666666607
0.00040721371145154196,0.0
0.000407223711051558,0.0
0.00040723371065157395,0.016666666666666607
0.00040724371025158997,0.0
0.00040725370985160593,0.016666666666666607
0.00040726370945162195,0.0
0.000407273709051638,0.016666666666666607
0.00040728370865165394,0.016666666666666607
0.00040729370825166996,0.0
0.00040730370785168593,0.016666666666666607
0.00040731370745170195,0.0
0.00040732370705171797,0.016666666666666607
0.00040733370665173394,0.016666666666666607
0.00040734370625174996,0.016666666666666607
0.0004073537058517659,0.016666666666666607
0.00040736370545178195,0.0
0.00040737370505179797,0.0
0.00040738370465181393,0.016666666666666607
0.00040739370425182996,0.0
0.0004074037038518459,0.016666666666666607
0.00040741370345186194,0.016666666666666607
0.00040742370305187796,0.016666666666666607
0.00040743370265189393,0.016666666666666607
0.00040744370225190995,0.016666666666666607
0.0004074537018519259,0.0
0.00040746370145194194,0.0
0.00040747370105195796,0.0
0.00040748370065197393,0.016666666666666607
0.00040749370025198995,0.016666666666666607
0.00040750369985200597,0.0
0.00040751369945202194,0.016666666666666607
0.00040752369905203796,0.016666666666666607
0.0004075336986520539,0.016666666666666607
0.00040754369825206994,0.016666666666666607
0.00040755369785208597,0.016666666666666607
0.00040756369745210193,0.016666666666666607
0.00040757369705211795,0.016666666666666607
0.0004075836966521339,0.016666666666666607
0.00040759369625214994,0.016666666666666607
0.00040760369585216596,0.016666666666666607
0.00040761369545218193,0.016666666666666607
0.00040762369505219795,0.016666666666666607
0.0004076336946522139,0.016666666666666607
0.00040764369425222994,0.016666666666666607
0.00040765369385224596,0.0
0.0004076636934522619,0.016666666666666607
0.00040767369305227795,0.016666666666666607
0.0004076836926522939,0.016666666666666607
0.00040769369225230993,0.0
0.00040770369185232595,0.016666666666666607
0.0004077136914523419,0.016666666666666607
0.00040772369105235794,0.016666666666666607
0.0004077336906523739,0.016666666666666607
0.00040774369025238993,0.016666666666666607
0.00040775368985240595,0.016666666666666607
0.0004077636894524219,0.016666666666666607
0.00040777368905243794,0.0
0.0004077836886524539,0.0
0.0004077936882524699,0.0
0.00040780368785248595,0.0
0.0004078136874525019,0.016666666666666607
0.00040782368705251793,0.016666666666666607
0.0004078336866525339,0.0
0.0004078436862525499,0.016666666666666607
0.00040785368585256594,0.0
0.0004078636854525819,0.016666666666666607
0.00040787368505259793,0.016666666666666607
0.0004078836846526139,0.0
0.0004078936842526299,0.016666666666666607
0.00040790368385264594,0.0
0.0004079136834526619,0.0
0.0004079236830526779,0.016666666666666607
0.0004079336826526939,0.0
0.0004079436822527099,0.016666666666666607
0.00040795368185272594,0.016666666666666607
0.0004079636814527419,0.016666666666666607
0.0004079736810527579,0.016666666666666607
0.0004079836806527739,0.0
0.0004079936802527899,0.0
0.00040800367985280593,0.0
0.0004080136794528219,0.016666666666666607
0.0004080236790528379,0.016666666666666607
0.0004080336786528539,0.016666666666666607
0.0004080436782528699,0.016666666666666607
0.00040805367785288593,0.016666666666666607
0.0004080636774529019,0.016666666666666607
0.0004080736770529179,0.016666666666666607
0.0004080836766529339,0.016666666666666607
0.0004080936762529499,0.016666666666666607
0.0004081036758529659,0.016666666666666607
0.0004081136754529819,0.016666666666666607
0.0004081236750529979,0.0
0.0004081336746530139,0.0
0.0004081436742530299,0.0
0.0004081536738530459,0.016666666666666607
0.0004081636734530619,0.016666666666666607
0.0004081736730530779,0.0
0.0004081836726530939,0.016666666666666607
0.0004081936722531099,0.016666666666666607
0.0004082036718531259,0.016666666666666607
0.0004082136714531419,0.016666666666666607
0.0004082236710531579,0.016666666666666607
0.00040823367065317387,0.016666666666666607
0.0004082436702531899,0.016666666666666607
0.0004082536698532059,0.016666666666666607
0.0004082636694532219,0.016666666666666607
0.0004082736690532379,0.0
0.00040828366865325387,0.016666666666666607
0.0004082936682532699,0.0
0.0004083036678532859,0.0
0.0004083136674533019,0.0
0.0004083236670533179,0.016666666666666607
0.00040833366665333386,0.0
0.0004083436662533499,0.016666666666666607
0.0004083536658533659,0.016666666666666607
0.00040836366545338187,0.0
0.0004083736650533979,0.016666666666666607
0.00040838366465341386,0.016666666666666607
0.0004083936642534299,0.016666666666666607
0.0004084036638534459,0.016666666666666607
0.00040841366345346187,0.0
0.0004084236630534779,0.016666666666666607
0.0004084336626534939,0.016666666666666607
0.0004084436622535099,0.0
0.0004084536618535259,0.016666666666666607
0.00040846366145354186,0.016666666666666607
0.0004084736610535579,0.016666666666666607
0.0004084836606535739,0.0
0.00040849366025358987,0.016666666666666607
0.0004085036598536059,0.016666666666666607
0.00040851365945362186,0.016666666666666607
0.0004085236590536379,0.016666666666666607
0.0004085336586536539,0.016666666666666607
0.00040854365825366987,0.016666666666666607
0.0004085536578536859,0.0
0.00040856365745370186,0.016666666666666607
0.0004085736570537179,0.0
0.0004085836566537339,0.0
0.00040859365625374987,0.016666666666666607
0.0004086036558537659,0.016666666666666607
0.00040861365545378185,0.016666666666666607
0.0004086236550537979,0.0
0.0004086336546538139,0.0
0.00040864365425382986,0.0
0.0004086536538538459,0.0
0.00040866365345386185,0.016666666666666607
0.00040867365305387787,0.016666666666666607
0.0004086836526538939,0.0
0.00040869365225390986,0.016666666666666607
0.0004087036518539259,0.016666666666666607
0.00040871365145394185,0.016666666666666607
0.00040872365105395787,0.016666666666666607
0.0004087336506539739,0.016666666666666607
0.00040874365025398985,0.016666666666666607
0.0004087536498540059,0.016666666666666607
0.00040876364945402184,0.016666666666666607
0.00040877364905403786,0.016666666666666607
0.0004087836486540539,0.016666666666666607
0.00040879364825406985,0.0
0.00040880364785408587,0.016666666666666607
0.00040881364745410184,0.0
0.00040882364705411786,0.0
0.0004088336466541339,0.0
0.00040884364625414985,0.016666666666666607
0.00040885364585416587,0.0
0.00040886364545418183,0.016666666666666607
0.00040887364505419785,0.016666666666666607
0.0004088836446542139,0.0
0.00040889364425422984,0.0
0.00040890364385424586,0.016666666666666607
0.00040891364345426183,0.0
0.00040892364305427785,0.016666666666666607
0.00040893364265429387,0.016666666666666607
0.00040894364225430984,0.016666666666666607
0.00040895364185432586,0.0
0.0004089636414543418,0.016666666666666607
0.00040897364105435785,0.016666666666666607
0.00040898364065437387,0.016666666666666607
0.00040899364025438984,0.016666666666666607
0.00040900363985440586,0.016666666666666607
0.0004090136394544218,0.016666666666666607
0.00040902363905443784,0.016666666666666607
0.00040903363865445386,0.0
0.00040904363825446983,0.016666666666666607
0.00040905363785448585,0.016666666666666607
0.0004090636374545018,0.0
0.00040907363705451784,0.016666666666666607
0.00040908363665453386,0.016666666666666607
0.00040909363625454983,0.0
0.00040910363585456585,0.016666666666666607
0.0004091136354545818,0.0
0.00040912363505459784,0.0
0.00040913363465461386,0.016666666666666607
0.0004091436342546298,0.0
0.00040915363385464584,0.0
0.0004091636334546618,0.016666666666666607
0.00040917363305467783,0.0
0.00040918363265469385,0.0
0.0004091936322547098,0.016666666666666607
0.00040920363185472584,0.016666666666666607
0.0004092136314547418,0.016666666666666607
0.00040922363105475783,0.016666666666666607
0.00040923363065477385,0.0
0.0004092436302547898,0.0
0.00040925362985480584,0.0
0.0004092636294548218,0.016666666666666607
0.0004092736290548378,0.016666666666666607
0.00040928362865485385,0.016666666666666607
0.0004092936282548698,0.016666666666666607
0.00040930362785488583,0.016666666666666607
0.0004093136274549018,0.016666666666666607
0.0004093236270549178,0.0
0.00040933362665493384,0.016666666666666607
0.0004093436262549498,0.016666666666666607
0.00040935362585496583,0.016666666666666607
0.00040936362545498185,0.016666666666666607
0.0004093736250549978,0.0
0.00040938362465501384,0.016666666666666607
0.0004093936242550298,0.0
0.0004094036238550458,0.016666666666666607
0.00040941362345506185,0.016666666666666607
0.0004094236230550778,0.016666666666666607
0.00040943362265509383,0.016666666666666607
0.0004094436222551098,0.016666666666666607
0.0004094536218551258,0.016666666666666607
0.00040946362145514184,0.0
0.0004094736210551578,0.016666666666666607
0.00040948362065517383,0.016666666666666607
0.0004094936202551898,0.0
0.0004095036198552058,0.016666666666666607
0.00040951361945522184,0.016666666666666607
0.0004095236190552378,0.016666666666666607
0.0004095336186552538,0.016666666666666607
0.0004095436182552698,0.0
0.0004095536178552858,0.0
0.00040956361745530184,0.016666666666666607
0.0004095736170553178,0.016666666666666607
0.0004095836166553338,0.016666666666666607
0.0004095936162553498,0.016666666666666607
0.0004096036158553658,0.016666666666666607
0.00040961361545538183,0.016666666666666607
0.0004096236150553978,0.0
0.0004096336146554138,0.016666666666666607
0.0004096436142554298,0.016666666666666607
0.0004096536138554458,0.016666666666666607
0.00040966361345546183,0.016666666666666607
0.0004096736130554778,0.016666666666666607
0.0004096836126554938,0.016666666666666607
0.0004096936122555098,0.016666666666666607
0.0004097036118555258,0.016666666666666607
0.0004097136114555418,0.0
0.0004097236110555578,0.016666666666666607
0.0004097336106555738,0.0
0.0004097436102555898,0.016666666666666607
0.0004097536098556058,0.0
0.0004097636094556218,0.0
0.0004097736090556378,0.016666666666666607
0.0004097836086556538,0.0
0.0004097936082556698,0.016666666666666607
0.0004098036078556858,0.016666666666666607
0.0004098136074557018,0.0
0.0004098236070557178,0.016666666666666607
0.0004098336066557338,0.0
0.00040984360625574977,0.016666666666666607
0.0004098536058557658,0.0
0.0004098636054557818,0.016666666666666607
0.0004098736050557978,0.0
0.0004098836046558138,0.016666666666666607
0.00040989360425582977,0.0
0.0004099036038558458,0.0
0.0004099136034558618,0.016666666666666607
0.0004099236030558778,0.016666666666666607
0.0004099336026558938,0.0
0.00040994360225590976,0.016666666666666607
0.0004099536018559258,0.016666666666666607
0.0004099636014559418,0.016666666666666607
0.00040997360105595777,0.0
0.0004099836006559738,0.0
0.00040999360025598976,0.0
0.0004100035998560058,0.016666666666666607
0.0004100135994560218,0.0
0.00041002359905603777,0.016666666666666607
0.0004100335986560538,0.0
0.00041004359825606976,0.0
0.0004100535978560858,0.0
0.0004100635974561018,0.016666666666666607
0.00041007359705611776,0.016666666666666607
0.0004100835966561338,0.016666666666666607
0.00041009359625614975,0.016666666666666607
0.00041010359585616577,0.016666666666666607
0.0004101135954561818,0.0
0.00041012359505619776,0.016666666666666607
0.0004101335946562138,0.0
0.00041014359425622975,0.016666666666666607
0.00041015359385624577,0.016666666666666607
0.0004101635934562618,0.0
0.00041017359305627776,0.016666666666666607
0.0004101835926562938,0.016666666666666607
0.00041019359225630974,0.016666666666666607
0.00041020359185632577,0.0
0.0004102135914563418,0.0
0.00041022359105635775,0.016666666666666607
0.0004102335906563738,0.0
0.00041024359025638974,0.016666666666666607
0.00041025358985640576,0.016666666666666607
0.0004102635894564218,0.016666666666666607
0.00041027358905643775,0.016666666666666607
0.00041028358865645377,0.016666666666666607
0.0004102935882564698,0.016666666666666607
0.00041030358785648576,0.016666666666666607
0.0004103135874565018,0.016666666666666607
0.00041032358705651775,0.016666666666666607
0.00041033358665653377,0.016666666666666607
0.0004103435862565498,0.016666666666666607
0.00041035358585656575,0.0
0.0004103635854565818,0.016666666666666607
0.00041037358505659774,0.016666666666666607
0.00041038358465661376,0.016666666666666607
0.0004103935842566298,0.016666666666666607
0.00041040358385664575,0.016666666666666607
0.00041041358345666177,0.0
0.00041042358305667774,0.016666666666666607
0.00041043358265669376,0.0
0.0004104435822567098,0.016666666666666607
0.00041045358185672575,0.0
0.00041046358145674177,0.016666666666666607
0.00041047358105675773,0.016666666666666607
0.00041048358065677375,0.016666666666666607
0.0004104935802567898,0.0
0.00041050357985680574,0.0
0.00041051357945682176,0.0
0.00041052357905683773,0.016666666666666607
0.00041053357865685375,0.016666666666666607
0.00041054357825686977,0.016666666666666607
0.00041055357785688574,0.016666666666666607
0.00041056357745690176,0.0
0.0004105735770569177,0.0
0.00041058357665693375,0.016666666666666607
0.00041059357625694977,0.0
0.00041060357585696574,0.016666666666666607
0.00041061357545698176,0.016666666666666607
0.0004106235750569977,0.016666666666666607
0.00041063357465701374,0.016666666666666607
0.00041064357425702976,0.016666666666666607
0.00041065357385704573,0.016666666666666607
0.00041066357345706175,0.016666666666666607
0.0004106735730570777,0.016666666666666607
0.00041068357265709374,0.016666666666666607
0.00041069357225710976,0.0
0.00041070357185712573,0.016666666666666607
0.00041071357145714175,0.016666666666666607
0.0004107235710571577,0.016666666666666607
0.00041073357065717374,0.0
0.00041074357025718976,0.016666666666666607
0.0004107535698572057,0.016666666666666607
0.00041076356945722174,0.016666666666666607
0.0004107735690572377,0.016666666666666607
0.00041078356865725373,0.0
0.00041079356825726975,0.016666666666666607
0.0004108035678572857,0.016666666666666607
0.00041081356745730174,0.016666666666666607
0.0004108235670573177,0.016666666666666607
0.00041083356665733373,0.0
0.00041084356625734975,0.016666666666666607
0.0004108535658573657,0.016666666666666607
0.00041086356545738174,0.016666666666666607
0.0004108735650573977,0.016666666666666607
0.0004108835646574137,0.016666666666666607
0.00041089356425742975,0.016666666666666607
0.0004109035638574457,0.016666666666666607
0.00041091356345746173,0.016666666666666607
0.0004109235630574777,0.016666666666666607
0.0004109335626574937,0.0
0.00041094356225750974,0.016666666666666607
0.0004109535618575257,0.0
0.00041096356145754173,0.016666666666666607
0.0004109735610575577,0.016666666666666607
0.0004109835606575737,0.016666666666666607
0.00041099356025758974,0.016666666666666607
0.0004110035598576057,0.016666666666666607
0.0004110135594576217,0.016666666666666607
0.0004110235590576377,0.0
0.0004110335586576537,0.016666666666666607
0.00041104355825766973,0.016666666666666607
0.0004110535578576857,0.016666666666666607
0.0004110635574577017,0.016666666666666607
0.0004110735570577177,0.0
0.0004110835566577337,0.016666666666666607
0.00041109355625774973,0.016666666666666607
0.0004111035558577657,0.016666666666666607
0.0004111135554577817,0.016666666666666607
0.0004111235550577977,0.016666666666666607
0.0004111335546578137,0.0
0.0004111435542578297,0.016666666666666607
0.0004111535538578457,0.016666666666666607
0.0004111635534578617,0.016666666666666607
0.0004111735530578777,0.0
0.0004111835526578937,0.016666666666666607
0.0004111935522579097,0.016666666666666607
0.0004112035518579257,0.016666666666666607
0.0004112135514579417,0.016666666666666607
0.00041122355105795773,0.0
0.0004112335506579737,0.0
0.0004112435502579897,0.0
0.0004112535498580057,0.0
0.0004112635494580217,0.016666666666666607
0.00041127354905803773,0.016666666666666607
0.0004112835486580537,0.016666666666666607
0.0004112935482580697,0.0
0.0004113035478580857,0.0
0.0004113135474581017,0.016666666666666607
0.0004113235470581177,0.016666666666666607
0.0004113335466581337,0.016666666666666607
0.0004113435462581497,0.016666666666666607
0.0004113535458581657,0.0
0.0004113635454581817,0.016666666666666607
0.0004113735450581977,0.016666666666666607
0.0004113835446582137,0.016666666666666607
0.0004113935442582297,0.016666666666666607
0.0004114035438582457,0.016666666666666607
0.0004114135434582617,0.016666666666666607
0.0004114235430582777,0.016666666666666607
0.0004114335426582937,0.016666666666666607
0.0004114435422583097,0.0
0.00041145354185832567,0.016666666666666607
0.0004114635414583417,0.016666666666666607
0.0004114735410583577,0.0
0.0004114835406583737,0.016666666666666607
0.0004114935402583897,0.016666666666666607
0.00041150353985840567,0.0
0.0004115135394584217,0.016666666666666607
0.0004115235390584377,0.016666666666666607
0.0004115335386584537,0.0
0.0004115435382584697,0.016666666666666607
0.00041155353785848566,0.016666666666666607
0.0004115635374585017,0.0
0.0004115735370585177,0.016666666666666607
0.00041158353665853367,0.016666666666666607
0.0004115935362585497,0.016666666666666607
0.00041160353585856566,0.016666666666666607
0.0004116135354585817,0.016666666666666607
0.0004116235350585977,0.016666666666666607
0.00041163353465861367,0.016666666666666607
0.0004116435342586297,0.016666666666666607
0.00041165353385864566,0.0
0.0004116635334586617,0.016666666666666607
0.0004116735330586777,0.0
0.00041168353265869366,0.016666666666666607
0.0004116935322587097,0.016666666666666607
0.00041170353185872565,0.016666666666666607
0.00041171353145874167,0.0
0.0004117235310587577,0.016666666666666607
0.00041173353065877366,0.016666666666666607
0.0004117435302587897,0.016666666666666607
0.00041175352985880565,0.016666666666666607
0.00041176352945882167,0.016666666666666607
0.0004117735290588377,0.016666666666666607
0.00041178352865885366,0.016666666666666607
0.0004117935282588697,0.016666666666666607
0.00041180352785888564,0.016666666666666607
0.00041181352745890167,0.016666666666666607
0.0004118235270589177,0.0
0.00041183352665893365,0.0
0.0004118435262589497,0.016666666666666607
0.00041185352585896564,0.016666666666666607
0.00041186352545898166,0.0
0.0004118735250589977,0.016666666666666607
0.00041188352465901365,0.016666666666666607
0.00041189352425902967,0.016666666666666607
0.00041190352385904564,0.016666666666666607
0.00041191352345906166,0.016666666666666607
0.0004119235230590777,0.016666666666666607
0.00041193352265909365,0.016666666666666607
0.00041194352225910967,0.016666666666666607
0.00041195352185912563,0.016666666666666607
0.00041196352145914165,0.0
0.0004119735210591577,0.016666666666666607
0.00041198352065917364,0.016666666666666607
0.00041199352025918966,0.016666666666666607
0.00041200351985920563,0.016666666666666607
0.00041201351945922165,0.0
0.00041202351905923767,0.016666666666666607
0.00041203351865925364,0.016666666666666607
0.00041204351825926966,0.0
0.0004120535178592856,0.0
0.00041206351745930165,0.016666666666666607
0.00041207351705931767,0.016666666666666607
0.00041208351665933363,0.016666666666666607
0.00041209351625934966,0.016666666666666607
0.0004121035158593656,0.016666666666666607
0.00041211351545938164,0.0
0.00041212351505939766,0.016666666666666607
0.00041213351465941363,0.016666666666666607
0.00041214351425942965,0.016666666666666607
0.00041215351385944567,0.0
0.00041216351345946164,0.016666666666666607
0.00041217351305947766,0.0
0.0004121835126594936,0.0
0.00041219351225950965,0.0
0.00041220351185952567,0.016666666666666607
0.00041221351145954164,0.0
0.00041222351105955766,0.016666666666666607
0.0004122335106595736,0.016666666666666607
0.00041224351025958964,0.016666666666666607
0.00041225350985960566,0.016666666666666607
0.00041226350945962163,0.016666666666666607
0.00041227350905963765,0.0
0.0004122835086596536,0.0
0.00041229350825966964,0.0
0.00041230350785968566,0.016666666666666607
0.00041231350745970163,0.016666666666666607
0.00041232350705971765,0.016666666666666607
0.0004123335066597336,0.016666666666666607
0.00041234350625974964,0.0
0.00041235350585976566,0.016666666666666607
0.0004123635054597816,0.016666666666666607
0.00041237350505979764,0.016666666666666607
0.0004123835046598136,0.016666666666666607
0.00041239350425982963,0.016666666666666607
0.00041240350385984565,0.016666666666666607
0.0004124135034598616,0.0
0.00041242350305987764,0.016666666666666607
0.0004124335026598936,0.0
0.00041244350225990963,0.0
0.00041245350185992565,0.0
0.0004124635014599416,0.0
0.00041247350105995764,0.016666666666666607
0.0004124835006599736,0.016666666666666607
0.0004124935002599896,0.0
0.00041250349986000565,0.016666666666666607
0.0004125134994600216,0.0
0.00041252349906003763,0.016666666666666607
0.0004125334986600536,0.016666666666666607
0.0004125434982600696,0.016666666666666607
0.00041255349786008564,0.0
0.0004125634974601016,0.016666666666666607
0.00041257349706011763,0.016666666666666607
0.0004125834966601336,0.016666666666666607
0.0004125934962601496,0.0
0.00041260349586016564,0.016666666666666607
0.0004126134954601816,0.0
0.0004126234950601976,0.016666666666666607
0.0004126334946602136,0.0
0.0004126434942602296,0.016666666666666607
0.00041265349386024563,0.0
0.0004126634934602616,0.016666666666666607
0.0004126734930602776,0.016666666666666607
0.0004126834926602936,0.016666666666666607
0.0004126934922603096,0.0
0.00041270349186032563,0.016666666666666607
0.0004127134914603416,0.0
0.0004127234910603576,0.016666666666666607
0.0004127334906603736,0.0
0.0004127434902603896,0.0
0.0004127534898604056,0.0
0.0004127634894604216,0.016666666666666607
0.0004127734890604376,0.0
0.0004127834886604536,0.016666666666666607
0.0004127934882604696,0.016666666666666607
0.0004128034878604856,0.016666666666666607
0.0004128134874605016,0.016666666666666607
0.0004128234870605176,0.016666666666666607
0.0004128334866605336,0.016666666666666607
0.0004128434862605496,0.016666666666666607
0.0004128534858605656,0.0
0.0004128634854605816,0.016666666666666607
0.0004128734850605976,0.016666666666666607
0.0004128834846606136,0.0
0.0004128934842606296,0.016666666666666607
0.0004129034838606456,0.016666666666666607
0.0004129134834606616,0.016666666666666607
0.0004129234830606776,0.016666666666666607
0.00041293348266069357,0.016666666666666607
0.0004129434822607096,0.0
0.0004129534818607256,0.016666666666666607
0.0004129634814607416,0.016666666666666607
0.0004129734810607576,0.0
0.00041298348066077357,0.0
0.0004129934802607896,0.0
0.0004130034798608056,0.016666666666666607
0.0004130134794608216,0.0
0.0004130234790608376,0.0
0.00041303347866085356,0.016666666666666607
0.0004130434782608696,0.016666666666666607
0.0004130534778608856,0.016666666666666607
0.00041306347746090157,0.016666666666666607
0.0004130734770609176,0.016666666666666607
0.00041308347666093356,0.016666666666666607
0.0004130934762609496,0.016666666666666607
0.0004131034758609656,0.016666666666666607
0.00041311347546098157,0.016666666666666607
0.0004131234750609976,0.016666666666666607
0.0004131334746610136,0.016666666666666607
0.0004131434742610296,0.016666666666666607
0.0004131534738610456,0.0
0.00041316347346106156,0.0
0.0004131734730610776,0.016666666666666607
0.0004131834726610936,0.016666666666666607
0.00041319347226110957,0.016666666666666607
0.0004132034718611256,0.0
0.00041321347146114156,0.016666666666666607
0.0004132234710611576,0.0
0.0004132334706611736,0.0
0.00041324347026118957,0.016666666666666607
0.0004132534698612056,0.016666666666666607
0.00041326346946122156,0.0
0.0004132734690612376,0.016666666666666607
0.0004132834686612536,0.016666666666666607
0.00041329346826126956,0.016666666666666607
0.0004133034678612856,0.016666666666666607
0.00041331346746130155,0.0
0.0004133234670613176,0.016666666666666607
0.0004133334666613336,0.016666666666666607
0.00041334346626134956,0.016666666666666607
0.0004133534658613656,0.016666666666666607
0.00041336346546138155,0.016666666666666607
0.00041337346506139757,0.016666666666666607
0.0004133834646614136,0.016666666666666607
0.00041339346426142956,0.016666666666666607
0.0004134034638614456,0.016666666666666607
0.00041341346346146154,0.016666666666666607
0.00041342346306147757,0.016666666666666607
0.0004134334626614936,0.016666666666666607
0.00041344346226150955,0.016666666666666607
0.0004134534618615256,0.016666666666666607
0.00041346346146154154,0.016666666666666607
0.00041347346106155756,0.0
0.0004134834606615736,0.016666666666666607
0.00041349346026158955,0.016666666666666607
0.00041350345986160557,0.016666666666666607
0.00041351345946162154,0.016666666666666607
0.00041352345906163756,0.016666666666666607
0.0004135334586616536,0.016666666666666607
0.00041354345826166955,0.016666666666666607
0.00041355345786168557,0.016666666666666607
0.00041356345746170153,0.016666666666666607
0.00041357345706171755,0.016666666666666607
0.0004135834566617336,0.016666666666666607
0.00041359345626174954,0.016666666666666607
0.00041360345586176556,0.016666666666666607
0.00041361345546178153,0.0
0.00041362345506179755,0.016666666666666607
0.00041363345466181357,0.016666666666666607
0.00041364345426182954,0.016666666666666607
0.00041365345386184556,0.016666666666666607
0.0004136634534618615,0.016666666666666607
0.00041367345306187755,0.0
0.00041368345266189357,0.0
0.00041369345226190953,0.0
0.00041370345186192556,0.0
0.0004137134514619415,0.016666666666666607
0.00041372345106195754,0.0
0.00041373345066197356,0.016666666666666607
0.00041374345026198953,0.0
0.00041375344986200555,0.016666666666666607
0.0004137634494620215,0.0
0.00041377344906203754,0.016666666666666607
0.00041378344866205356,0.016666666666666607
0.0004137934482620695,0.0
0.00041380344786208555,0.016666666666666607
0.0004138134474621015,0.0
0.00041382344706211754,0.016666666666666607
0.00041383344666213356,0.016666666666666607
0.0004138434462621495,0.016666666666666607
0.00041385344586216554,0.016666666666666607
0.0004138634454621815,0.016666666666666607
0.00041387344506219753,0.016666666666666607
0.00041388344466221355,0.016666666666666607
0.0004138934442622295,0.016666666666666607
0.00041390344386224554,0.016666666666666607
0.0004139134434622615,0.016666666666666607
0.00041392344306227753,0.016666666666666607
0.00041393344266229355,0.016666666666666607
0.0004139434422623095,0.016666666666666607
0.00041395344186232554,0.016666666666666607
0.0004139634414623415,0.016666666666666607
0.0004139734410623575,0.0
0.00041398344066237354,0.0
0.0004139934402623895,0.016666666666666607
0.00041400343986240553,0.0
0.0004140134394624215,0.016666666666666607
0.0004140234390624375,0.016666666666666607
0.00041403343866245354,0.0
0.0004140434382624695,0.016666666666666607
0.00041405343786248553,0.0
0.00041406343746250155,0.0
0.0004140734370625175,0.0
0.00041408343666253354,0.016666666666666607
0.0004140934362625495,0.0
0.0004141034358625655,0.016666666666666607
0.00041411343546258155,0.016666666666666607
0.0004141234350625975,0.016666666666666607
0.00041413343466261353,0.016666666666666607
0.0004141434342626295,0.033333333333333215
0.0004141534338626455,0.016666666666666607
0.00041416343346266154,0.016666666666666607
0.0004141734330626775,0.016666666666666607
0.00041418343266269353,0.0
0.0004141934322627095,0.0
0.0004142034318627255,0.016666666666666607
0.00041421343146274154,0.0
0.0004142234310627575,0.0
0.0004142334306627735,0.0
0.0004142434302627895,0.0
0.0004142534298628055,0.0
0.00041426342946282153,0.0
0.0004142734290628375,0.016666666666666607
0.0004142834286628535,0.016666666666666607
0.0004142934282628695,0.016666666666666607
0.0004143034278628855,0.016666666666666607
0.00041431342746290153,0.016666666666666607
0.0004143234270629175,0.016666666666666607
0.0004143334266629335,0.016666666666666607
0.0004143434262629495,0.016666666666666607
0.0004143534258629655,0.016666666666666607
0.0004143634254629815,0.016666666666666607
0.0004143734250629975,0.016666666666666607
0.0004143834246630135,0.016666666666666607
0.0004143934242630295,0.016666666666666607
0.0004144034238630455,0.0
0.0004144134234630615,0.0
0.0004144234230630775,0.0
0.0004144334226630935,0.016666666666666607
0.0004144434222631095,0.0
0.0004144534218631255,0.0
0.0004144634214631415,0.016666666666666607
0.0004144734210631575,0.016666666666666607
0.0004144834206631735,0.016666666666666607
0.0004144934202631895,0.016666666666666607
0.0004145034198632055,0.016666666666666607
0.0004145134194632215,0.016666666666666607
0.0004145234190632375,0.016666666666666607
0.0004145334186632535,0.016666666666666607
0.00041454341826326947,0.016666666666666607
0.0004145534178632855,0.0
0.0004145634174633015,0.016666666666666607
0.0004145734170633175,0.016666666666666607
0.0004145834166633335,0.016666666666666607
0.00041459341626334947,0.016666666666666607
0.0004146034158633655,0.016666666666666607
0.0004146134154633815,0.0
0.0004146234150633975,0.016666666666666607
0.0004146334146634135,0.0
0.00041464341426342946,0.016666666666666607
0.0004146534138634455,0.016666666666666607
0.0004146634134634615,0.0
0.00041467341306347747,0.016666666666666607
0.0004146834126634935,0.016666666666666607
0.00041469341226350946,0.0
0.0004147034118635255,0.016666666666666607
0.0004147134114635415,0.0
0.00041472341106355747,0.016666666666666607
0.0004147334106635735,0.0
0.00041474341026358945,0.016666666666666607
0.0004147534098636055,0.016666666666666607
0.0004147634094636215,0.016666666666666607
0.00041477340906363746,0.016666666666666607
0.0004147834086636535,0.016666666666666607
0.00041479340826366945,0.016666666666666607
0.00041480340786368547,0.016666666666666607
0.0004148134074637015,0.016666666666666607
0.00041482340706371746,0.016666666666666607
0.0004148334066637335,0.016666666666666607
0.00041484340626374945,0.016666666666666607
0.00041485340586376547,0.016666666666666607
0.0004148634054637815,0.016666666666666607
0.00041487340506379746,0.016666666666666607
0.0004148834046638135,0.016666666666666607
0.00041489340426382944,0.016666666666666607
0.00041490340386384546,0.016666666666666607
0.0004149134034638615,0.016666666666666607
0.00041492340306387745,0.016666666666666607
0.0004149334026638935,0.0
0.00041494340226390944,0.0
0.00041495340186392546,0.016666666666666607
0.0004149634014639415,0.016666666666666607
0.00041497340106395745,0.016666666666666607
0.00041498340066397347,0.016666666666666607
0.0004149934002639895,0.016666666666666607
0.00041500339986400546,0.016666666666666607
0.0004150133994640215,0.016666666666666607
0.00041502339906403744,0.033333333333333215
0.00041503339866405347,0.016666666666666607
0.0004150433982640695,0.016666666666666607
0.00041505339786408545,0.016666666666666607
0.0004150633974641015,0.016666666666666607
0.00041507339706411744,0.016666666666666607
0.00041508339666413346,0.016666666666666607
0.0004150933962641495,0.016666666666666607
0.00041510339586416545,0.016666666666666607
0.00041511339546418147,0.016666666666666607
0.00041512339506419744,0.016666666666666607
0.00041513339466421346,0.016666666666666607
0.0004151433942642295,0.016666666666666607
0.00041515339386424545,0.0
0.00041516339346426147,0.016666666666666607
0.00041517339306427743,0.016666666666666607
0.00041518339266429345,0.016666666666666607
0.0004151933922643095,0.0
0.00041520339186432544,0.016666666666666607
0.00041521339146434146,0.016666666666666607
0.00041522339106435743,0.016666666666666607
0.00041523339066437345,0.016666666666666607
0.00041524339026438947,0.016666666666666607
0.00041525338986440544,0.0
0.00041526338946442146,0.016666666666666607
0.0004152733890644374,0.016666666666666607
0.00041528338866445345,0.016666666666666607
0.00041529338826446947,0.016666666666666607
0.00041530338786448543,0.0
0.00041531338746450146,0.0
0.0004153233870645174,0.016666666666666607
0.00041533338666453344,0.016666666666666607
0.00041534338626454946,0.0
0.00041535338586456543,0.0
0.00041536338546458145,0.016666666666666607
0.0004153733850645974,0.016666666666666607
0.00041538338466461344,0.016666666666666607
0.00041539338426462946,0.016666666666666607
0.0004154033838646454,0.016666666666666607
0.00041541338346466145,0.016666666666666607
0.0004154233830646774,0.0
0.00041543338266469344,0.0
0.00041544338226470946,0.016666666666666607
0.0004154533818647254,0.016666666666666607
0.00041546338146474144,0.0
0.0004154733810647574,0.016666666666666607
0.00041548338066477343,0.016666666666666607
0.00041549338026478945,0.016666666666666607
0.0004155033798648054,0.016666666666666607
0.00041551337946482144,0.016666666666666607
0.0004155233790648374,0.016666666666666607
0.00041553337866485343,0.016666666666666607
0.00041554337826486945,0.0
0.0004155533778648854,0.016666666666666607
0.00041556337746490144,0.0
0.0004155733770649174,0.0
0.0004155833766649334,0.016666666666666607
0.00041559337626494944,0.016666666666666607
0.0004156033758649654,0.016666666666666607
0.00041561337546498143,0.016666666666666607
0.0004156233750649974,0.016666666666666607
0.0004156333746650134,0.0
0.00041564337426502944,0.016666666666666607
0.0004156533738650454,0.016666666666666607
0.00041566337346506143,0.016666666666666607
0.0004156733730650774,0.016666666666666607
0.0004156833726650934,0.016666666666666607
0.00041569337226510944,0.0
0.0004157033718651254,0.016666666666666607
0.0004157133714651414,0.016666666666666607
0.0004157233710651574,0.016666666666666607
0.0004157333706651734,0.016666666666666607
0.00041574337026518943,0.016666666666666607
0.0004157533698652054,0.0
0.0004157633694652214,0.016666666666666607
0.0004157733690652374,0.0
0.0004157833686652534,0.016666666666666607
0.00041579336826526943,0.0
0.0004158033678652854,0.016666666666666607
0.0004158133674653014,0.016666666666666607
0.0004158233670653174,0.0
0.0004158333666653334,0.016666666666666607
0.0004158433662653494,0.016666666666666607
0.0004158533658653654,0.016666666666666607
0.0004158633654653814,0.016666666666666607
0.0004158733650653974,0.0
0.0004158833646654134,0.016666666666666607
0.0004158933642654294,0.0
0.0004159033638654454,0.016666666666666607
0.0004159133634654614,0.016666666666666607
0.00041592336306547743,0.016666666666666607
0.0004159333626654934,0.016666666666666607
0.0004159433622655094,0.016666666666666607
0.0004159533618655254,0.0
0.0004159633614655414,0.016666666666666607
0.0004159733610655574,0.016666666666666607
0.0004159833606655734,0.016666666666666607
0.0004159933602655894,0.016666666666666607
0.0004160033598656054,0.016666666666666607
0.0004160133594656214,0.0
0.0004160233590656374,0.0
0.0004160333586656534,0.016666666666666607
0.0004160433582656694,0.016666666666666607
0.0004160533578656854,0.0
0.0004160633574657014,0.0
0.0004160733570657174,0.016666666666666607
0.0004160833566657334,0.016666666666666607
0.0004160933562657494,0.016666666666666607
0.0004161033558657654,0.016666666666666607
0.0004161133554657814,0.0
0.0004161233550657974,0.016666666666666607
0.0004161333546658134,0.016666666666666607
0.0004161433542658294,0.016666666666666607
0.00041615335386584537,0.016666666666666607
0.0004161633534658614,0.016666666666666607
0.0004161733530658774,0.016666666666666607
0.0004161833526658934,0.016666666666666607
0.0004161933522659094,0.0
0.00041620335186592537,0.016666666666666607
0.0004162133514659414,0.016666666666666607
0.0004162233510659574,0.016666666666666607
0.0004162333506659734,0.016666666666666607
0.0004162433502659894,0.0
0.00041625334986600536,0.016666666666666607
0.0004162633494660214,0.016666666666666607
0.0004162733490660374,0.0
0.00041628334866605337,0.016666666666666607
0.0004162933482660694,0.016666666666666607
0.00041630334786608536,0.016666666666666607
0.0004163133474661014,0.016666666666666607
0.0004163233470661174,0.016666666666666607
0.00041633334666613337,0.0
0.0004163433462661494,0.016666666666666607
0.00041635334586616535,0.016666666666666607
0.0004163633454661814,0.016666666666666607
0.0004163733450661974,0.016666666666666607
0.00041638334466621336,0.016666666666666607
0.0004163933442662294,0.016666666666666607
0.00041640334386624535,0.0
0.00041641334346626137,0.0
0.0004164233430662774,0.016666666666666607
0.00041643334266629336,0.016666666666666607
0.0004164433422663094,0.016666666666666607
0.00041645334186632535,0.016666666666666607
0.00041646334146634137,0.016666666666666607
0.0004164733410663574,0.016666666666666607
0.00041648334066637336,0.016666666666666607
0.0004164933402663894,0.0
0.00041650333986640534,0.016666666666666607
0.00041651333946642136,0.016666666666666607
0.0004165233390664374,0.0
0.00041653333866645335,0.016666666666666607
0.0004165433382664694,0.016666666666666607
0.00041655333786648534,0.0
0.00041656333746650136,0.016666666666666607
0.0004165733370665174,0.016666666666666607
0.00041658333666653335,0.033333333333333215
0.00041659333626654937,0.0
0.00041660333586656534,0.0
0.00041661333546658136,-0.016666666666666607
0.0004166233350665974,0.0
0.00041663333466661334,0.016666666666666607
0.00041664333426662937,0.033333333333333215
0.00041665333386664533,0.033333333333333215
0.00041666333346666135,0.016666666666666607
0.0004166733330666774,0.0
0.00041668333266669334,0.0
0.00041669333226670936,0.0
0.00041670333186672533,0.016666666666666607
0.00041671333146674135,0.016666666666666607
0.00041672333106675737,0.033333333333333215
0.00041673333066677334,0.016666666666666607
0.00041674333026678936,-0.016666666666666607
0.0004167533298668053,0.0
0.00041676332946682135,0.0
0.00041677332906683737,0.0
0.00041678332866685333,0.033333333333333215
0.00041679332826686935,0.016666666666666607
0.0004168033278668853,0.016666666666666607
0.00041681332746690134,0.016666666666666607
0.00041682332706691736,0.0
0.00041683332666693333,0.0
0.00041684332626694935,0.016666666666666607
0.00041685332586696537,0.016666666666666607
0.00041686332546698134,0.016666666666666607
0.00041687332506699736,0.016666666666666607
0.0004168833246670133,0.0
0.00041689332426702935,0.016666666666666607
0.00041690332386704537,0.016666666666666607
0.00041691332346706133,0.0
0.00041692332306707736,0.016666666666666607
0.0004169333226670933,0.016666666666666607
0.00041694332226710934,0.016666666666666607
0.00041695332186712536,0.0
0.00041696332146714133,0.016666666666666607
0.00041697332106715735,0.016666666666666607
0.0004169833206671733,0.0
0.00041699332026718934,0.0
0.00041700331986720536,0.0
0.0004170133194672213,0.0
0.00041702331906723735,0.016666666666666607
0.0004170333186672533,0.016666666666666607
0.00041704331826726934,0.016666666666666607
0.00041705331786728536,0.016666666666666607
0.0004170633174673013,0.016666666666666607
0.00041707331706731734,0.0
0.0004170833166673333,0.016666666666666607
0.00041709331626734933,0.016666666666666607
0.00041710331586736535,0.016666666666666607
0.0004171133154673813,0.016666666666666607
0.00041712331506739734,0.0
0.0004171333146674133,0.016666666666666607
0.00041714331426742933,0.016666666666666607
0.00041715331386744535,0.016666666666666607
0.0004171633134674613,0.016666666666666607
0.00041717331306747734,0.016666666666666607
0.0004171833126674933,0.016666666666666607
0.0004171933122675093,0.0
0.00041720331186752534,0.016666666666666607
0.0004172133114675413,0.016666666666666607
0.00041722331106755733,0.016666666666666607
0.0004172333106675733,0.0
0.0004172433102675893,0.016666666666666607
0.00041725330986760534,0.0
0.0004172633094676213,0.016666666666666607
0.00041727330906763733,0.016666666666666607
0.0004172833086676533,0.016666666666666607
0.0004172933082676693,0.016666666666666607
0.00041730330786768534,0.016666666666666607
0.0004173133074677013,0.0
0.0004173233070677173,0.016666666666666607
0.0004173333066677333,0.016666666666666607
0.0004173433062677493,0.033333333333333215
0.00041735330586776533,0.016666666666666607
0.0004173633054677813,0.0
0.0004173733050677973,0.0
0.0004173833046678133,0.016666666666666607
0.0004173933042678293,0.016666666666666607
0.00041740330386784533,0.016666666666666607
0.0004174133034678613,0.016666666666666607
0.0004174233030678773,0.016666666666666607
0.0004174333026678933,0.016666666666666607
0.0004174433022679093,0.0
0.0004174533018679253,0.0
0.0004174633014679413,0.016666666666666607
0.0004174733010679573,0.016666666666666607
0.0004174833006679733,0.016666666666666607
0.0004174933002679893,0.016666666666666607
0.0004175032998680053,0.016666666666666607
0.0004175132994680213,0.016666666666666607
0.0004175232990680373,0.016666666666666607
0.0004175332986680533,0.016666666666666607
0.0004175432982680693,0.016666666666666607
0.0004175532978680853,0.016666666666666607
0.0004175632974681013,0.016666666666666607
0.0004175732970681173,0.016666666666666607
0.00041758329666813327,0.016666666666666607
0.0004175932962681493,0.016666666666666607
0.0004176032958681653,0.016666666666666607
0.0004176132954681813,0.0
0.0004176232950681973,0.016666666666666607
0.00041763329466821327,0.016666666666666607
0.0004176432942682293,0.016666666666666607
0.0004176532938682453,0.0
0.0004176632934682613,0.016666666666666607
0.0004176732930682773,0.016666666666666607
0.00041768329266829327,0.0
0.0004176932922683093,0.0
0.0004177032918683253,0.016666666666666607
0.0004177132914683413,0.0
0.0004177232910683573,0.016666666666666607
0.00041773329066837326,0.0
0.0004177432902683893,0.016666666666666607
0.0004177532898684053,0.016666666666666607
0.00041776328946842127,0.016666666666666607
0.0004177732890684373,0.016666666666666607
0.0004177832886684533,0.016666666666666607
0.0004177932882684693,0.0
0.0004178032878684853,0.016666666666666607
0.00041781328746850127,0.016666666666666607
0.0004178232870685173,0.016666666666666607
0.0004178332866685333,0.016666666666666607
0.0004178432862685493,0.016666666666666607
0.0004178532858685653,0.0
0.00041786328546858126,0.0
0.0004178732850685973,0.0
0.0004178832846686133,0.0
0.00041789328426862927,0.016666666666666607
0.0004179032838686453,0.016666666666666607
0.00041791328346866126,0.016666666666666607
0.0004179232830686773,0.016666666666666607
0.0004179332826686933,0.0
0.00041794328226870927,0.0
0.0004179532818687253,0.0
0.00041796328146874125,0.016666666666666607
0.0004179732810687573,0.0
0.0004179832806687733,0.016666666666666607
0.00041799328026878926,0.016666666666666607
0.0004180032798688053,0.016666666666666607
0.00041801327946882125,0.0
0.00041802327906883727,0.0
0.0004180332786688533,0.016666666666666607
0.00041804327826886926,0.016666666666666607
0.0004180532778688853,0.016666666666666607
0.00041806327746890125,0.016666666666666607
0.00041807327706891727,0.016666666666666607
0.0004180832766689333,0.016666666666666607
0.00041809327626894926,0.0
0.0004181032758689653,0.0
0.00041811327546898124,0.0
0.00041812327506899726,0.016666666666666607
0.0004181332746690133,0.0
0.00041814327426902925,0.0
0.0004181532738690453,0.0
0.00041816327346906124,0.0
0.00041817327306907726,0.0
0.0004181832726690933,0.0
0.00041819327226910925,0.016666666666666607
0.00041820327186912527,0.016666666666666607
0.00041821327146914124,0.0
0.00041822327106915726,0.016666666666666607
0.0004182332706691733,0.016666666666666607
0.00041824327026918924,0.016666666666666607
0.00041825326986920527,0.0
0.00041826326946922123,0.016666666666666607
0.00041827326906923725,0.016666666666666607
0.0004182832686692533,0.016666666666666607
0.00041829326826926924,0.016666666666666607
0.00041830326786928526,0.016666666666666607
0.00041831326746930123,0.0
0.00041832326706931725,0.016666666666666607
0.00041833326666933327,0.016666666666666607
0.00041834326626934924,0.016666666666666607
0.00041835326586936526,0.016666666666666607
0.0004183632654693812,0.016666666666666607
0.00041837326506939725,0.016666666666666607
0.00041838326466941327,0.016666666666666607
0.00041839326426942923,0.0
0.00041840326386944525,0.016666666666666607
0.0004184132634694612,0.0
0.00041842326306947724,0.016666666666666607
0.00041843326266949326,0.016666666666666607
0.00041844326226950923,0.016666666666666607
0.00041845326186952525,0.016666666666666607
0.0004184632614695412,0.0
0.00041847326106955724,0.016666666666666607
0.00041848326066957326,0.016666666666666607
0.0004184932602695892,0.016666666666666607
0.00041850325986960525,0.0
0.0004185132594696212,0.016666666666666607
0.00041852325906963723,0.0
0.00041853325866965326,0.0
0.0004185432582696692,0.016666666666666607
0.00041855325786968524,0.016666666666666607
0.0004185632574697012,0.016666666666666607
0.00041857325706971723,0.0
0.00041858325666973325,0.016666666666666607
0.0004185932562697492,0.016666666666666607
0.00041860325586976524,0.016666666666666607
0.0004186132554697812,0.0
0.0004186232550697972,0.016666666666666607
0.00041863325466981325,0.016666666666666607
0.0004186432542698292,0.016666666666666607
0.00041865325386984524,0.0
0.0004186632534698612,0.016666666666666607
0.0004186732530698772,0.016666666666666607
0.00041868325266989324,0.016666666666666607
0.0004186932522699092,0.016666666666666607
0.00041870325186992523,0.016666666666666607
0.00041871325146994125,0.0
0.0004187232510699572,0.016666666666666607
0.00041873325066997324,0.016666666666666607
0.0004187432502699892,0.0
0.00041875324987000523,0.016666666666666607
0.00041876324947002125,0.016666666666666607
0.0004187732490700372,0.016666666666666607
0.00041878324867005324,0.016666666666666607
0.0004187932482700692,0.016666666666666607
0.0004188032478700852,0.0
0.00041881324747010124,0.016666666666666607
0.0004188232470701172,0.016666666666666607
0.00041883324667013323,0.0
0.0004188432462701492,0.016666666666666607
0.0004188532458701652,0.016666666666666607
0.00041886324547018124,0.016666666666666607
0.0004188732450701972,0.016666666666666607
0.00041888324467021323,0.016666666666666607
0.0004188932442702292,0.016666666666666607
0.0004189032438702452,0.016666666666666607
0.00041891324347026124,0.0
0.0004189232430702772,0.016666666666666607
0.0004189332426702932,0.016666666666666607
0.0004189432422703092,0.0
0.0004189532418703252,0.0
0.00041896324147034123,0.016666666666666607
0.0004189732410703572,0.0
0.0004189832406703732,0.016666666666666607
0.0004189932402703892,0.016666666666666607
0.0004190032398704052,0.016666666666666607
0.00041901323947042123,0.0
0.0004190232390704372,0.016666666666666607
0.0004190332386704532,0.016666666666666607
0.0004190432382704692,0.016666666666666607
0.0004190532378704852,0.016666666666666607
0.0004190632374705012,0.016666666666666607
0.0004190732370705172,0.016666666666666607
0.0004190832366705332,0.016666666666666607
0.0004190932362705492,0.016666666666666607
0.0004191032358705652,0.016666666666666607
0.0004191132354705812,0.016666666666666607
0.0004191232350705972,0.016666666666666607
0.0004191332346706132,0.016666666666666607
0.0004191432342706292,0.016666666666666607
0.0004191532338706452,0.016666666666666607
0.0004191632334706612,0.016666666666666607
0.0004191732330706772,0.0
0.0004191832326706932,0.016666666666666607
0.00041919323227070917,0.016666666666666607
0.0004192032318707252,0.016666666666666607
0.0004192132314707412,0.016666666666666607
0.0004192232310707572,0.016666666666666607
0.0004192332306707732,0.0
0.00041924323027078917,0.016666666666666607
0.0004192532298708052,0.033333333333333215
0.0004192632294708212,0.016666666666666607
0.0004192732290708372,0.016666666666666607
0.0004192832286708532,0.016666666666666607
0.00041929322827086917,0.016666666666666607
0.0004193032278708852,0.016666666666666607
0.0004193132274709012,0.016666666666666607
0.0004193232270709172,0.033333333333333215
0.0004193332266709332,0.016666666666666607
0.00041934322627094916,0.0
0.0004193532258709652,0.016666666666666607
0.0004193632254709812,0.0
0.00041937322507099717,0.0
0.0004193832246710132,0.016666666666666607
0.00041939322427102916,0.016666666666666607
0.0004194032238710452,0.0
0.0004194132234710612,0.016666666666666607
0.00041942322307107717,0.016666666666666607
0.0004194332226710932,0.0
0.00041944322227110915,0.016666666666666607
0.0004194532218711252,0.016666666666666607
0.0004194632214711412,0.0
0.00041947322107115716,0.016666666666666607
0.0004194832206711732,0.016666666666666607
0.00041949322027118915,0.016666666666666607
0.00041950321987120517,0.016666666666666607
0.0004195132194712212,0.016666666666666607
0.00041952321907123716,0.033333333333333215
0.0004195332186712532,0.016666666666666607
0.00041954321827126915,0.016666666666666607
0.00041955321787128517,0.0
0.0004195632174713012,0.016666666666666607
0.00041957321707131715,0.016666666666666607
0.0004195832166713332,0.016666666666666607
0.00041959321627134914,0.0
0.00041960321587136516,0.0
0.0004196132154713812,0.0
0.00041962321507139715,0.016666666666666607
0.00041963321467141317,0.0
0.0004196432142714292,0.0
0.00041965321387144516,0.0
0.0004196632134714612,0.0
0.00041967321307147715,0.0
0.00041968321267149317,0.016666666666666607
0.0004196932122715092,0.016666666666666607
0.00041970321187152516,0.016666666666666607
0.0004197132114715412,0.016666666666666607
0.00041972321107155714,0.016666666666666607
0.00041973321067157316,0.016666666666666607
0.0004197432102715892,0.016666666666666607
0.00041975320987160515,0.016666666666666607
0.0004197632094716212,0.016666666666666607
0.00041977320907163714,0.016666666666666607
0.00041978320867165316,0.016666666666666607
0.0004197932082716692,0.0
0.00041980320787168515,0.016666666666666607
0.00041981320747170117,0.0
0.00041982320707171714,0.016666666666666607
0.00041983320667173316,0.016666666666666607
0.0004198432062717492,0.016666666666666607
0.00041985320587176514,0.0
0.00041986320547178117,0.016666666666666607
0.00041987320507179713,0.016666666666666607
0.00041988320467181315,0.0
0.0004198932042718292,0.016666666666666607
0.00041990320387184514,0.016666666666666607
0.00041991320347186116,0.0
0.00041992320307187713,0.016666666666666607
0.00041993320267189315,0.016666666666666607
0.00041994320227190917,0.016666666666666607
0.00041995320187192514,0.016666666666666607
0.00041996320147194116,0.016666666666666607
0.0004199732010719571,0.016666666666666607
0.00041998320067197315,0.0
0.00041999320027198917,0.016666666666666607
0.00042000319987200513,0.016666666666666607
0.00042001319947202115,0.016666666666666607
0.0004200231990720371,0.016666666666666607
0.00042003319867205314,0.016666666666666607
0.00042004319827206916,0.016666666666666607
0.00042005319787208513,0.016666666666666607
0.00042006319747210115,0.016666666666666607
0.0004200731970721171,0.016666666666666607
0.00042008319667213314,0.016666666666666607
0.00042009319627214916,0.0
0.0004201031958721651,0.033333333333333215
0.00042011319547218115,0.0
0.0004201231950721971,0.016666666666666607
0.00042013319467221313,0.0
0.00042014319427222916,0.0
0.0004201531938722451,0.0
0.00042016319347226114,0.0
0.0004201731930722771,0.0
0.00042018319267229313,0.0
0.00042019319227230915,0.016666666666666607
0.0004202031918723251,0.016666666666666607
0.00042021319147234114,0.016666666666666607
0.0004202231910723571,0.016666666666666607
0.0004202331906723731,0.016666666666666607
0.00042024319027238915,0.016666666666666607
0.0004202531898724051,0.016666666666666607
0.00042026318947242114,0.016666666666666607
0.0004202731890724371,0.016666666666666607
0.0004202831886724531,0.0
0.00042029318827246914,0.0
0.0004203031878724851,0.0
0.00042031318747250113,0.0
0.0004203231870725171,0.0
0.0004203331866725331,0.016666666666666607
0.00042034318627254914,0.016666666666666607
0.0004203531858725651,0.016666666666666607
0.00042036318547258113,0.016666666666666607
0.0004203731850725971,0.0
0.0004203831846726131,0.016666666666666607
0.00042039318427262914,0.016666666666666607
0.0004204031838726451,0.0
0.0004204131834726611,0.016666666666666607
0.0004204231830726771,0.0
0.0004204331826726931,0.016666666666666607
0.00042044318227270913,0.016666666666666607
0.0004204531818727251,0.0
0.0004204631814727411,0.016666666666666607
0.0004204731810727571,0.0
0.0004204831806727731,0.016666666666666607
0.00042049318027278913,0.016666666666666607
0.0004205031798728051,0.0
0.0004205131794728211,0.016666666666666607
0.0004205231790728371,0.016666666666666607
0.0004205331786728531,0.0
0.0004205431782728691,0.016666666666666607
0.0004205531778728851,0.016666666666666607
0.0004205631774729011,0.016666666666666607
0.00042057317707291713,0.0
0.0004205831766729331,0.016666666666666607
0.0004205931762729491,0.0
0.0004206031758729651,0.016666666666666607
0.0004206131754729811,0.0
0.00042062317507299713,0.016666666666666607
0.0004206331746730131,0.016666666666666607
0.0004206431742730291,0.0
0.0004206531738730451,0.016666666666666607
0.0004206631734730611,0.016666666666666607
0.0004206731730730771,0.0
0.0004206831726730931,0.016666666666666607
0.0004206931722731091,0.016666666666666607
0.0004207031718731251,0.016666666666666607
0.0004207131714731411,0.033333333333333215
0.0004207231710731571,0.016666666666666607
0.0004207331706731731,0.0
0.0004207431702731891,0.016666666666666607
0.0004207531698732051,0.0
0.0004207631694732211,0.016666666666666607
0.0004207731690732371,0.016666666666666607
0.0004207831686732531,0.016666666666666607
0.0004207931682732691,0.016666666666666607
0.00042080316787328507,0.016666666666666607
0.0004208131674733011,0.016666666666666607
0.0004208231670733171,0.0
0.0004208331666733331,0.016666666666666607
0.0004208431662733491,0.016666666666666607
0.00042085316587336507,0.016666666666666607
0.0004208631654733811,0.0
0.0004208731650733971,0.016666666666666607
0.0004208831646734131,0.016666666666666607
0.0004208931642734291,0.016666666666666607
0.00042090316387344507,0.0
0.0004209131634734611,0.0
0.0004209231630734771,0.0
0.0004209331626734931,0.016666666666666607
0.0004209431622735091,0.016666666666666607
0.00042095316187352506,0.016666666666666607
0.0004209631614735411,0.016666666666666607
0.0004209731610735571,0.016666666666666607
0.00042098316067357307,0.016666666666666607
0.0004209931602735891,0.0
0.00042100315987360506,0.016666666666666607
0.0004210131594736211,0.016666666666666607
0.0004210231590736371,0.0
0.00042103315867365307,0.016666666666666607
0.0004210431582736691,0.016666666666666607
0.00042105315787368505,0.0
0.0004210631574737011,0.0
0.0004210731570737171,0.016666666666666607
0.00042108315667373306,0.016666666666666607
0.0004210931562737491,0.016666666666666607
0.00042110315587376505,0.016666666666666607
0.00042111315547378107,0.016666666666666607
0.0004211231550737971,0.016666666666666607
0.00042113315467381306,0.016666666666666607
0.0004211431542738291,0.0
0.00042115315387384505,0.016666666666666607
0.00042116315347386107,0.0
0.0004211731530738771,0.016666666666666607
0.00042118315267389305,0.016666666666666607
0.0004211931522739091,0.0
0.00042120315187392504,0.016666666666666607
0.00042121315147394106,0.016666666666666607
0.0004212231510739571,0.016666666666666607
0.00042123315067397305,0.0
0.00042124315027398907,0.016666666666666607
0.00042125314987400504,0.016666666666666607
0.00042126314947402106,0.0
0.0004212731490740371,0.016666666666666607
0.00042128314867405305,0.016666666666666607
0.00042129314827406907,0.0
0.00042130314787408504,0.016666666666666607
0.00042131314747410106,0.0
0.0004213231470741171,0.016666666666666607
0.00042133314667413304,0.016666666666666607
0.00042134314627414906,0.016666666666666607
0.00042135314587416503,0.016666666666666607
0.00042136314547418105,0.016666666666666607
0.0004213731450741971,0.016666666666666607
0.00042138314467421304,0.0
0.00042139314427422906,0.016666666666666607
0.00042140314387424503,0.0
0.00042141314347426105,0.0
0.00042142314307427707,0.016666666666666607
0.00042143314267429304,0.0
0.00042144314227430906,0.016666666666666607
0.000421453141874325,0.016666666666666607
0.00042146314147434104,0.016666666666666607
0.00042147314107435707,0.016666666666666607
0.00042148314067437303,0.0
0.00042149314027438905,0.016666666666666607
0.0004215031398744051,0.016666666666666607
0.00042151313947442104,0.016666666666666607
0.00042152313907443706,0.0
0.00042153313867445303,0.016666666666666607
0.00042154313827446905,0.016666666666666607
0.00042155313787448507,0.0
0.00042156313747450104,0.016666666666666607
0.00042157313707451706,0.0
0.000421583136674533,0.016666666666666607
0.00042159313627454905,0.016666666666666607
0.00042160313587456507,0.016666666666666607
0.00042161313547458103,0.016666666666666607
0.00042162313507459705,0.016666666666666607
0.000421633134674613,0.0
0.00042164313427462904,0.016666666666666607
0.00042165313387464506,0.0
0.00042166313347466103,0.016666666666666607
0.00042167313307467705,0.016666666666666607
0.000421683132674693,0.016666666666666607
0.00042169313227470904,0.0
0.00042170313187472506,0.016666666666666607
0.000421713131474741,0.016666666666666607
0.00042172313107475705,0.016666666666666607
0.000421733130674773,0.016666666666666607
0.00042174313027478903,0.016666666666666607
0.00042175312987480506,0.016666666666666607
0.000421763129474821,0.0
0.00042177312907483704,0.0
0.000421783128674853,0.016666666666666607
0.00042179312827486903,0.016666666666666607
0.00042180312787488505,0.016666666666666607
0.000421813127474901,0.016666666666666607
0.00042182312707491704,0.016666666666666607
0.000421833126674933,0.0
0.000421843126274949,0.0
0.00042185312587496505,0.0
0.000421863125474981,0.0
0.00042187312507499704,0.016666666666666607
0.000421883124675013,0.016666666666666607
0.000421893124275029,0.016666666666666607
0.00042190312387504504,0.016666666666666607
0.000421913123475061,0.016666666666666607
0.00042192312307507703,0.016666666666666607
0.000421933122675093,0.016666666666666607
0.000421943122275109,0.016666666666666607
0.00042195312187512504,0.0
0.000421963121475141,0.016666666666666607
0.00042197312107515703,0.016666666666666607
0.000421983120675173,0.0
0.000421993120275189,0.0
0.00042200311987520504,0.016666666666666607
0.000422013119475221,0.016666666666666607
0.000422023119075237,0.0
0.000422033118675253,0.0
0.000422043118275269,0.0
0.00042205311787528503,0.016666666666666607
0.000422063117475301,0.016666666666666607
0.000422073117075317,0.0
0.000422083116675333,0.016666666666666607
0.000422093116275349,0.016666666666666607
0.00042210311587536503,0.016666666666666607
0.000422113115475381,0.016666666666666607
0.000422123115075397,0.016666666666666607
0.000422133114675413,0.0
0.000422143114275429,0.0
0.000422153113875445,0.016666666666666607
0.000422163113475461,0.016666666666666607
0.000422173113075477,0.016666666666666607
0.000422183112675493,0.016666666666666607
0.000422193112275509,0.0
0.000422203111875525,0.0
0.000422213111475541,0.016666666666666607
0.000422223111075557,0.016666666666666607
0.000422233110675573,0.016666666666666607
0.000422243110275589,0.016666666666666607
0.000422253109875605,0.0
0.000422263109475621,0.0
0.000422273109075637,0.016666666666666607
0.00042228310867565297,0.0
0.000422293108275669,0.016666666666666607
0.000422303107875685,0.016666666666666607
0.000422313107475701,0.016666666666666607
0.000422323107075717,0.016666666666666607
0.00042233310667573297,0.0
0.000422343106275749,0.0
0.000422353105875765,0.016666666666666607
0.000422363105475781,0.0
0.000422373105075797,0.016666666666666607
0.00042238310467581296,0.016666666666666607
0.000422393104275829,0.0
0.000422403103875845,0.0
0.00042241310347586097,0.016666666666666607
0.000422423103075877,0.016666666666666607
0.000422433102675893,0.0
0.000422443102275909,0.016666666666666607
0.000422453101875925,0.0
0.00042246310147594097,0.016666666666666607
0.000422473101075957,0.0
0.000422483100675973,0.016666666666666607
0.000422493100275989,0.0
0.000422503099876005,0.016666666666666607
0.00042251309947602097,0.0
0.000422523099076037,0.0
0.000422533098676053,0.0
0.000422543098276069,0.016666666666666607
0.000422553097876085,0.0
0.00042256309747610096,0.016666666666666607
0.000422573097076117,0.016666666666666607
0.000422583096676133,0.016666666666666607
0.00042259309627614897,0.016666666666666607
0.000422603095876165,0.033333333333333215
0.00042261309547618096,0.016666666666666607
0.000422623095076197,0.0
0.000422633094676213,0.016666666666666607
0.00042264309427622897,0.0
0.000422653093876245,0.0
0.00042266309347626095,0.016666666666666607
0.000422673093076277,0.016666666666666607
0.000422683092676293,0.016666666666666607
0.00042269309227630896,0.016666666666666607
0.000422703091876325,0.0
0.00042271309147634095,0.016666666666666607
0.00042272309107635697,0.0
0.000422733090676373,0.0
0.00042274309027638896,0.016666666666666607
0.000422753089876405,0.0
0.00042276308947642095,0.016666666666666607
0.00042277308907643697,0.016666666666666607
0.000422783088676453,0.016666666666666607
0.00042279308827646895,0.016666666666666607
0.000422803087876485,0.016666666666666607
0.00042281308747650094,0.016666666666666607
0.00042282308707651696,0.0
0.000422833086676533,0.0
0.00042284308627654895,0.0
0.00042285308587656497,0.016666666666666607
0.00042286308547658094,0.016666666666666607
0.00042287308507659696,0.016666666666666607
0.000422883084676613,0.0
0.00042289308427662895,0.0
0.00042290308387664497,0.0
0.00042291308347666094,0.016666666666666607
0.00042292308307667696,0.0
0.000422933082676693,0.016666666666666607
0.00042294308227670894,0.0
0.00042295308187672496,-0.016666666666666607
0.00042296308147674093,0.0
0.00042297308107675695,0.0
0.000422983080676773,0.0
0.00042299308027678894,0.016666666666666607
0.00042300307987680496,0.0
0.00042301307947682093,0.016666666666666607
0.00042302307907683695,0.016666666666666607
0.00042303307867685297,0.016666666666666607
0.00042304307827686894,0.016666666666666607
0.00042305307787688496,0.033333333333333215
0.0004230630774769009,0.033333333333333215
0.00042307307707691694,0.016666666666666607
0.00042308307667693297,0.033333333333333215
0.00042309307627694893,0.016666666666666607
0.00042310307587696495,0.016666666666666607
0.0004231130754769809,0.016666666666666607
0.00042312307507699694,0.0
0.00042313307467701296,0.016666666666666607
0.00042314307427702893,0.016666666666666607
0.00042315307387704495,0.0
0.0004231630734770609,0.016666666666666607
0.00042317307307707694,0.0
0.00042318307267709296,0.0
0.0004231930722771089,0.0
0.00042320307187712495,0.0
0.0004232130714771409,0.016666666666666607
0.00042322307107715693,0.0
0.00042323307067717295,0.0
0.0004232430702771889,0.0
0.00042325306987720494,0.016666666666666607
0.0004232630694772209,0.0
0.00042327306907723693,0.0
0.00042328306867725295,0.016666666666666607
0.0004232930682772689,0.0
0.00042330306787728494,0.0
0.0004233130674773009,0.016666666666666607
0.0004233230670773169,0.016666666666666607
0.00042333306667733295,0.016666666666666607
0.0004233430662773489,0.016666666666666607
0.00042335306587736493,0.016666666666666607
0.00042336306547738096,0.016666666666666607
0.0004233730650773969,0.0
0.00042338306467741294,0.0
0.0004233930642774289,0.0
0.00042340306387744493,0.016666666666666607
0.00042341306347746095,0.0
0.0004234230630774769,0.016666666666666607
0.00042343306267749294,0.0
0.0004234430622775089,0.016666666666666607
0.0004234530618775249,0.016666666666666607
0.00042346306147754095,0.0
0.0004234730610775569,0.0
0.00042348306067757294,0.016666666666666607
0.0004234930602775889,0.0
0.0004235030598776049,0.016666666666666607
0.00042351305947762094,0.0
0.0004235230590776369,0.0
0.00042353305867765293,0.016666666666666607
0.0004235430582776689,0.0
0.0004235530578776849,0.016666666666666607
0.00042356305747770094,0.016666666666666607
0.0004235730570777169,0.016666666666666607
0.00042358305667773293,0.016666666666666607
0.0004235930562777489,0.033333333333333215
0.0004236030558777649,0.016666666666666607
0.00042361305547778094,0.016666666666666607
0.0004236230550777969,0.016666666666666607
0.0004236330546778129,0.016666666666666607
0.0004236430542778289,0.0
0.0004236530538778449,0.0
0.00042366305347786093,0.0
0.0004236730530778769,0.0
0.0004236830526778929,0.016666666666666607
0.0004236930522779089,0.0
0.0004237030518779249,0.0
0.00042371305147794093,0.0
0.0004237230510779569,0.016666666666666607
0.0004237330506779729,0.016666666666666607
0.0004237430502779889,0.016666666666666607
0.0004237530498780049,0.016666666666666607
0.0004237630494780209,0.016666666666666607
0.0004237730490780369,0.0
0.0004237830486780529,0.016666666666666607
0.0004237930482780689,0.016666666666666607
0.0004238030478780849,0.0
0.0004238130474781009,0.0
0.0004238230470781169,0.016666666666666607
0.0004238330466781329,0.016666666666666607
0.0004238430462781489,0.016666666666666607
0.0004238530458781649,0.016666666666666607
0.0004238630454781809,0.016666666666666607
0.0004238730450781969,0.016666666666666607
0.0004238830446782129,0.016666666666666607
0.00042389304427822887,0.016666666666666607
0.0004239030438782449,0.016666666666666607
0.0004239130434782609,0.016666666666666607
0.0004239230430782769,0.0
0.0004239330426782929,0.0
0.00042394304227830887,0.0
0.0004239530418783249,0.0
0.0004239630414783409,0.016666666666666607
0.0004239730410783569,0.0
0.0004239830406783729,0.0
0.00042399304027838886,0.0
0.0004240030398784049,0.016666666666666607
0.0004240130394784209,0.0
0.0004240230390784369,0.016666666666666607
0.0004240330386784529,0.016666666666666607
0.00042404303827846886,0.033333333333333215
0.0004240530378784849,0.016666666666666607
0.0004240630374785009,0.016666666666666607
0.00042407303707851687,0.016666666666666607
0.0004240830366785329,0.016666666666666607
0.00042409303627854886,0.0
0.0004241030358785649,0.016666666666666607
0.0004241130354785809,0.016666666666666607
0.00042412303507859687,0.016666666666666607
0.0004241330346786129,0.016666666666666607
0.00042414303427862885,0.0
0.0004241530338786449,0.0
0.0004241630334786609,0.0
0.00042417303307867686,0.016666666666666607
0.0004241830326786929,0.016666666666666607
0.00042419303227870885,0.0
0.00042420303187872487,0.0
0.0004242130314787409,0.016666666666666607
0.00042422303107875686,0.0
0.0004242330306787729,0.016666666666666607
0.00042424303027878885,0.016666666666666607
0.00042425302987880487,0.016666666666666607
0.0004242630294788209,0.016666666666666607
0.00042427302907883685,0.016666666666666607
0.0004242830286788529,0.016666666666666607
0.0004242930282788689,0.0
0.00042430302787888486,0.016666666666666607
0.0004243130274789009,0.0
0.00042432302707891685,0.0
0.00042433302667893287,0.0
0.0004243430262789489,0.0
0.00042435302587896486,0.016666666666666607
0.0004243630254789809,0.016666666666666607
0.00042437302507899685,0.016666666666666607
0.00042438302467901287,0.016666666666666607
0.0004243930242790289,0.0
0.00042440302387904486,0.016666666666666607
0.0004244130234790609,0.016666666666666607
0.00042442302307907684,0.016666666666666607
0.00042443302267909286,0.0
0.0004244430222791089,0.0
0.00042445302187912485,0.0
0.00042446302147914087,0.016666666666666607
0.00042447302107915684,0.0
0.00042448302067917286,0.016666666666666607
0.0004244930202791889,0.0
0.00042450301987920485,0.016666666666666607
0.00042451301947922087,0.0
0.00042452301907923684,0.0
0.00042453301867925286,0.0
0.0004245430182792689,0.016666666666666607
0.00042455301787928484,0.016666666666666607
0.00042456301747930086,0.016666666666666607
0.00042457301707931683,0.0
0.00042458301667933285,0.016666666666666607
0.0004245930162793489,0.016666666666666607
0.00042460301587936484,0.016666666666666607
0.00042461301547938086,0.016666666666666607
0.00042462301507939683,0.016666666666666607
0.00042463301467941285,0.016666666666666607
0.00042464301427942887,0.016666666666666607
0.00042465301387944484,0.0
0.00042466301347946086,0.0
0.0004246730130794768,0.016666666666666607
0.00042468301267949284,0.016666666666666607
0.00042469301227950887,0.016666666666666607
0.00042470301187952483,0.016666666666666607
0.00042471301147954085,0.016666666666666607
0.0004247230110795568,0.016666666666666607
0.00042473301067957284,0.016666666666666607
0.00042474301027958886,0.016666666666666607
0.00042475300987960483,0.016666666666666607
0.00042476300947962085,0.0
0.0004247730090796368,0.0
0.00042478300867965284,0.0
0.00042479300827966886,0.0
0.0004248030078796848,0.0
0.00042481300747970085,-0.016666666666666607
0.0004248230070797168,0.0
0.00042483300667973283,0.0
0.00042484300627974885,0.016666666666666607
0.0004248530058797648,0.0
0.00042486300547978084,0.0
0.0004248730050797968,0.016666666666666607
0.00042488300467981283,0.016666666666666607
0.00042489300427982885,0.016666666666666607
0.0004249030038798448,0.016666666666666607
0.00042491300347986084,0.016666666666666607
0.0004249230030798768,0.016666666666666607
0.0004249330026798928,0.016666666666666607
0.00042494300227990885,0.033333333333333215
0.0004249530018799248,0.016666666666666607
0.00042496300147994083,0.0
0.0004249730010799568,0.016666666666666607
0.0004249830006799728,0.016666666666666607
0.00042499300027998884,0.016666666666666607
0.0004250029998800048,0.0
0.00042501299948002083,0.016666666666666607
0.0004250229990800368,0.0
0.0004250329986800528,0.0
0.00042504299828006884,0.016666666666666607
0.0004250529978800848,0.0
0.0004250629974801008,0.016666666666666607
0.0004250729970801168,0.0
0.0004250829966801328,0.016666666666666607
0.00042509299628014884,0.0
0.0004251029958801648,0.016666666666666607
0.0004251129954801808,0.016666666666666607
0.0004251229950801968,0.016666666666666607
0.0004251329946802128,0.016666666666666607
0.00042514299428022883,0.016666666666666607
0.0004251529938802448,0.033333333333333215
0.0004251629934802608,0.033333333333333215
0.0004251729930802768,0.016666666666666607
0.0004251829926802928,0.0
0.00042519299228030883,0.016666666666666607
0.0004252029918803248,0.016666666666666607
0.0004252129914803408,0.0
0.00042522299108035684,0.0
0.0004252329906803728,0.0
0.0004252429902803888,0.016666666666666607
0.0004252529898804048,0.0
0.0004252629894804208,0.016666666666666607
0.00042527298908043683,0.016666666666666607
0.0004252829886804528,0.016666666666666607
0.0004252929882804688,0.0
0.0004253029878804848,0.016666666666666607
0.0004253129874805008,0.0
0.00042532298708051683,0.0
0.0004253329866805328,0.0
0.0004253429862805488,0.0
0.0004253529858805648,0.0
0.0004253629854805808,0.0
0.0004253729850805968,0.0
0.0004253829846806128,0.016666666666666607
0.0004253929842806288,0.016666666666666607
0.0004254029838806448,0.016666666666666607
0.0004254129834806608,0.016666666666666607
0.0004254229830806768,0.016666666666666607
0.0004254329826806928,0.016666666666666607
0.0004254429822807088,0.016666666666666607
0.0004254529818807248,0.016666666666666607
0.0004254629814807408,0.016666666666666607
0.0004254729810807568,0.0
0.0004254829806807728,0.016666666666666607
0.0004254929802807888,0.016666666666666607
0.00042550297988080477,0.0
0.0004255129794808208,0.0
0.0004255229790808368,0.016666666666666607
0.0004255329786808528,0.016666666666666607
0.0004255429782808688,0.0
0.00042555297788088477,0.016666666666666607
0.0004255629774809008,0.016666666666666607
0.0004255729770809168,0.0
0.0004255829766809328,0.016666666666666607
0.0004255929762809488,0.0
0.00042560297588096476,0.0
0.0004256129754809808,0.016666666666666607
0.0004256229750809968,0.0
0.0004256329746810128,0.016666666666666607
0.0004256429742810288,0.016666666666666607
0.00042565297388104476,0.0
0.0004256629734810608,0.0
0.0004256729730810768,0.0
0.00042568297268109277,0.0
0.0004256929722811088,0.0
0.00042570297188112476,0.0
0.0004257129714811408,0.016666666666666607
0.0004257229710811568,0.016666666666666607
0.00042573297068117277,0.0
0.0004257429702811888,0.016666666666666607
0.00042575296988120475,0.016666666666666607
0.0004257629694812208,0.0
0.0004257729690812368,0.016666666666666607
0.00042578296868125276,0.016666666666666607
0.0004257929682812688,0.0
0.00042580296788128475,0.0
0.00042581296748130077,0.016666666666666607
0.0004258229670813168,0.0
0.00042583296668133276,0.0
0.0004258429662813488,0.0
0.00042585296588136475,0.016666666666666607
0.00042586296548138077,0.0
0.0004258729650813968,0.0
0.00042588296468141275,0.016666666666666607
0.0004258929642814288,0.016666666666666607
0.00042590296388144474,0.0
0.00042591296348146076,0.016666666666666607
0.0004259229630814768,0.016666666666666607
0.00042593296268149275,0.016666666666666607
0.00042594296228150877,0.016666666666666607
0.00042595296188152474,0.016666666666666607
0.00042596296148154076,0.016666666666666607
0.0004259729610815568,0.016666666666666607
0.00042598296068157275,0.0
0.00042599296028158877,0.0
0.00042600295988160473,0.016666666666666607
0.00042601295948162076,0.0
0.0004260229590816368,0.0
0.00042603295868165274,0.0
0.00042604295828166876,0.0
0.00042605295788168473,0.0
0.00042606295748170075,0.0
0.00042607295708171677,0.0
0.00042608295668173274,0.016666666666666607
0.00042609295628174876,0.016666666666666607
0.0004261029558817647,0.016666666666666607
0.00042611295548178075,0.0
0.00042612295508179677,0.016666666666666607
0.00042613295468181274,0.0
0.00042614295428182876,0.016666666666666607
0.0004261529538818447,0.016666666666666607
0.00042616295348186074,0.016666666666666607
0.00042617295308187676,0.0
0.00042618295268189273,0.0
0.00042619295228190875,0.0
0.0004262029518819248,0.0
0.00042621295148194074,-0.016666666666666607
0.00042622295108195676,0.016666666666666607
0.00042623295068197273,0.016666666666666607
0.00042624295028198875,0.0
0.00042625294988200477,0.016666666666666607
0.00042626294948202074,0.016666666666666607
0.00042627294908203676,0.016666666666666607
0.0004262829486820527,0.016666666666666607
0.00042629294828206874,0.016666666666666607
0.00042630294788208477,0.016666666666666607
0.00042631294748210073,0.0
0.00042632294708211675,0.016666666666666607
0.0004263329466821327,0.016666666666666607
0.00042634294628214874,0.016666666666666607
0.00042635294588216476,0.0
0.00042636294548218073,0.0
0.00042637294508219675,0.0
0.0004263829446822127,0.016666666666666607
0.00042639294428222874,0.0
0.00042640294388224476,0.016666666666666607
0.0004264129434822607,0.0
0.00042642294308227675,0.0
0.0004264329426822927,0.0
0.00042644294228230873,0.0
0.00042645294188232475,0.016666666666666607
0.0004264629414823407,0.016666666666666607
0.00042647294108235674,0.016666666666666607
0.0004264829406823727,0.016666666666666607
0.00042649294028238873,0.016666666666666607
0.00042650293988240475,0.016666666666666607
0.0004265129394824207,0.016666666666666607
0.00042652293908243674,0.0
0.0004265329386824527,0.0
0.0004265429382824687,0.016666666666666607
0.00042655293788248475,0.0
0.0004265629374825007,0.0
0.00042657293708251673,0.0
0.0004265829366825327,0.0
0.0004265929362825487,0.0
0.00042660293588256474,0.016666666666666607
0.0004266129354825807,0.0
0.00042662293508259673,0.016666666666666607
0.0004266329346826127,0.016666666666666607
0.0004266429342826287,0.016666666666666607
0.00042665293388264474,0.016666666666666607
0.0004266629334826607,0.0
0.0004266729330826767,0.016666666666666607
0.0004266829326826927,0.016666666666666607
0.0004266929322827087,0.016666666666666607
0.00042670293188272474,0.0
0.0004267129314827407,0.016666666666666607
0.0004267229310827567,0.016666666666666607
0.0004267329306827727,0.0
0.0004267429302827887,0.016666666666666607
0.00042675292988280473,0.016666666666666607
0.0004267629294828207,0.016666666666666607
0.0004267729290828367,0.016666666666666607
0.0004267829286828527,0.016666666666666607
0.0004267929282828687,0.0
0.00042680292788288473,0.0
0.0004268129274829007,0.0
0.0004268229270829167,0.016666666666666607
0.0004268329266829327,0.016666666666666607
0.0004268429262829487,0.0
0.0004268529258829647,0.0
0.0004268629254829807,0.0
0.0004268729250829967,0.0
0.0004268829246830127,0.016666666666666607
0.0004268929242830287,0.0
0.0004269029238830447,0.0
0.0004269129234830607,0.0
0.0004269229230830767,0.016666666666666607
0.0004269329226830927,0.0
0.0004269429222831087,0.016666666666666607
0.0004269529218831247,0.0
0.0004269629214831407,0.016666666666666607
0.0004269729210831567,0.0
0.00042698292068317267,0.016666666666666607
0.0004269929202831887,0.016666666666666607
0.0004270029198832047,0.016666666666666607
0.0004270129194832207,0.016666666666666607
0.0004270229190832367,0.016666666666666607
0.00042703291868325267,0.0
0.0004270429182832687,0.016666666666666607
0.0004270529178832847,0.0
0.0004270629174833007,0.0
0.0004270729170833167,0.0
0.00042708291668333266,0.016666666666666607
0.0004270929162833487,0.0
0.0004271029158833647,0.0
0.00042711291548338067,0.016666666666666607
0.0004271229150833967,0.016666666666666607
0.0004271329146834127,0.016666666666666607
0.0004271429142834287,0.016666666666666607
0.0004271529138834447,0.0
0.00042716291348346067,0.0
0.0004271729130834767,0.016666666666666607
0.0004271829126834927,0.0
0.0004271929122835087,0.0
0.0004272029118835247,0.016666666666666607
0.00042721291148354066,0.016666666666666607
0.0004272229110835567,0.0
0.0004272329106835727,0.0
0.0004272429102835887,0.016666666666666607
0.0004272529098836047,0.0
0.00042726290948362066,0.016666666666666607
0.0004272729090836367,0.016666666666666607
0.0004272829086836527,0.016666666666666607
0.00042729290828366867,0.0
0.0004273029078836847,0.016666666666666607
0.00042731290748370066,0.016666666666666607
0.0004273229070837167,0.016666666666666607
0.0004273329066837327,0.016666666666666607
0.00042734290628374867,0.016666666666666607
0.0004273529058837647,0.0
0.00042736290548378065,0.0
0.0004273729050837967,0.0
0.0004273829046838127,0.016666666666666607
0.00042739290428382866,0.0
0.0004274029038838447,0.0
0.00042741290348386065,0.016666666666666607
0.00042742290308387667,0.0
0.0004274329026838927,0.016666666666666607
0.00042744290228390866,0.0
0.0004274529018839247,0.0
0.00042746290148394065,0.0
0.00042747290108395667,0.0
0.0004274829006839727,0.0
0.00042749290028398865,0.016666666666666607
0.0004275028998840047,0.016666666666666607
0.00042751289948402064,0.016666666666666607
0.00042752289908403666,0.016666666666666607
0.0004275328986840527,0.0
0.00042754289828406865,0.016666666666666607
0.00042755289788408467,0.0
0.00042756289748410064,0.0
0.00042757289708411666,0.0
0.0004275828966841327,0.0
0.00042759289628414865,0.0
0.00042760289588416467,0.0
0.00042761289548418063,0.0
0.00042762289508419666,0.016666666666666607
0.0004276328946842127,0.0
0.00042764289428422864,0.016666666666666607
0.00042765289388424466,0.0
0.00042766289348426063,0.0
0.00042767289308427665,0.0
0.00042768289268429267,0.016666666666666607
0.00042769289228430864,0.0
0.00042770289188432466,0.0
0.0004277128914843406,0.016666666666666607
0.00042772289108435665,0.016666666666666607
0.00042773289068437267,0.016666666666666607
0.00042774289028438864,0.016666666666666607
0.00042775288988440466,0.0
0.0004277628894844206,0.0
0.00042777288908443664,0.016666666666666607
0.00042778288868445266,0.016666666666666607
0.00042779288828446863,0.016666666666666607
0.00042780288788448465,0.016666666666666607
0.0004278128874845006,0.0
0.00042782288708451664,0.0
0.00042783288668453266,0.0
0.00042784288628454863,0.0
0.00042785288588456465,0.0
0.0004278628854845806,0.0
0.00042787288508459664,0.0
0.00042788288468461266,0.0
0.0004278928842846286,0.0
0.00042790288388464464,0.0
0.0004279128834846606,0.0
0.00042792288308467663,0.016666666666666607
0.00042793288268469265,0.016666666666666607
0.0004279428822847086,0.016666666666666607
0.00042795288188472464,0.0
0.0004279628814847406,0.0
0.00042797288108475663,0.016666666666666607
0.00042798288068477265,0.016666666666666607
0.0004279928802847886,0.016666666666666607
0.00042800287988480464,0.016666666666666607
0.0004280128794848206,0.016666666666666607
0.0004280228790848366,0.0
0.00042803287868485265,0.016666666666666607
0.0004280428782848686,0.016666666666666607
0.00042805287788488463,0.0
0.00042806287748490065,0.016666666666666607
0.0004280728770849166,0.0
0.00042808287668493264,0.0
0.0004280928762849486,0.0
0.00042810287588496463,0.0
0.00042811287548498065,0.0
0.0004281228750849966,0.0
0.00042813287468501264,0.0
0.0004281428742850286,0.016666666666666607
0.0004281528738850446,0.016666666666666607
0.00042816287348506065,0.0
0.0004281728730850766,0.016666666666666607
0.00042818287268509263,0.016666666666666607
0.0004281928722851086,0.0
0.0004282028718851246,0.016666666666666607
0.00042821287148514064,0.0
0.0004282228710851566,0.016666666666666607
0.00042823287068517263,0.016666666666666607
0.0004282428702851886,0.016666666666666607
0.0004282528698852046,0.016666666666666607
0.00042826286948522064,0.016666666666666607
0.0004282728690852366,0.0
0.0004282828686852526,0.0
0.0004282928682852686,0.0
0.0004283028678852846,0.0
0.00042831286748530064,0.016666666666666607
0.0004283228670853166,0.016666666666666607
0.0004283328666853326,0.0
0.0004283428662853486,0.0
0.0004283528658853646,0.0
0.00042836286548538063,0.016666666666666607
0.0004283728650853966,0.0
0.0004283828646854126,0.0
0.0004283928642854286,0.0
0.0004284028638854446,0.0
0.00042841286348546063,0.0
0.0004284228630854766,0.0
0.0004284328626854926,0.016666666666666607
0.0004284428622855086,0.016666666666666607
0.0004284528618855246,0.016666666666666607
0.0004284628614855406,0.016666666666666607
0.0004284728610855566,0.0
0.0004284828606855726,0.0
0.0004284928602855886,0.0
0.0004285028598856046,0.0
0.0004285128594856206,0.016666666666666607
0.0004285228590856366,0.016666666666666607
0.0004285328586856526,0.016666666666666607
0.0004285428582856686,0.0
0.0004285528578856846,0.0
0.0004285628574857006,0.0
0.0004285728570857166,0.0
0.0004285828566857326,0.0
0.00042859285628574857,0.0
0.0004286028558857646,0.0
0.0004286128554857806,0.0
0.0004286228550857966,0.0
0.0004286328546858126,0.0
0.00042864285428582857,0.016666666666666607
0.0004286528538858446,0.016666666666666607
0.0004286628534858606,0.016666666666666607
0.0004286728530858766,0.0
0.0004286828526858926,0.016666666666666607
0.00042869285228590856,0.0
0.0004287028518859246,0.016666666666666607
0.0004287128514859406,0.016666666666666607
0.00042872285108595657,0.016666666666666607
0.0004287328506859726,0.0
0.00042874285028598856,0.016666666666666607
0.0004287528498860046,0.016666666666666607
0.0004287628494860206,0.016666666666666607
0.00042877284908603657,0.0
0.0004287828486860526,0.016666666666666607
0.00042879284828606856,0.0
0.0004288028478860846,0.0
0.0004288128474861006,0.0
0.00042882284708611656,0.0
0.0004288328466861326,0.0
0.00042884284628614855,0.016666666666666607
0.0004288528458861646,0.0
0.0004288628454861806,0.016666666666666607
0.00042887284508619656,0.0
0.0004288828446862126,0.0
0.00042889284428622855,0.0
0.00042890284388624457,0.016666666666666607
0.0004289128434862606,0.016666666666666607
0.00042892284308627656,0.016666666666666607
0.0004289328426862926,0.0
0.00042894284228630854,0.016666666666666607
0.00042895284188632457,0.0
0.0004289628414863406,0.016666666666666607
0.00042897284108635655,0.0
0.0004289828406863726,0.016666666666666607
0.0004289928402863886,0.0
0.00042900283988640456,0.0
0.0004290128394864206,0.016666666666666607
0.00042902283908643655,0.016666666666666607
0.00042903283868645257,0.016666666666666607
0.0004290428382864686,0.016666666666666607
0.00042905283788648456,0.0
0.0004290628374865006,0.016666666666666607
0.00042907283708651655,0.0
0.00042908283668653257,0.016666666666666607
0.0004290928362865486,0.016666666666666607
0.00042910283588656455,0.016666666666666607
0.0004291128354865806,0.016666666666666607
0.00042912283508659654,0.016666666666666607
0.00042913283468661256,0.0
0.0004291428342866286,0.016666666666666607
0.00042915283388664455,0.0
0.00042916283348666057,0.016666666666666607
0.00042917283308667654,0.0
0.00042918283268669256,0.0
0.0004291928322867086,0.016666666666666607
0.00042920283188672455,0.016666666666666607
0.00042921283148674057,0.0
0.00042922283108675653,0.0
0.00042923283068677256,0.016666666666666607
0.0004292428302867886,0.016666666666666607
0.00042925282988680454,0.016666666666666607
0.00042926282948682056,0.016666666666666607
0.00042927282908683653,0.0
0.00042928282868685255,0.016666666666666607
0.00042929282828686857,0.016666666666666607
0.00042930282788688454,0.0
0.00042931282748690056,0.0
0.0004293228270869165,0.016666666666666607
0.00042933282668693255,0.016666666666666607
0.00042934282628694857,0.0
0.00042935282588696454,0.0
0.00042936282548698056,0.0
0.0004293728250869965,0.0
0.00042938282468701254,0.0
0.00042939282428702856,0.0
0.00042940282388704453,0.0
0.00042941282348706055,0.0
0.0004294228230870765,0.0
0.00042943282268709254,0.016666666666666607
0.00042944282228710856,0.0
0.00042945282188712453,0.0
0.00042946282148714055,0.016666666666666607
0.0004294728210871565,0.0
0.00042948282068717254,0.0
0.00042949282028718856,0.0
0.0004295028198872045,0.016666666666666607
0.00042951281948722054,0.016666666666666607
0.0004295228190872365,0.0
0.00042953281868725253,0.0
0.00042954281828726855,0.0
0.0004295528178872845,0.016666666666666607
0.00042956281748730054,0.016666666666666607
0.0004295728170873165,0.0
0.00042958281668733253,0.016666666666666607
0.00042959281628734855,0.0
0.0004296028158873645,0.016666666666666607
0.00042961281548738054,0.016666666666666607
0.0004296228150873965,0.016666666666666607
0.0004296328146874125,0.0
0.00042964281428742855,0.0
0.0004296528138874445,0.0
0.00042966281348746053,0.0
0.0004296728130874765,0.0
0.0004296828126874925,0.016666666666666607
0.00042969281228750854,0.016666666666666607
0.0004297028118875245,0.016666666666666607
0.00042971281148754053,0.0
0.0004297228110875565,0.0
0.0004297328106875725,0.016666666666666607
0.00042974281028758854,0.0
0.0004297528098876045,0.0
0.0004297628094876205,0.016666666666666607
0.0004297728090876365,0.016666666666666607
0.0004297828086876525,0.016666666666666607
0.00042979280828766853,0.0
0.0004298028078876845,0.0
0.0004298128074877005,0.0
0.0004298228070877165,0.016666666666666607
0.0004298328066877325,0.0
0.00042984280628774853,0.016666666666666607
0.0004298528058877645,0.016666666666666607
0.0004298628054877805,0.016666666666666607
0.0004298728050877965,0.016666666666666607
0.0004298828046878125,0.0
0.0004298928042878285,0.016666666666666607
0.0004299028038878445,0.016666666666666607
0.0004299128034878605,0.016666666666666607
0.00042992280308787654,0.016666666666666607
0.0004299328026878925,0.0
0.0004299428022879085,0.016666666666666607
0.0004299528018879245,0.016666666666666607
0.0004299628014879405,0.0
0.00042997280108795653,0.0
0.0004299828006879725,0.0
0.0004299928002879885,0.016666666666666607
0.0004300027998880045,0.0
0.0004300127994880205,0.0
0.00043002279908803653,0.016666666666666607
0.0004300327986880525,0.0
0.0004300427982880685,0.0
0.0004300527978880845,0.016666666666666607
0.0004300627974881005,0.016666666666666607
0.0004300727970881165,0.0
0.0004300827966881325,0.016666666666666607
0.0004300927962881485,0.016666666666666607
0.0004301027958881645,0.0
0.0004301127954881805,0.0
0.0004301227950881965,0.016666666666666607
0.0004301327946882125,0.0
0.0004301427942882285,0.0
0.0004301527938882445,0.016666666666666607
0.0004301627934882605,0.0
0.0004301727930882765,0.016666666666666607
0.0004301827926882925,0.0
0.0004301927922883085,0.0
0.00043020279188832447,0.016666666666666607
0.0004302127914883405,0.016666666666666607
0.0004302227910883565,0.016666666666666607
0.0004302327906883725,0.0
0.0004302427902883885,0.016666666666666607
0.00043025278988840447,0.0
0.0004302627894884205,0.0
0.0004302727890884365,0.0
0.0004302827886884525,0.016666666666666607
0.0004302927882884685,0.016666666666666607
0.00043030278788848446,0.016666666666666607
0.0004303127874885005,0.016666666666666607
0.0004303227870885165,0.016666666666666607
0.00043033278668853247,0.0
0.0004303427862885485,0.016666666666666607
0.00043035278588856446,0.0
0.0004303627854885805,0.016666666666666607
0.0004303727850885965,0.016666666666666607
0.00043038278468861247,0.0
0.0004303927842886285,0.016666666666666607
0.00043040278388864446,0.016666666666666607
0.0004304127834886605,0.0
0.0004304227830886765,0.0
0.00043043278268869246,0.0
0.0004304427822887085,0.016666666666666607
0.00043045278188872445,0.0
0.0004304627814887405,0.016666666666666607
0.0004304727810887565,0.016666666666666607
0.00043048278068877246,0.0
0.0004304927802887885,0.0
0.00043050277988880445,0.0
0.00043051277948882047,0.016666666666666607
0.0004305227790888365,0.016666666666666607
0.00043053277868885246,0.016666666666666607
0.0004305427782888685,0.016666666666666607
0.00043055277788888444,0.0
0.00043056277748890047,0.016666666666666607
0.0004305727770889165,0.0
0.00043058277668893245,0.016666666666666607
0.0004305927762889485,0.0
0.00043060277588896444,0.016666666666666607
0.00043061277548898046,0.0
0.0004306227750889965,0.0
0.00043063277468901245,0.016666666666666607
0.00043064277428902847,0.0
0.00043065277388904444,0.016666666666666607
0.00043066277348906046,0.016666666666666607
0.0004306727730890765,0.016666666666666607
0.00043068277268909245,0.016666666666666607
0.00043069277228910847,0.0
0.00043070277188912443,0.0
0.00043071277148914045,0.016666666666666607
0.0004307227710891565,0.016666666666666607
0.00043073277068917244,0.016666666666666607
0.00043074277028918846,0.0
0.00043075276988920443,0.016666666666666607
0.00043076276948922045,0.016666666666666607
0.00043077276908923647,0.0
0.00043078276868925244,0.016666666666666607
0.00043079276828926846,0.016666666666666607
0.0004308027678892844,0.016666666666666607
0.00043081276748930045,0.016666666666666607
0.00043082276708931647,0.016666666666666607
0.00043083276668933243,0.016666666666666607
0.00043084276628934846,0.0
0.0004308527658893645,0.0
0.00043086276548938044,0.016666666666666607
0.00043087276508939646,0.0
0.00043088276468941243,0.0
0.00043089276428942845,0.0
0.00043090276388944447,0.0
0.00043091276348946044,0.016666666666666607
0.00043092276308947646,0.016666666666666607
0.0004309327626894924,0.0
0.00043094276228950845,0.016666666666666607
0.00043095276188952447,0.016666666666666607
0.00043096276148954044,0.0
0.00043097276108955646,0.016666666666666607
0.0004309827606895724,0.0
0.00043099276028958844,0.0
0.00043100275988960446,0.016666666666666607
0.00043101275948962043,0.016666666666666607
0.00043102275908963645,0.016666666666666607
0.0004310327586896524,0.0
0.00043104275828966844,0.016666666666666607
0.00043105275788968446,0.0
0.00043106275748970043,0.016666666666666607
0.00043107275708971645,0.0
0.0004310827566897324,0.016666666666666607
0.00043109275628974844,0.016666666666666607
0.00043110275588976446,0.016666666666666607
0.0004311127554897804,0.0
0.00043112275508979644,0.016666666666666607
0.0004311327546898124,0.0
0.00043114275428982843,0.016666666666666607
0.00043115275388984445,0.0
0.0004311627534898604,0.0
0.00043117275308987644,0.0
0.0004311827526898924,0.016666666666666607
0.00043119275228990843,0.016666666666666607
0.00043120275188992445,0.016666666666666607
0.0004312127514899404,0.016666666666666607
0.00043122275108995644,0.0
0.0004312327506899724,-0.016666666666666607
0.0004312427502899884,0.0
0.00043125274989000445,0.0
0.0004312627494900204,0.016666666666666607
0.00043127274909003643,0.033333333333333215
0.0004312827486900524,0.033333333333333215
0.0004312927482900684,0.016666666666666607
0.00043130274789008444,0.0
0.0004313127474901004,0.0
0.00043132274709011643,0.0
0.0004313327466901324,0.016666666666666607
0.0004313427462901484,0.016666666666666607
0.00043135274589016444,0.016666666666666607
0.0004313627454901804,0.016666666666666607
0.0004313727450901964,-0.016666666666666607
0.0004313827446902124,0.0
0.0004313927442902284,0.0
0.00043140274389024443,0.0
0.0004314127434902604,0.016666666666666607
0.0004314227430902764,0.033333333333333215
0.0004314327426902924,0.0
0.0004314427422903084,0.0
0.00043145274189032443,0.0
0.0004314627414903404,0.0
0.0004314727410903564,0.016666666666666607
0.0004314827406903724,0.016666666666666607
0.0004314927402903884,0.016666666666666607
0.0004315027398904044,0.016666666666666607
0.0004315127394904204,0.0
0.0004315227390904364,0.0
0.0004315327386904524,0.016666666666666607
0.0004315427382904684,0.016666666666666607
0.0004315527378904844,0.0
0.0004315627374905004,0.016666666666666607
0.0004315727370905164,0.0
0.0004315827366905324,0.0
0.0004315927362905484,0.016666666666666607
0.0004316027358905644,0.0
0.0004316127354905804,0.016666666666666607
0.0004316227350905964,0.016666666666666607
0.0004316327346906124,0.016666666666666607
0.0004316427342906284,0.016666666666666607
0.0004316527338906444,0.0
0.0004316627334906604,0.0
0.0004316727330906764,0.016666666666666607
0.00043168273269069237,0.016666666666666607
0.0004316927322907084,0.016666666666666607
0.0004317027318907244,0.016666666666666607
0.0004317127314907404,0.016666666666666607
0.0004317227310907564,0.016666666666666607
0.00043173273069077237,0.016666666666666607
0.0004317427302907884,0.0
0.0004317527298908044,0.0
0.0004317627294908204,0.0
0.0004317727290908364,0.0
0.0004317827286908524,0.016666666666666607
0.0004317927282908684,0.0
0.0004318027278908844,0.0
0.00043181272749090037,0.0
0.0004318227270909164,0.0
0.0004318327266909324,0.0
0.0004318427262909484,0.016666666666666607
0.0004318527258909644,0.016666666666666607
0.00043186272549098037,0.0
0.0004318727250909964,0.016666666666666607
0.0004318827246910124,0.0
0.0004318927242910284,0.0
0.0004319027238910444,0.016666666666666607
0.00043191272349106036,0.016666666666666607
0.0004319227230910764,0.033333333333333215
0.0004319327226910924,0.016666666666666607
0.00043194272229110837,0.0
0.0004319527218911244,0.0
0.00043196272149114036,0.016666666666666607
0.0004319727210911564,0.016666666666666607
0.0004319827206911724,0.016666666666666607
0.00043199272029118837,0.016666666666666607
0.0004320027198912044,0.016666666666666607
0.00043201271949122036,0.0
0.0004320227190912364,0.016666666666666607
0.0004320327186912524,0.016666666666666607
0.00043204271829126836,0.016666666666666607
0.0004320527178912844,0.0
0.00043206271749130035,0.0
0.0004320727170913164,0.0
0.0004320827166913324,0.016666666666666607
0.00043209271629134836,0.0
0.0004321027158913644,0.016666666666666607
0.00043211271549138035,0.016666666666666607
0.00043212271509139637,0.016666666666666607
0.0004321327146914124,0.016666666666666607
0.00043214271429142836,0.0
0.0004321527138914444,0.016666666666666607
0.00043216271349146034,0.016666666666666607
0.00043217271309147637,0.0
0.0004321827126914924,0.0
0.00043219271229150835,0.016666666666666607
0.0004322027118915244,0.016666666666666607
0.00043221271149154034,0.016666666666666607
0.00043222271109155636,0.016666666666666607
0.0004322327106915724,0.0
0.00043224271029158835,0.016666666666666607
0.00043225270989160437,0.016666666666666607
0.00043226270949162034,0.016666666666666607
0.00043227270909163636,0.0
0.0004322827086916524,0.016666666666666607
0.00043229270829166835,0.0
0.00043230270789168437,0.0
0.00043231270749170033,0.016666666666666607
0.00043232270709171635,0.0
0.0004323327066917324,0.0
0.00043234270629174834,-0.016666666666666607
0.00043235270589176436,0.0
0.00043236270549178033,0.0
0.00043237270509179635,0.0
0.00043238270469181237,0.0
0.00043239270429182834,0.0
0.00043240270389184436,0.016666666666666607
0.0004324127034918603,0.016666666666666607
0.00043242270309187635,0.016666666666666607
0.00043243270269189237,0.016666666666666607
0.00043244270229190833,0.016666666666666607
0.00043245270189192436,0.016666666666666607
0.0004324627014919403,0.016666666666666607
0.00043247270109195634,0.016666666666666607
0.00043248270069197236,0.016666666666666607
0.00043249270029198833,0.016666666666666607
0.00043250269989200435,0.0
0.0004325126994920203,0.016666666666666607
0.00043252269909203634,0.016666666666666607
0.00043253269869205236,-0.016666666666666607
0.0004325426982920683,0.0
0.00043255269789208435,0.0
0.0004325626974921003,0.0
0.00043257269709211634,0.0
0.00043258269669213236,0.016666666666666607
0.0004325926962921483,0.016666666666666607
0.00043260269589216434,0.0
0.0004326126954921803,0.016666666666666607
0.00043262269509219633,0.0
0.00043263269469221235,0.016666666666666607
0.0004326426942922283,0.016666666666666607
0.00043265269389224434,0.016666666666666607
0.0004326626934922603,0.016666666666666607
0.00043267269309227633,0.016666666666666607
0.00043268269269229235,0.016666666666666607
0.0004326926922923083,0.016666666666666607
0.00043270269189232434,0.0
0.00043271269149234036,0.0
0.0004327226910923563,0.0
0.00043273269069237234,-0.016666666666666607
0.0004327426902923883,-0.016666666666666607
0.00043275268989240433,0.0
0.00043276268949242035,0.0
0.0004327726890924363,0.0
0.00043278268869245234,-0.016666666666666607
0.0004327926882924683,0.0
0.00043280268789248433,0.0
0.00043281268749250035,0.016666666666666607
0.0004328226870925163,0.033333333333333215
0.00043283268669253234,0.033333333333333215
0.0004328426862925483,0.033333333333333215
0.0004328526858925643,0.016666666666666607
0.00043286268549258035,0.033333333333333215
0.0004328726850925963,0.016666666666666607
0.00043288268469261233,0.033333333333333215
0.0004328926842926283,0.016666666666666607
0.0004329026838926443,0.0
0.00043291268349266034,-0.016666666666666607
0.0004329226830926763,0.0
0.00043293268269269233,-0.016666666666666607
0.0004329426822927083,-0.016666666666666607
0.0004329526818927243,0.0
0.00043296268149274034,0.0
0.0004329726810927563,0.0
0.0004329826806927723,0.0
0.0004329926802927883,0.016666666666666607
0.0004330026798928043,0.016666666666666607
0.00043301267949282033,0.016666666666666607
0.0004330226790928363,0.016666666666666607
0.0004330326786928523,0.016666666666666607
0.0004330426782928683,0.016666666666666607
0.0004330526778928843,0.016666666666666607
0.00043306267749290033,0.016666666666666607
0.0004330726770929163,0.016666666666666607
0.0004330826766929323,0.016666666666666607
0.0004330926762929483,0.0
0.0004331026758929643,0.0
0.0004331126754929803,0.0
0.0004331226750929963,0.016666666666666607
0.0004331326746930123,0.0
0.0004331426742930283,0.0
0.0004331526738930443,0.0
0.0004331626734930603,0.0
0.0004331726730930763,0.0
0.0004331826726930923,0.016666666666666607
0.0004331926722931083,0.0
0.0004332026718931243,0.0
0.0004332126714931403,0.016666666666666607
0.0004332226710931563,0.016666666666666607
0.0004332326706931723,0.016666666666666607
0.0004332426702931883,0.016666666666666607
0.0004332526698932043,0.016666666666666607
0.0004332626694932203,0.0
0.0004332726690932363,0.016666666666666607
0.0004332826686932523,0.016666666666666607
0.00043329266829326827,0.016666666666666607
0.0004333026678932843,0.016666666666666607
0.0004333126674933003,0.0
0.0004333226670933163,0.0
0.0004333326666933323,0.0
0.00043334266629334827,0.0
0.0004333526658933643,0.0
0.0004333626654933803,0.0
0.0004333726650933963,0.0
0.0004333826646934123,0.0
0.00043339266429342826,0.0
0.0004334026638934443,0.016666666666666607
0.0004334126634934603,0.016666666666666607
0.00043342266309347627,0.016666666666666607
0.0004334326626934923,0.016666666666666607
0.00043344266229350826,0.016666666666666607
0.0004334526618935243,0.0
0.0004334626614935403,0.016666666666666607
0.00043347266109355627,0.016666666666666607
0.0004334826606935723,0.016666666666666607
0.00043349266029358825,0.0
0.0004335026598936043,0.016666666666666607
0.0004335126594936203,0.016666666666666607
0.00043352265909363626,0.0
0.0004335326586936523,0.0
0.00043354265829366825,0.016666666666666607
0.00043355265789368427,0.0
0.0004335626574937003,0.016666666666666607
0.00043357265709371626,-0.016666666666666607
0.0004335826566937323,0.0
0.00043359265629374825,0.0
0.00043360265589376427,0.0
0.0004336126554937803,0.016666666666666607
0.00043362265509379626,0.016666666666666607
0.0004336326546938123,0.016666666666666607
0.0004336426542938283,0.016666666666666607
0.00043365265389384426,0.016666666666666607
0.0004336626534938603,0.016666666666666607
0.00043367265309387625,0.016666666666666607
0.0004336826526938923,0.016666666666666607
0.0004336926522939083,0.016666666666666607
0.00043370265189392426,0.016666666666666607
0.0004337126514939403,0.016666666666666607
0.00043372265109395625,0.016666666666666607
0.00043373265069397227,0.0
0.0004337426502939883,0.0
0.00043375264989400426,-0.016666666666666607
0.0004337626494940203,-0.016666666666666607
0.00043377264909403624,0.0
0.00043378264869405227,0.0
0.0004337926482940683,0.0
0.00043380264789408425,0.0
0.0004338126474941003,0.016666666666666607
0.00043382264709411624,0.016666666666666607
0.00043383264669413226,0.016666666666666607
0.0004338426462941483,0.016666666666666607
0.00043385264589416425,0.016666666666666607
0.00043386264549418027,0.016666666666666607
0.00043387264509419624,0.016666666666666607
0.00043388264469421226,0.016666666666666607
0.0004338926442942283,0.016666666666666607
0.00043390264389424425,0.016666666666666607
0.00043391264349426027,0.0
0.00043392264309427623,0.0
0.00043393264269429225,0.0
0.0004339426422943083,0.0
0.00043395264189432424,-0.016666666666666607
0.00043396264149434026,0.0
0.00043397264109435623,0.0
0.00043398264069437225,0.0
0.00043399264029438827,0.0
0.00043400263989440424,0.0
0.00043401263949442026,0.0
0.0004340226390944362,0.016666666666666607
0.00043403263869445225,0.016666666666666607
0.00043404263829446827,0.016666666666666607
0.00043405263789448423,0.016666666666666607
0.00043406263749450026,0.016666666666666607
0.0004340726370945162,0.016666666666666607
0.00043408263669453224,0.016666666666666607
0.00043409263629454826,0.016666666666666607
0.00043410263589456423,0.016666666666666607
0.00043411263549458025,0.0
0.0004341226350945962,0.0
0.00043413263469461224,0.0
0.00043414263429462826,0.0
0.0004341526338946442,0.0
0.00043416263349466025,0.0
0.0004341726330946762,0.0
0.00043418263269469224,0.0
0.00043419263229470826,0.0
0.0004342026318947242,0.0
0.00043421263149474024,0.016666666666666607
0.0004342226310947562,0.016666666666666607
0.00043423263069477223,0.016666666666666607
0.00043424263029478825,0.016666666666666607
0.0004342526298948042,0.016666666666666607
0.00043426262949482024,0.016666666666666607
0.0004342726290948362,0.016666666666666607
0.00043428262869485223,0.016666666666666607
0.00043429262829486825,0.0
0.0004343026278948842,0.0
0.00043431262749490024,0.0
0.0004343226270949162,0.0
0.0004343326266949322,0.0
0.00043434262629494824,0.0
0.0004343526258949642,0.0
0.00043436262549498023,0.0
0.0004343726250949962,0.0
0.0004343826246950122,0.016666666666666607
0.00043439262429502824,0.0
0.0004344026238950442,0.0
0.00043441262349506023,0.016666666666666607
0.0004344226230950762,0.016666666666666607
0.0004344326226950922,0.016666666666666607
0.00043444262229510824,0.016666666666666607
0.0004344526218951242,0.016666666666666607
0.0004344626214951402,0.016666666666666607
0.0004344726210951562,0.0
0.0004344826206951722,0.0
0.00043449262029518823,0.0
0.0004345026198952042,0.0
0.0004345126194952202,0.0
0.0004345226190952362,0.0
0.0004345326186952522,0.0
0.00043454261829526823,0.0
0.0004345526178952842,0.0
0.0004345626174953002,0.0
0.00043457261709531624,0.016666666666666607
0.0004345826166953322,0.016666666666666607
0.0004345926162953482,0.016666666666666607
0.0004346026158953642,0.016666666666666607
0.0004346126154953802,0.016666666666666607
0.00043462261509539623,0.016666666666666607
0.0004346326146954122,0.016666666666666607
0.0004346426142954282,0.016666666666666607
0.0004346526138954442,0.016666666666666607
0.0004346626134954602,0.016666666666666607
0.00043467261309547623,0.016666666666666607
0.0004346826126954922,0.0
0.0004346926122955082,0.0
0.0004347026118955242,0.0
0.0004347126114955402,0.0
0.0004347226110955562,0.016666666666666607
0.0004347326106955722,0.0
0.0004347426102955882,0.0
0.0004347526098956042,0.0
0.0004347626094956202,0.0
0.0004347726090956362,0.0
0.0004347826086956522,0.016666666666666607
0.0004347926082956682,0.016666666666666607
0.0004348026078956842,0.016666666666666607
0.0004348126074957002,0.016666666666666607
0.0004348226070957162,0.016666666666666607
0.0004348326066957322,0.016666666666666607
0.0004348426062957482,0.0
0.0004348526058957642,0.016666666666666607
0.0004348626054957802,0.016666666666666607
0.0004348726050957962,0.0
0.0004348826046958122,0.0
0.0004348926042958282,0.0
0.00043490260389584417,0.0
0.0004349126034958602,0.0
0.0004349226030958762,0.0
0.0004349326026958922,0.016666666666666607
0.0004349426022959082,0.0
0.00043495260189592417,0.0
0.0004349626014959402,0.016666666666666607
0.0004349726010959562,0.016666666666666607
0.0004349826006959722,0.0
0.0004349926002959882,0.016666666666666607
0.00043500259989600416,0.016666666666666607
0.0004350125994960202,0.016666666666666607
0.0004350225990960362,0.0
0.00043503259869605217,0.016666666666666607
0.0004350425982960682,0.016666666666666607
0.00043505259789608416,0.0
0.0004350625974961002,0.0
0.0004350725970961162,0.0
0.00043508259669613217,0.0
0.0004350925962961482,0.0
0.00043510259589616416,0.0
0.0004351125954961802,0.0
0.0004351225950961962,0.016666666666666607
0.00043513259469621216,0.0
0.0004351425942962282,0.016666666666666607
0.00043515259389624415,0.016666666666666607
0.00043516259349626017,0.016666666666666607
0.0004351725930962762,0.016666666666666607
0.00043518259269629216,0.016666666666666607
0.0004351925922963082,0.016666666666666607
0.00043520259189632415,0.016666666666666607
0.00043521259149634017,0.016666666666666607
0.0004352225910963562,0.016666666666666607
0.00043523259069637216,0.016666666666666607
0.0004352425902963882,0.0
0.00043525258989640414,0.016666666666666607
0.00043526258949642016,0.0
0.0004352725890964362,0.0
0.00043528258869645215,0.0
0.0004352925882964682,0.0
0.00043530258789648414,0.0
0.00043531258749650016,0.0
0.0004353225870965162,0.016666666666666607
0.00043533258669653215,0.0
0.00043534258629654817,0.0
0.00043535258589656414,0.016666666666666607
0.00043536258549658016,0.016666666666666607
0.0004353725850965962,0.0
0.00043538258469661214,0.016666666666666607
0.00043539258429662817,0.016666666666666607
0.00043540258389664413,0.016666666666666607
0.00043541258349666015,0.0
0.0004354225830966762,0.0
0.00043543258269669214,0.016666666666666607
0.00043544258229670816,0.016666666666666607
0.00043545258189672413,0.0
0.00043546258149674015,0.016666666666666607
0.00043547258109675617,0.0
0.00043548258069677214,0.0
0.00043549258029678816,0.016666666666666607
0.0004355025798968042,0.0
0.00043551257949682015,0.0
0.00043552257909683617,0.0
0.00043553257869685213,0.0
0.00043554257829686815,0.0
0.0004355525778968842,0.0
0.00043556257749690014,0.016666666666666607
0.00043557257709691616,0.016666666666666607
0.00043558257669693213,0.016666666666666607
0.00043559257629694815,0.016666666666666607
0.00043560257589696417,0.016666666666666607
0.00043561257549698014,0.0
0.00043562257509699616,0.016666666666666607
0.0004356325746970121,0.0
0.00043564257429702815,0.0
0.00043565257389704417,0.016666666666666607
0.00043566257349706013,0.0
0.00043567257309707616,0.0
0.0004356825726970921,0.0
0.00043569257229710814,0.0
0.00043570257189712416,0.016666666666666607
0.00043571257149714013,0.0
0.00043572257109715615,0.0
0.0004357325706971721,0.0
0.00043574257029718814,0.0
0.00043575256989720416,0.0
0.0004357625694972201,0.016666666666666607
0.00043577256909723615,0.016666666666666607
0.0004357825686972521,0.0
0.00043579256829726814,0.016666666666666607
0.00043580256789728416,0.016666666666666607
0.0004358125674973001,0.016666666666666607
0.00043582256709731614,0.0
0.0004358325666973321,0.0
0.00043584256629734813,0.016666666666666607
0.00043585256589736415,0.016666666666666607
0.0004358625654973801,0.016666666666666607
0.00043587256509739614,0.0
0.0004358825646974121,0.0
0.00043589256429742813,0.0
0.00043590256389744415,0.016666666666666607
0.0004359125634974601,0.0
0.00043592256309747614,0.016666666666666607
0.0004359325626974921,0.016666666666666607
0.0004359425622975081,0.016666666666666607
0.00043595256189752415,0.0
0.0004359625614975401,0.016666666666666607
0.00043597256109755613,0.016666666666666607
0.0004359825606975721,0.016666666666666607
0.0004359925602975881,0.016666666666666607
0.00043600255989760414,0.016666666666666607
0.0004360125594976201,0.0
0.00043602255909763613,0.0
0.0004360325586976521,0.016666666666666607
0.0004360425582976681,0.016666666666666607
0.00043605255789768414,0.0
0.0004360625574977001,0.0
0.0004360725570977161,0.0
0.0004360825566977321,0.016666666666666607
0.0004360925562977481,0.0
0.00043610255589776413,0.016666666666666607
0.0004361125554977801,0.016666666666666607
0.0004361225550977961,0.0
0.0004361325546978121,0.0
0.0004361425542978281,0.0
0.00043615255389784413,0.0
0.0004361625534978601,0.0
0.0004361725530978761,0.016666666666666607
0.0004361825526978921,0.016666666666666607
0.0004361925522979081,0.016666666666666607
0.0004362025518979241,0.016666666666666607
0.0004362125514979401,0.016666666666666607
0.0004362225510979561,0.0
0.0004362325506979721,0.0
0.0004362425502979881,0.0
0.0004362525498980041,0.0
0.0004362625494980201,0.0
0.0004362725490980361,0.0
0.0004362825486980521,0.016666666666666607
0.0004362925482980681,0.0
0.0004363025478980841,0.016666666666666607
0.0004363125474981001,0.0
0.0004363225470981161,0.016666666666666607
0.0004363325466981321,0.016666666666666607
0.0004363425462981481,0.016666666666666607
0.0004363525458981641,0.016666666666666607
0.0004363625454981801,0.016666666666666607
0.0004363725450981961,0.0
0.00043638254469821207,0.0
0.0004363925442982281,0.0
0.0004364025438982441,0.0
0.0004364125434982601,0.016666666666666607
0.0004364225430982761,0.0
0.0004364325426982921,0.016666666666666607
0.0004364425422983081,0.0
0.0004364525418983241,0.0
0.0004364625414983401,0.0
0.0004364725410983561,0.0
0.0004364825406983721,0.0
0.0004364925402983881,0.016666666666666607
0.0004365025398984041,0.016666666666666607
0.00043651253949842007,0.016666666666666607
0.0004365225390984361,0.0
0.0004365325386984521,0.0
0.0004365425382984681,0.0
0.0004365525378984841,0.016666666666666607
0.00043656253749850007,0.016666666666666607
0.0004365725370985161,0.016666666666666607
0.0004365825366985321,0.016666666666666607
0.0004365925362985481,0.0
0.0004366025358985641,0.0
0.00043661253549858006,0.016666666666666607
0.0004366225350985961,0.016666666666666607
0.0004366325346986121,0.016666666666666607
0.00043664253429862807,0.016666666666666607
0.0004366525338986441,0.0
0.00043666253349866006,0.0
0.0004366725330986761,0.0
0.0004366825326986921,0.0
0.00043669253229870807,0.016666666666666607
0.0004367025318987241,0.016666666666666607
0.00043671253149874006,0.016666666666666607
0.0004367225310987561,0.016666666666666607
0.0004367325306987721,0.016666666666666607
0.00043674253029878806,0.016666666666666607
0.0004367525298988041,0.0
0.00043676252949882005,0.016666666666666607
0.00043677252909883607,0.0
0.0004367825286988521,0.016666666666666607
0.00043679252829886806,0.0
0.0004368025278988841,0.0
0.00043681252749890005,0.016666666666666607
0.00043682252709891607,0.0
0.0004368325266989321,0.0
0.00043684252629894806,0.0
0.0004368525258989641,0.0
0.00043686252549898004,0.0
0.00043687252509899606,0.0
0.0004368825246990121,0.0
0.00043689252429902805,0.016666666666666607
0.0004369025238990441,0.016666666666666607
0.00043691252349906004,0.0
0.00043692252309907606,0.0
0.0004369325226990921,0.016666666666666607
0.00043694252229910805,0.016666666666666607
0.00043695252189912407,0.016666666666666607
0.00043696252149914004,0.016666666666666607
0.00043697252109915606,0.016666666666666607
0.0004369825206991721,0.016666666666666607
0.00043699252029918804,0.0
0.00043700251989920407,0.016666666666666607
0.00043701251949922003,0.016666666666666607
0.00043702251909923605,0.016666666666666607
0.0004370325186992521,0.0
0.00043704251829926804,0.016666666666666607
0.00043705251789928406,0.0
0.00043706251749930003,0.0
0.00043707251709931605,0.0
0.00043708251669933207,0.0
0.00043709251629934804,0.0
0.00043710251589936406,0.0
0.00043711251549938,0.016666666666666607
0.00043712251509939605,0.0
0.00043713251469941207,0.0
0.00043714251429942803,0.016666666666666607
0.00043715251389944405,0.0
0.00043716251349946,0.0
0.00043717251309947604,0.0
0.00043718251269949206,0.016666666666666607
0.00043719251229950803,0.016666666666666607
0.00043720251189952405,0.016666666666666607
0.00043721251149954,0.016666666666666607
0.00043722251109955604,0.0
0.00043723251069957206,0.016666666666666607
0.000437242510299588,0.016666666666666607
0.00043725250989960405,0.016666666666666607
0.00043726250949962,0.016666666666666607
0.00043727250909963603,0.016666666666666607
0.00043728250869965206,0.0
0.000437292508299668,0.0
0.00043730250789968404,0.0
0.0004373125074997,0.0
0.00043732250709971603,0.016666666666666607
0.00043733250669973205,0.016666666666666607
0.000437342506299748,0.0
0.00043735250589976404,0.0
0.00043736250549978006,0.0
0.000437372505099796,0.0
0.00043738250469981205,0.0
0.000437392504299828,0.0
0.00043740250389984404,0.0
0.00043741250349986006,0.0
0.000437422503099876,0.0
0.00043743250269989204,0.0
0.000437442502299908,0.016666666666666607
0.00043745250189992403,0.0
0.00043746250149994005,0.016666666666666607
0.000437472501099956,0.016666666666666607
0.00043748250069997204,0.016666666666666607
0.000437492500299988,0.016666666666666607
0.00043750249990000403,0.016666666666666607
0.00043751249950002005,0.0
0.000437522499100036,0.016666666666666607
0.00043753249870005204,0.016666666666666607
0.000437542498300068,0.016666666666666607
0.000437552497900084,0.0
0.00043756249750010005,0.016666666666666607
0.000437572497100116,0.0
0.00043758249670013203,0.0
0.000437592496300148,0.0
0.000437602495900164,0.016666666666666607
0.00043761249550018004,0.0
0.000437622495100196,0.0
0.00043763249470021203,0.0
0.000437642494300228,0.0
0.000437652493900244,0.0
0.00043766249350026004,0.016666666666666607
0.000437672493100276,0.016666666666666607
0.000437682492700292,0.0
0.000437692492300308,0.016666666666666607
0.000437702491900324,0.016666666666666607
0.00043771249150034003,0.0
0.000437722491100356,0.016666666666666607
0.000437732490700372,0.0
0.000437742490300388,0.016666666666666607
0.000437752489900404,0.016666666666666607
0.00043776248950042003,0.016666666666666607
0.000437772489100436,0.016666666666666607
0.000437782488700452,0.0
0.000437792488300468,0.0
0.000437802487900484,0.0
0.0004378124875005,0.0
0.000437822487100516,0.016666666666666607
0.000437832486700532,0.0
0.000437842486300548,0.0
0.000437852485900564,0.0
0.00043786248550058,0.0
0.000437872485100596,0.0
0.000437882484700612,0.0
0.000437892484300628,0.0
0.000437902483900644,0.016666666666666607
0.00043791248350066,0.0
0.000437922483100676,0.0
0.000437932482700692,0.0
0.000437942482300708,0.0
0.000437952481900724,0.016666666666666607
0.00043796248150074,0.016666666666666607
0.000437972481100756,0.0
0.000437982480700772,0.016666666666666607
0.00043799248030078797,0.0
0.000438002479900804,0.016666666666666607
0.00043801247950082,0.016666666666666607
0.000438022479100836,0.0
0.000438032478700852,0.0
0.00043804247830086797,0.016666666666666607
0.000438052477900884,0.016666666666666607
0.0004380624775009,0.016666666666666607
0.000438072477100916,0.016666666666666607
0.000438082476700932,0.0
0.00043809247630094796,0.0
0.000438102475900964,0.016666666666666607
0.00043811247550098,0.0
0.00043812247510099597,0.016666666666666607
0.000438132474701012,0.0
0.00043814247430102796,0.016666666666666607
0.000438152473901044,0.0
0.00043816247350106,0.0
0.00043817247310107597,0.0
0.000438182472701092,0.0
0.00043819247230110795,0.0
0.000438202471901124,0.0
0.00043821247150114,0.016666666666666607
0.00043822247110115596,0.0
0.000438232470701172,0.0
0.00043824247030118795,0.0
0.00043825246990120397,0.0
0.00043826246950122,0.0
0.00043827246910123596,0.016666666666666607
0.000438282468701252,0.0
0.000438292468301268,0.016666666666666607
0.00043830246790128397,0.0
0.0004383124675013,0.0
0.00043832246710131596,0.0
0.000438332466701332,0.016666666666666607
0.000438342466301348,0.016666666666666607
0.00043835246590136396,0.0
0.00043836246550138,0.0
0.00043837246510139595,0.0
0.00043838246470141197,0.016666666666666607
0.000438392464301428,0.0
0.00043840246390144396,0.016666666666666607
0.00043841246350146,0.016666666666666607
0.00043842246310147595,0.016666666666666607
0.00043843246270149197,0.016666666666666607
0.000438442462301508,0.016666666666666607
0.00043845246190152396,0.016666666666666607
0.00043846246150154,0.016666666666666607
0.00043847246110155594,0.0
0.00043848246070157196,0.016666666666666607
0.000438492460301588,0.016666666666666607
0.00043850245990160395,0.0
0.00043851245950162,0.016666666666666607
0.00043852245910163594,0.016666666666666607
0.00043853245870165196,0.0
0.000438542458301668,0.016666666666666607
0.00043855245790168395,0.0
0.00043856245750169997,0.016666666666666607
0.00043857245710171594,0.0
0.00043858245670173196,0.016666666666666607
0.000438592456301748,0.016666666666666607
0.00043860245590176394,0.016666666666666607
0.00043861245550177997,0.0
0.00043862245510179593,0.0
0.00043863245470181195,0.016666666666666607
0.000438642454301828,0.016666666666666607
0.00043865245390184394,0.0
0.00043866245350185996,0.016666666666666607
0.00043867245310187593,0.016666666666666607
0.00043868245270189195,0.016666666666666607
0.00043869245230190797,0.0
0.00043870245190192394,0.0
0.00043871245150193996,0.0
0.0004387224511019559,0.016666666666666607
0.00043873245070197195,0.0
0.00043874245030198797,0.0
0.00043875244990200393,0.0
0.00043876244950201995,0.0
0.0004387724491020359,0.0
0.00043878244870205194,0.016666666666666607
0.00043879244830206796,0.016666666666666607
0.00043880244790208393,0.016666666666666607
0.00043881244750209995,0.016666666666666607
0.0004388224471021159,0.0
0.00043883244670213194,0.016666666666666607
0.00043884244630214796,0.0
0.0004388524459021639,0.0
0.00043886244550217995,0.016666666666666607
0.0004388724451021959,0.016666666666666607
0.00043888244470221193,0.016666666666666607
0.00043889244430222796,0.0
0.0004389024439022439,0.0
0.00043891244350225994,0.016666666666666607
0.0004389224431022759,0.016666666666666607
0.00043893244270229193,0.016666666666666607
0.00043894244230230795,0.016666666666666607
0.0004389524419023239,0.0
0.00043896244150233994,0.016666666666666607
0.0004389724411023559,0.0
0.0004389824407023719,0.016666666666666607
0.00043899244030238795,0.0
0.0004390024399024039,0.016666666666666607
0.00043901243950241994,0.0
0.0004390224391024359,0.016666666666666607
0.0004390324387024519,0.0
0.00043904243830246794,0.016666666666666607
0.0004390524379024839,0.0
0.00043906243750249993,0.0
0.0004390724371025159,0.016666666666666607
0.0004390824367025319,0.016666666666666607
0.00043909243630254794,0.0
0.0004391024359025639,0.0
0.00043911243550257993,0.0
0.0004391224351025959,0.0
0.0004391324347026119,0.016666666666666607
0.00043914243430262794,0.016666666666666607
0.0004391524339026439,0.0
0.0004391624335026599,0.016666666666666607
0.0004391724331026759,0.0
0.0004391824327026919,0.016666666666666607
0.00043919243230270793,0.016666666666666607
0.0004392024319027239,0.016666666666666607
0.0004392124315027399,0.016666666666666607
0.0004392224311027559,0.0
0.0004392324307027719,0.016666666666666607
0.00043924243030278793,0.016666666666666607
0.0004392524299028039,0.016666666666666607
0.0004392624295028199,0.016666666666666607
0.00043927242910283594,0.0
0.0004392824287028519,0.0
0.0004392924283028679,0.0
0.0004393024279028839,0.0
0.0004393124275028999,0.0
0.00043932242710291593,0.0
0.0004393324267029319,0.016666666666666607
0.0004393424263029479,0.0
0.0004393524259029639,0.016666666666666607
0.0004393624255029799,0.016666666666666607
0.00043937242510299593,0.016666666666666607
0.0004393824247030119,0.016666666666666607
0.0004393924243030279,0.0
0.0004394024239030439,0.016666666666666607
0.0004394124235030599,0.0
0.0004394224231030759,0.0
0.0004394324227030919,0.0
0.0004394424223031079,0.0
0.0004394524219031239,0.016666666666666607
0.0004394624215031399,0.0
0.0004394724211031559,0.016666666666666607
0.0004394824207031719,0.016666666666666607
0.0004394924203031879,0.0
0.0004395024199032039,0.016666666666666607
0.0004395124195032199,0.0
0.0004395224191032359,0.0
0.0004395324187032519,0.016666666666666607
0.0004395424183032679,0.0
0.0004395524179032839,0.0
0.0004395624175032999,0.016666666666666607
0.0004395724171033159,0.0
0.0004395824167033319,0.016666666666666607
0.0004395924163033479,0.0
0.00043960241590336387,0.016666666666666607
0.0004396124155033799,0.0
0.0004396224151033959,0.016666666666666607
0.0004396324147034119,0.0
0.0004396424143034279,0.016666666666666607
0.00043965241390344387,0.016666666666666607
0.0004396624135034599,0.016666666666666607
0.0004396724131034759,0.016666666666666607
0.0004396824127034919,0.016666666666666607
0.0004396924123035079,0.016666666666666607
0.00043970241190352386,0.016666666666666607
0.0004397124115035399,0.016666666666666607
0.0004397224111035559,0.0
0.00043973241070357187,0.016666666666666607
0.0004397424103035879,0.016666666666666607
0.00043975240990360386,0.0
0.0004397624095036199,0.0
0.0004397724091036359,0.0
0.00043978240870365187,0.0
0.0004397924083036679,0.0
0.00043980240790368385,0.0
0.0004398124075036999,0.0
0.0004398224071037159,0.016666666666666607
0.00043983240670373186,0.0
0.0004398424063037479,0.0
0.00043985240590376385,0.016666666666666607
0.00043986240550377987,0.0
0.0004398724051037959,0.0
0.00043988240470381186,0.0
0.0004398924043038279,0.0
0.00043990240390384385,0.016666666666666607
0.00043991240350385987,0.016666666666666607
0.0004399224031038759,0.0
0.00043993240270389186,0.0
0.0004399424023039079,0.0
0.00043995240190392384,0.016666666666666607
0.00043996240150393986,0.016666666666666607
0.0004399724011039559,0.0
0.00043998240070397185,0.016666666666666607
0.00043999240030398787,0.0
0.00044000239990400384,0.0
0.00044001239950401986,0.016666666666666607
0.0004400223991040359,0.016666666666666607
0.00044003239870405185,0.016666666666666607
0.00044004239830406787,0.016666666666666607
0.00044005239790408384,0.016666666666666607
0.00044006239750409986,0.0
0.0004400723971041159,0.016666666666666607
0.00044008239670413184,0.0
0.00044009239630414786,0.0
0.00044010239590416383,0.0
0.00044011239550417985,0.016666666666666607
0.0004401223951041959,0.0
0.00044013239470421184,0.0
0.00044014239430422786,0.0
0.00044015239390424383,0.0
0.00044016239350425985,0.0
0.00044017239310427587,0.016666666666666607
0.00044018239270429184,0.016666666666666607
0.00044019239230430786,0.0
0.0004402023919043239,0.016666666666666607
0.00044021239150433984,0.0
0.00044022239110435587,0.0
0.00044023239070437183,0.016666666666666607
0.00044024239030438785,0.0
0.0004402523899044039,0.016666666666666607
0.00044026238950441984,0.016666666666666607
0.00044027238910443586,0.016666666666666607
0.00044028238870445183,0.0
0.00044029238830446785,0.016666666666666607
0.00044030238790448387,0.0
0.00044031238750449984,0.016666666666666607
0.00044032238710451586,0.016666666666666607
0.0004403323867045318,0.0
0.00044034238630454785,0.016666666666666607
0.00044035238590456387,0.016666666666666607
0.00044036238550457983,0.016666666666666607
0.00044037238510459585,0.016666666666666607
0.0004403823847046118,0.016666666666666607
0.00044039238430462784,0.016666666666666607
0.00044040238390464386,0.016666666666666607
0.00044041238350465983,0.016666666666666607
0.00044042238310467585,0.0
0.0004404323827046918,0.0
0.00044044238230470784,0.016666666666666607
0.00044045238190472386,0.016666666666666607
0.0004404623815047398,0.016666666666666607
0.00044047238110475585,0.016666666666666607
0.0004404823807047718,0.016666666666666607
0.00044049238030478783,0.0
0.00044050237990480386,0.0
0.0004405123795048198,0.0
0.00044052237910483584,0.0
0.0004405323787048518,0.016666666666666607
0.00044054237830486783,0.016666666666666607
0.00044055237790488385,0.0
0.0004405623775048998,0.016666666666666607
0.00044057237710491584,0.0
0.0004405823767049318,0.0
0.0004405923763049478,0.0
0.00044060237590496385,0.0
0.0004406123755049798,0.016666666666666607
0.00044062237510499584,0.0
0.0004406323747050118,0.0
0.0004406423743050278,0.016666666666666607
0.00044065237390504384,0.016666666666666607
0.0004406623735050598,0.0
0.00044067237310507583,0.0
0.0004406823727050918,0.016666666666666607
0.0004406923723051078,0.0
0.00044070237190512384,0.0
0.0004407123715051398,0.0
0.00044072237110515583,0.0
0.0004407323707051718,0.0
0.0004407423703051878,0.0
0.00044075236990520384,0.0
0.0004407623695052198,0.0
0.0004407723691052358,0.0
0.0004407823687052518,0.0
0.0004407923683052678,0.0
0.00044080236790528383,0.0
0.0004408123675052998,0.0
0.0004408223671053158,0.0
0.0004408323667053318,0.016666666666666607
0.0004408423663053478,0.016666666666666607
0.00044085236590536383,0.016666666666666607
0.0004408623655053798,0.0
0.0004408723651053958,0.016666666666666607
0.0004408823647054118,0.0
0.0004408923643054278,0.0
0.0004409023639054438,0.016666666666666607
0.0004409123635054598,0.016666666666666607
0.0004409223631054758,0.016666666666666607
0.0004409323627054918,0.0
0.0004409423623055078,0.016666666666666607
0.0004409523619055238,0.016666666666666607
0.0004409623615055398,0.016666666666666607
0.0004409723611055558,0.016666666666666607
0.0004409823607055718,0.0
0.0004409923603055878,0.0
0.0004410023599056038,0.016666666666666607
0.0004410123595056198,0.0
0.0004410223591056358,0.0
0.00044103235870565177,0.0
0.0004410423583056678,0.0
0.0004410523579056838,0.0
0.0004410623575056998,0.016666666666666607
0.0004410723571057158,0.0
0.00044108235670573177,0.016666666666666607
0.0004410923563057478,0.0
0.0004411023559057638,0.0
0.0004411123555057798,0.0
0.0004411223551057958,0.0
0.0004411323547058118,0.016666666666666607
0.0004411423543058278,0.016666666666666607
0.0004411523539058438,0.0
0.0004411623535058598,0.016666666666666607
0.0004411723531058758,0.0
0.0004411823527058918,0.016666666666666607
0.0004411923523059078,0.016666666666666607
0.0004412023519059238,0.016666666666666607
0.00044121235150593977,0.0
0.0004412223511059558,0.016666666666666607
0.0004412323507059718,0.0
0.0004412423503059878,0.016666666666666607
0.0004412523499060038,0.016666666666666607
0.00044126234950601977,0.0
0.0004412723491060358,0.016666666666666607
0.0004412823487060518,0.016666666666666607
0.0004412923483060678,0.0
0.0004413023479060838,0.016666666666666607
0.00044131234750609976,0.016666666666666607
0.0004413223471061158,0.0
0.0004413323467061318,0.0
0.00044134234630614777,0.016666666666666607
0.0004413523459061638,0.0
0.00044136234550617976,0.016666666666666607
0.0004413723451061958,0.016666666666666607
0.0004413823447062118,0.016666666666666607
0.00044139234430622777,0.016666666666666607
0.0004414023439062438,0.016666666666666607
0.00044141234350625975,0.016666666666666607
0.0004414223431062758,0.016666666666666607
0.0004414323427062918,0.016666666666666607
0.00044144234230630776,0.016666666666666607
0.0004414523419063238,0.0
0.00044146234150633975,0.016666666666666607
0.00044147234110635577,0.0
0.0004414823407063718,0.0
0.00044149234030638776,0.0
0.0004415023399064038,0.0
0.00044151233950641975,0.0
0.00044152233910643577,0.016666666666666607
0.0004415323387064518,0.0
0.00044154233830646776,0.0
0.0004415523379064838,0.0
0.00044156233750649974,0.0
0.00044157233710651576,0.016666666666666607
0.0004415823367065318,0.0
0.00044159233630654775,0.0
0.00044160233590656377,0.016666666666666607
0.00044161233550657974,0.016666666666666607
0.00044162233510659576,0.0
0.0004416323347066118,0.016666666666666607
0.00044164233430662775,0.016666666666666607
0.00044165233390664377,0.016666666666666607
0.00044166233350665974,0.016666666666666607
0.00044167233310667576,0.016666666666666607
0.0004416823327066918,0.0
0.00044169233230670774,0.016666666666666607
0.00044170233190672376,0.0
0.00044171233150673973,0.0
0.00044172233110675575,0.0
0.0004417323307067718,0.0
0.00044174233030678774,0.0
0.00044175232990680376,0.0
0.00044176232950681973,0.016666666666666607
0.00044177232910683575,0.0
0.00044178232870685177,0.0
0.00044179232830686774,0.0
0.00044180232790688376,0.016666666666666607
0.0004418123275068997,0.016666666666666607
0.00044182232710691574,0.016666666666666607
0.00044183232670693177,0.0
0.00044184232630694773,0.016666666666666607
0.00044185232590696375,0.0
0.0004418623255069797,0.016666666666666607
0.00044187232510699574,0.016666666666666607
0.00044188232470701176,0.016666666666666607
0.00044189232430702773,0.016666666666666607
0.00044190232390704375,0.016666666666666607
0.0004419123235070597,0.0
0.00044192232310707574,0.016666666666666607
0.00044193232270709176,0.016666666666666607
0.0004419423223071077,0.0
0.00044195232190712375,0.016666666666666607
0.0004419623215071397,0.0
0.00044197232110715573,0.0
0.00044198232070717175,0.0
0.0004419923203071877,0.0
0.00044200231990720374,0.0
0.0004420123195072197,0.0
0.00044202231910723573,0.016666666666666607
0.00044203231870725175,0.016666666666666607
0.0004420423183072677,0.0
0.00044205231790728374,0.016666666666666607
0.00044206231750729976,0.016666666666666607
0.0004420723171073157,0.0
0.00044208231670733175,0.016666666666666607
0.0004420923163073477,0.0
0.00044210231590736373,0.016666666666666607
0.00044211231550737976,0.0
0.0004421223151073957,0.0
0.00044213231470741174,0.016666666666666607
0.0004421423143074277,0.016666666666666607
0.00044215231390744373,0.0
0.00044216231350745975,0.016666666666666607
0.0004421723131074757,0.0
0.00044218231270749174,0.016666666666666607
0.0004421923123075077,0.0
0.0004422023119075237,0.016666666666666607
0.00044221231150753975,0.0
0.0004422223111075557,0.016666666666666607
0.00044223231070757174,0.016666666666666607
0.0004422423103075877,0.0
0.0004422523099076037,0.0
0.00044226230950761974,0.0
0.0004422723091076357,0.016666666666666607
0.00044228230870765173,0.016666666666666607
0.0004422923083076677,0.016666666666666607
0.0004423023079076837,0.016666666666666607
0.00044231230750769974,0.016666666666666607
0.0004423223071077157,0.016666666666666607
0.00044233230670773173,0.016666666666666607
0.0004423423063077477,0.016666666666666607
0.0004423523059077637,0.016666666666666607
0.00044236230550777974,0.016666666666666607
0.0004423723051077957,0.0
0.0004423823047078117,0.0
0.0004423923043078277,0.0
0.0004424023039078437,0.016666666666666607
0.00044241230350785973,0.0
0.0004424223031078757,0.0
0.0004424323027078917,0.0
0.0004424423023079077,0.0
0.0004424523019079237,0.0
0.00044246230150793973,0.016666666666666607
0.0004424723011079557,0.016666666666666607
0.0004424823007079717,0.016666666666666607
0.0004424923003079877,0.016666666666666607
0.0004425022999080037,0.016666666666666607
0.0004425122995080197,0.016666666666666607
0.0004425222991080357,0.016666666666666607
0.0004425322987080517,0.0
0.0004425422983080677,0.0
0.0004425522979080837,0.0
0.0004425622975080997,0.0
0.0004425722971081157,0.0
0.0004425822967081317,0.0
0.0004425922963081477,0.0
0.0004426022959081637,0.016666666666666607
0.0004426122955081797,0.016666666666666607
0.0004426222951081957,0.033333333333333215
0.0004426322947082117,0.016666666666666607
0.00044264229430822767,0.016666666666666607
0.0004426522939082437,0.016666666666666607
0.0004426622935082597,0.016666666666666607
0.0004426722931082757,0.016666666666666607
0.0004426822927082917,0.016666666666666607
0.00044269229230830767,0.016666666666666607
0.0004427022919083237,0.016666666666666607
0.0004427122915083397,0.0
0.0004427222911083557,0.0
0.0004427322907083717,0.0
0.00044274229030838766,0.016666666666666607
0.0004427522899084037,0.0
0.0004427622895084197,0.0
0.0004427722891084357,0.016666666666666607
0.0004427822887084517,0.0
0.00044279228830846766,0.0
0.0004428022879084837,0.0
0.0004428122875084997,0.0
0.00044282228710851567,0.0
0.0004428322867085317,0.0
0.00044284228630854766,0.016666666666666607
0.0004428522859085637,0.016666666666666607
0.0004428622855085797,0.016666666666666607
0.00044287228510859567,0.016666666666666607
0.0004428822847086117,0.016666666666666607
0.00044289228430862765,0.0
0.0004429022839086437,0.0
0.0004429122835086597,0.016666666666666607
0.00044292228310867566,0.016666666666666607
0.0004429322827086917,0.016666666666666607
0.00044294228230870765,0.016666666666666607
0.00044295228190872367,0.0
0.0004429622815087397,0.016666666666666607
0.00044297228110875566,0.0
0.0004429822807087717,0.016666666666666607
0.0004429922803087877,0.016666666666666607
0.00044300227990880367,0.016666666666666607
0.0004430122795088197,0.0
0.00044302227910883565,0.0
0.0004430322787088517,0.0
0.0004430422783088677,0.016666666666666607
0.00044305227790888366,0.0
0.0004430622775088997,0.0
0.00044307227710891565,0.016666666666666607
0.00044308227670893167,0.0
0.0004430922763089477,0.0
0.00044310227590896366,0.0
0.0004431122755089797,0.016666666666666607
0.00044312227510899565,0.016666666666666607
0.00044313227470901167,0.016666666666666607
0.0004431422743090277,0.016666666666666607
0.00044315227390904366,0.0
0.0004431622735090597,0.016666666666666607
0.00044317227310907564,0.0
0.00044318227270909166,0.0
0.0004431922723091077,0.016666666666666607
0.00044320227190912365,0.016666666666666607
0.00044321227150913967,0.0
0.00044322227110915564,0.016666666666666607
0.00044323227070917166,0.016666666666666607
0.0004432422703091877,0.0
0.00044325226990920365,0.0
0.00044326226950921967,0.0
0.00044327226910923564,0.016666666666666607
0.00044328226870925166,0.0
0.0004432922683092677,0.016666666666666607
0.00044330226790928364,0.0
0.00044331226750929966,0.0
0.00044332226710931563,0.016666666666666607
0.00044333226670933165,0.0
0.0004433422663093477,0.016666666666666607
0.00044335226590936364,0.016666666666666607
0.00044336226550937966,0.016666666666666607
0.00044337226510939563,0.016666666666666607
0.00044338226470941165,0.016666666666666607
0.00044339226430942767,0.016666666666666607
0.00044340226390944364,0.0
0.00044341226350945966,0.016666666666666607
0.0004434222631094756,0.016666666666666607
0.00044343226270949164,0.0
0.00044344226230950767,0.016666666666666607
0.00044345226190952363,0.016666666666666607
0.00044346226150953965,0.016666666666666607
0.0004434722611095556,0.0
0.00044348226070957164,0.016666666666666607
0.00044349226030958766,0.016666666666666607
0.00044350225990960363,0.016666666666666607
0.00044351225950961965,0.0
0.0004435222591096356,0.0
0.00044353225870965164,0.0
0.00044354225830966766,0.016666666666666607
0.0004435522579096836,0.0
0.00044356225750969965,0.016666666666666607
0.0004435722571097156,0.0
0.00044358225670973163,0.016666666666666607
0.00044359225630974765,0.016666666666666607
0.0004436022559097636,0.016666666666666607
0.00044361225550977964,0.016666666666666607
0.0004436222551097956,0.016666666666666607
0.00044363225470981163,0.016666666666666607
0.00044364225430982765,0.016666666666666607
0.0004436522539098436,0.016666666666666607
0.00044366225350985964,0.016666666666666607
0.0004436722531098756,0.016666666666666607
0.0004436822527098916,0.016666666666666607
0.00044369225230990765,0.0
0.0004437022519099236,0.0
0.00044371225150993963,0.016666666666666607
0.0004437222511099556,0.016666666666666607
0.0004437322507099716,0.016666666666666607
0.00044374225030998764,0.016666666666666607
0.0004437522499100036,0.016666666666666607
0.00044376224951001963,0.016666666666666607
0.0004437722491100356,0.016666666666666607
0.0004437822487100516,0.0
0.00044379224831006764,0.016666666666666607
0.0004438022479100836,0.0
0.0004438122475100996,0.0
0.0004438222471101156,0.0
0.0004438322467101316,0.0
0.00044384224631014764,0.0
0.0004438522459101636,0.0
0.0004438622455101796,0.0
0.0004438722451101956,0.0
0.0004438822447102116,0.016666666666666607
0.00044389224431022763,0.016666666666666607
0.0004439022439102436,0.0
0.0004439122435102596,0.0
0.00044392224311027564,0.016666666666666607
0.0004439322427102916,0.0
0.00044394224231030763,0.016666666666666607
0.0004439522419103236,0.016666666666666607
0.0004439622415103396,0.0
0.00044397224111035564,0.0
0.0004439822407103716,0.016666666666666607
0.0004439922403103876,0.016666666666666607
0.0004440022399104036,0.016666666666666607
0.0004440122395104196,0.016666666666666607
0.00044402223911043563,0.016666666666666607
0.0004440322387104516,0.016666666666666607
0.0004440422383104676,0.016666666666666607
0.0004440522379104836,0.016666666666666607
0.0004440622375104996,0.016666666666666607
0.00044407223711051563,0.0
0.0004440822367105316,0.0
0.0004440922363105476,0.0
0.0004441022359105636,0.016666666666666607
0.0004441122355105796,0.0
0.0004441222351105956,0.0
0.0004441322347106116,0.0
0.0004441422343106276,0.0
0.0004441522339106436,0.0
0.0004441622335106596,0.016666666666666607
0.0004441722331106756,0.016666666666666607
0.0004441822327106916,0.0
0.0004441922323107076,0.016666666666666607
0.0004442022319107236,0.016666666666666607
0.0004442122315107396,0.0
0.0004442222311107556,0.0
0.0004442322307107716,0.016666666666666607
0.0004442422303107876,0.016666666666666607
0.00044425222991080357,0.016666666666666607
0.0004442622295108196,0.0
0.0004442722291108356,0.016666666666666607
0.0004442822287108516,0.0
0.0004442922283108676,0.016666666666666607
0.00044430222791088357,0.016666666666666607
0.0004443122275108996,0.016666666666666607
0.0004443222271109156,0.016666666666666607
0.0004443322267109316,0.0
0.0004443422263109476,0.0
0.00044435222591096356,0.0
0.0004443622255109796,0.016666666666666607
0.0004443722251109956,0.0
0.0004443822247110116,0.0
0.0004443922243110276,0.0
0.00044440222391104356,0.016666666666666607
0.0004444122235110596,0.0
0.0004444222231110756,0.016666666666666607
0.00044443222271109157,0.0
0.0004444422223111076,0.016666666666666607
0.00044445222191112356,0.0
0.0004444622215111396,0.016666666666666607
0.0004444722211111556,0.0
0.00044448222071117157,0.0
0.0004444922203111876,0.016666666666666607
0.00044450221991120355,0.0
0.0004445122195112196,0.016666666666666607
0.0004445222191112356,0.016666666666666607
0.00044453221871125156,0.016666666666666607
0.0004445422183112676,0.0
0.00044455221791128355,0.016666666666666607
0.00044456221751129957,0.0
0.0004445722171113156,0.0
0.00044458221671133156,0.0
0.0004445922163113476,0.0
0.00044460221591136355,0.0
0.00044461221551137957,0.016666666666666607
0.0004446222151113956,0.016666666666666607
0.00044463221471141155,0.0
0.0004446422143114276,0.016666666666666607
0.00044465221391144354,0.016666666666666607
0.00044466221351145956,0.016666666666666607
0.0004446722131114756,0.016666666666666607
0.00044468221271149155,0.016666666666666607
0.00044469221231150757,0.016666666666666607
0.00044470221191152354,0.0
0.00044471221151153956,0.0
0.0004447222111115556,0.0
0.00044473221071157155,0.0
0.00044474221031158757,0.0
0.00044475220991160353,0.0
0.00044476220951161956,0.0
0.0004447722091116356,0.0
0.00044478220871165154,0.0
0.00044479220831166756,0.0
0.00044480220791168353,0.016666666666666607
0.00044481220751169955,0.016666666666666607
0.00044482220711171557,0.016666666666666607
0.00044483220671173154,0.016666666666666607
0.00044484220631174756,0.016666666666666607
0.0004448522059117636,0.0
0.00044486220551177955,0.0
0.00044487220511179557,0.0
0.00044488220471181154,0.016666666666666607
0.00044489220431182756,0.016666666666666607
0.0004449022039118436,0.0
0.00044491220351185954,0.016666666666666607
0.00044492220311187556,0.016666666666666607
0.00044493220271189153,0.016666666666666607
0.00044494220231190755,0.016666666666666607
0.0004449522019119236,0.016666666666666607
0.00044496220151193954,0.016666666666666607
0.00044497220111195556,0.0
0.00044498220071197153,0.016666666666666607
0.00044499220031198755,0.016666666666666607
0.00044500219991200357,0.016666666666666607
0.00044501219951201954,0.016666666666666607
0.00044502219911203556,0.0
0.0004450321987120515,0.0
0.00044504219831206754,0.016666666666666607
0.00044505219791208357,0.0
0.00044506219751209953,0.0
0.00044507219711211555,0.016666666666666607
0.0004450821967121315,0.016666666666666607
0.00044509219631214754,0.016666666666666607
0.00044510219591216356,0.016666666666666607
0.00044511219551217953,0.0
0.00044512219511219555,0.0
0.0004451321947122115,0.016666666666666607
0.00044514219431222754,0.0
0.00044515219391224356,0.0
0.0004451621935122595,0.0
0.00044517219311227555,0.0
0.0004451821927122915,0.0
0.00044519219231230753,0.0
0.00044520219191232355,0.0
0.0004452121915123395,0.0
0.00044522219111235554,0.0
0.0004452321907123715,0.016666666666666607
0.00044524219031238753,0.016666666666666607
0.00044525218991240355,0.0
0.0004452621895124195,0.016666666666666607
0.00044527218911243554,0.0
0.0004452821887124515,0.0
0.0004452921883124675,0.016666666666666607
0.00044530218791248355,0.016666666666666607
0.0004453121875124995,0.016666666666666607
0.00044532218711251553,0.016666666666666607
0.0004453321867125315,0.016666666666666607
0.0004453421863125475,0.016666666666666607
0.00044535218591256354,0.016666666666666607
0.0004453621855125795,0.016666666666666607
0.00044537218511259553,0.016666666666666607
0.0004453821847126115,0.0
0.0004453921843126275,0.016666666666666607
0.00044540218391264354,0.016666666666666607
0.0004454121835126595,0.016666666666666607
0.0004454221831126755,0.016666666666666607
0.0004454321827126915,0.016666666666666607
0.0004454421823127075,0.0
0.00044545218191272354,0.016666666666666607
0.0004454621815127395,0.016666666666666607
0.0004454721811127555,0.0
0.0004454821807127715,0.016666666666666607
0.0004454921803127875,0.0
0.00044550217991280353,0.0
0.0004455121795128195,0.0
0.0004455221791128355,0.0
0.0004455321787128515,0.0
0.0004455421783128675,0.0
0.00044555217791288353,0.0
0.0004455621775128995,0.0
0.0004455721771129155,0.016666666666666607
0.0004455821767129315,0.016666666666666607
0.0004455921763129475,0.016666666666666607
0.0004456021759129635,0.016666666666666607
0.0004456121755129795,0.016666666666666607
0.0004456221751129955,0.016666666666666607
0.0004456321747130115,0.016666666666666607
0.0004456421743130275,0.016666666666666607
0.0004456521739130435,0.016666666666666607
0.0004456621735130595,0.016666666666666607
0.0004456721731130755,0.0
0.0004456821727130915,0.016666666666666607
0.0004456921723131075,0.0
0.0004457021719131235,0.016666666666666607
0.0004457121715131395,0.0
0.0004457221711131555,0.016666666666666607
0.00044573217071317147,0.0
0.0004457421703131875,0.016666666666666607
0.0004457521699132035,0.0
0.0004457621695132195,0.0
0.0004457721691132355,0.0
0.0004457821687132515,0.0
0.0004457921683132675,0.016666666666666607
0.0004458021679132835,0.0
0.0004458121675132995,0.0
0.0004458221671133155,0.016666666666666607
0.0004458321667133315,0.0
0.0004458421663133475,0.016666666666666607
0.0004458521659133635,0.016666666666666607
0.00044586216551337947,0.0
0.0004458721651133955,0.016666666666666607
0.0004458821647134115,0.016666666666666607
0.0004458921643134275,0.016666666666666607
0.0004459021639134435,0.016666666666666607
0.00044591216351345947,0.0
0.0004459221631134755,0.016666666666666607
0.0004459321627134915,0.0
0.0004459421623135075,0.0
0.0004459521619135235,0.0
0.00044596216151353946,0.016666666666666607
0.0004459721611135555,0.0
0.0004459821607135715,0.016666666666666607
0.0004459921603135875,0.016666666666666607
0.0004460021599136035,0.016666666666666607
0.00044601215951361946,0.016666666666666607
0.0004460221591136355,0.016666666666666607
0.0004460321587136515,0.0
0.00044604215831366747,0.0
0.0004460521579136835,0.0
0.00044606215751369946,0.0
0.0004460721571137155,0.0
0.0004460821567137315,0.016666666666666607
0.00044609215631374747,0.033333333333333215
0.0004461021559137635,0.033333333333333215
0.00044611215551377945,0.033333333333333215
0.0004461221551137955,0.016666666666666607
0.0004461321547138115,0.016666666666666607
0.00044614215431382746,0.016666666666666607
0.0004461521539138435,-0.016666666666666607
0.00044616215351385945,-0.016666666666666607
0.00044617215311387547,-0.016666666666666607
0.0004461821527138915,-0.016666666666666607
0.00044619215231390746,0.0
0.0004462021519139235,0.016666666666666607
0.00044621215151393945,0.016666666666666607
0.00044622215111395547,0.033333333333333215
0.0004462321507139715,0.016666666666666607
0.00044624215031398745,0.033333333333333215
0.0004462521499140035,0.016666666666666607
0.00044626214951401944,0.0
0.00044627214911403546,0.0
0.0004462821487140515,0.016666666666666607
0.00044629214831406745,0.0
0.00044630214791408347,0.016666666666666607
0.00044631214751409944,0.016666666666666607
0.00044632214711411546,0.0
0.0004463321467141315,0.016666666666666607
0.00044634214631414745,0.016666666666666607
0.00044635214591416347,0.016666666666666607
0.00044636214551417943,0.016666666666666607
0.00044637214511419546,0.016666666666666607
0.0004463821447142115,0.0
0.00044639214431422744,0.016666666666666607
0.00044640214391424346,0.0
0.00044641214351425943,-0.016666666666666607
0.00044642214311427545,0.0
0.00044643214271429147,-0.016666666666666607
0.00044644214231430744,0.016666666666666607
0.00044645214191432346,0.033333333333333215
0.0004464621415143394,0.033333333333333215
0.00044647214111435545,0.0
0.00044648214071437147,0.016666666666666607
0.00044649214031438744,-0.016666666666666607
0.00044650213991440346,0.0
0.0004465121395144194,0.016666666666666607
0.00044652213911443544,0.016666666666666607
0.00044653213871445146,0.016666666666666607
0.00044654213831446743,0.016666666666666607
0.00044655213791448345,-0.016666666666666607
0.0004465621375144994,-0.016666666666666607
0.00044657213711451544,0.0
0.00044658213671453146,0.0
0.00044659213631454743,0.016666666666666607
0.00044660213591456345,0.033333333333333215
0.0004466121355145794,0.016666666666666607
0.00044662213511459544,0.016666666666666607
0.00044663213471461146,0.0
0.0004466421343146274,0.016666666666666607
0.00044665213391464344,0.016666666666666607
0.0004466621335146594,0.016666666666666607
0.00044667213311467543,0.0
0.00044668213271469145,0.016666666666666607
0.0004466921323147074,0.0
0.00044670213191472344,0.0
0.00044671213151473946,0.0
0.00044672213111475543,0.016666666666666607
0.00044673213071477145,0.0
0.0004467421303147874,0.0
0.00044675212991480344,0.0
0.00044676212951481946,0.016666666666666607
0.0004467721291148354,0.0
0.00044678212871485145,0.016666666666666607
0.0004467921283148674,0.0
0.00044680212791488343,0.016666666666666607
0.00044681212751489945,0.0
0.0004468221271149154,0.0
0.00044683212671493144,0.0
0.0004468421263149474,0.016666666666666607
0.00044685212591496343,0.016666666666666607
0.00044686212551497945,0.016666666666666607
0.0004468721251149954,0.0
0.00044688212471501144,0.016666666666666607
0.0004468921243150274,0.016666666666666607
0.0004469021239150434,0.016666666666666607
0.00044691212351505945,0.016666666666666607
0.0004469221231150754,0.016666666666666607
0.00044693212271509143,0.0
0.0004469421223151074,0.0
0.0004469521219151234,0.016666666666666607
0.00044696212151513944,0.016666666666666607
0.0004469721211151554,0.016666666666666607
0.00044698212071517143,0.0
0.0004469921203151874,0.0
0.0004470021199152034,0.0
0.00044701211951521944,0.016666666666666607
0.0004470221191152354,0.0
0.00044703211871525143,0.016666666666666607
0.0004470421183152674,0.016666666666666607
0.0004470521179152834,0.0
0.00044706211751529944,0.0
0.0004470721171153154,0.0
0.0004470821167153314,0.016666666666666607
0.0004470921163153474,0.016666666666666607
0.0004471021159153634,0.016666666666666607
0.00044711211551537943,0.0
0.0004471221151153954,0.0
0.0004471321147154114,0.0
0.0004471421143154274,0.016666666666666607
0.0004471521139154434,0.016666666666666607
0.00044716211351545943,0.0
0.0004471721131154754,0.016666666666666607
0.0004471821127154914,0.0
0.0004471921123155074,0.0
0.0004472021119155234,0.016666666666666607
0.0004472121115155394,0.016666666666666607
0.0004472221111155554,0.0
0.0004472321107155714,0.016666666666666607
0.0004472421103155874,0.0
0.0004472521099156034,0.0
0.0004472621095156194,0.016666666666666607
0.0004472721091156354,0.0
0.0004472821087156514,0.033333333333333215
0.0004472921083156674,0.016666666666666607
0.0004473021079156834,0.016666666666666607
0.0004473121075156994,0.016666666666666607
0.0004473221071157154,0.0
0.0004473321067157314,0.016666666666666607
0.00044734210631574737,0.016666666666666607
0.0004473521059157634,0.016666666666666607
0.0004473621055157794,0.0
0.0004473721051157954,0.016666666666666607
0.0004473821047158114,0.016666666666666607
0.00044739210431582737,0.016666666666666607
0.0004474021039158434,0.016666666666666607
0.0004474121035158594,0.016666666666666607
0.0004474221031158754,0.0
0.0004474321027158914,0.0
0.00044744210231590736,0.016666666666666607
0.0004474521019159234,0.016666666666666607
0.0004474621015159394,0.016666666666666607
0.00044747210111595537,0.0
0.0004474821007159714,0.016666666666666607
0.00044749210031598736,0.016666666666666607
0.0004475020999160034,0.016666666666666607
0.0004475120995160194,0.016666666666666607
0.00044752209911603537,0.016666666666666607
0.0004475320987160514,0.016666666666666607
0.00044754209831606736,0.016666666666666607
0.0004475520979160834,0.0
0.0004475620975160994,0.0
0.00044757209711611536,-0.016666666666666607
0.0004475820967161314,-0.016666666666666607
0.00044759209631614735,-0.016666666666666607
0.0004476020959161634,0.0
0.0004476120955161794,0.0
0.00044762209511619536,0.016666666666666607
0.0004476320947162114,0.033333333333333215
0.0004476420943162274,0.033333333333333215
0.00044765209391624337,0.04999999999999982
0.0004476620935162594,0.033333333333333215
0.00044767209311627536,0.016666666666666607
0.0004476820927162914,0.016666666666666607
0.0004476920923163074,0.0
0.00044770209191632337,0.0
0.0004477120915163394,0.0
0.00044772209111635535,0.0
0.0004477320907163714,0.0
0.0004477420903163874,0.0
0.00044775208991640336,0.0
0.0004477620895164194,0.0
0.00044777208911643535,0.0
0.00044778208871645137,0.0
0.0004477920883164674,0.0
0.00044780208791648336,0.016666666666666607
0.0004478120875164994,0.0
0.00044782208711651535,0.0
0.00044783208671653137,0.0
0.0004478420863165474,0.016666666666666607
0.00044785208591656335,0.016666666666666607
0.0004478620855165794,0.016666666666666607
0.00044787208511659534,0.016666666666666607
0.00044788208471661136,0.016666666666666607
0.0004478920843166274,0.016666666666666607
0.00044790208391664335,0.0
0.00044791208351665937,0.016666666666666607
0.00044792208311667534,0.0
0.00044793208271669136,0.016666666666666607
0.0004479420823167074,0.016666666666666607
0.00044795208191672335,0.0
0.00044796208151673937,0.0
0.00044797208111675533,0.0
0.00044798208071677136,0.0
0.0004479920803167874,0.0
0.00044800207991680334,0.016666666666666607
0.00044801207951681936,0.016666666666666607
0.00044802207911683533,0.0
0.00044803207871685135,0.0
0.00044804207831686737,0.0
0.00044805207791688334,0.0
0.00044806207751689936,0.0
0.0004480720771169153,0.0
0.00044808207671693135,0.016666666666666607
0.00044809207631694737,0.033333333333333215
0.00044810207591696334,0.04999999999999982
0.00044811207551697936,0.04999999999999982
0.0004481220751169953,0.06666666666666643
0.00044813207471701134,0.04999999999999982
0.00044814207431702736,0.016666666666666607
0.00044815207391704333,-0.016666666666666607
0.00044816207351705935,-0.050000000000000266
0.0004481720731170753,-0.06666666666666687
0.00044818207271709134,-0.08333333333333348
0.00044819207231710736,-0.06666666666666687
0.00044820207191712333,-0.033333333333333215
0.00044821207151713935,0.016666666666666607
0.0004482220711171553,0.06666666666666643
0.00044823207071717134,0.08333333333333348
0.00044824207031718736,0.08333333333333348
0.0004482520699172033,0.04999999999999982
0.00044826206951721935,0.016666666666666607
0.0004482720691172353,-0.016666666666666607
0.00044828206871725133,-0.033333333333333215
0.00044829206831726735,-0.050000000000000266
0.0004483020679172833,-0.016666666666666607
0.00044831206751729934,0.0
0.0004483220671173153,0.033333333333333215
0.00044833206671733133,0.033333333333333215
0.00044834206631734735,0.033333333333333215
0.0004483520659173633,0.016666666666666607
0.00044836206551737934,0.016666666666666607
0.0004483720651173953,0.016666666666666607
0.0004483820647174113,0.0
0.00044839206431742735,0.0
0.0004484020639174433,-0.016666666666666607
0.00044841206351745933,0.0
0.0004484220631174753,0.0
0.0004484320627174913,0.0
0.00044844206231750734,0.016666666666666607
0.0004484520619175233,0.016666666666666607
0.00044846206151753933,0.016666666666666607
0.0004484720611175553,0.016666666666666607
0.0004484820607175713,0.016666666666666607
0.00044849206031758734,0.016666666666666607
0.0004485020599176033,0.0
0.0004485120595176193,0.016666666666666607
0.0004485220591176353,0.016666666666666607
0.0004485320587176513,0.016666666666666607
0.00044854205831766733,0.016666666666666607
0.0004485520579176833,0.016666666666666607
0.0004485620575176993,0.016666666666666607
0.00044857205711771534,0.016666666666666607
0.0004485820567177313,0.016666666666666607
0.00044859205631774733,0.016666666666666607
0.0004486020559177633,0.0
0.0004486120555177793,0.0
0.00044862205511779534,0.016666666666666607
0.0004486320547178113,0.0
0.00044864205431782733,0.0
0.0004486520539178433,0.0
0.0004486620535178593,0.0
0.00044867205311787534,0.0
0.0004486820527178913,0.016666666666666607
0.0004486920523179073,0.016666666666666607
0.0004487020519179233,0.0
0.0004487120515179393,0.0
0.00044872205111795533,0.0
0.0004487320507179713,0.0
0.0004487420503179873,0.0
0.0004487520499180033,0.016666666666666607
0.0004487620495180193,0.016666666666666607
0.00044877204911803533,0.0
0.0004487820487180513,0.016666666666666607
0.0004487920483180673,0.016666666666666607
0.0004488020479180833,0.016666666666666607
0.0004488120475180993,0.016666666666666607
0.0004488220471181153,0.016666666666666607
0.0004488320467181313,0.0
0.0004488420463181473,0.0
0.0004488520459181633,0.0
0.0004488620455181793,0.016666666666666607
0.0004488720451181953,0.016666666666666607
0.0004488820447182113,0.016666666666666607
0.0004488920443182273,0.016666666666666607
0.0004489020439182433,0.0
0.0004489120435182593,0.016666666666666607
0.0004489220431182753,0.016666666666666607
0.0004489320427182913,0.0
0.0004489420423183073,0.016666666666666607
0.00044895204191832327,0.016666666666666607
0.0004489620415183393,0.0
0.0004489720411183553,0.0
0.0004489820407183713,0.016666666666666607
0.0004489920403183873,0.0
0.00044900203991840327,0.016666666666666607
0.0004490120395184193,0.016666666666666607
0.0004490220391184353,0.016666666666666607
0.0004490320387184513,0.016666666666666607
0.0004490420383184673,0.016666666666666607
0.00044905203791848326,0.016666666666666607
0.0004490620375184993,0.016666666666666607
0.0004490720371185153,0.0
0.00044908203671853127,0.016666666666666607
0.0004490920363185473,0.0
0.00044910203591856326,0.0
0.0004491120355185793,0.0
0.0004491220351185953,0.0
0.00044913203471861127,0.0
0.0004491420343186273,0.0
0.00044915203391864326,0.0
0.0004491620335186593,0.0
0.0004491720331186753,0.0
0.00044918203271869126,0.016666666666666607
0.0004491920323187073,0.016666666666666607
0.00044920203191872325,0.016666666666666607
0.0004492120315187393,0.016666666666666607
0.0004492220311187553,0.016666666666666607
0.00044923203071877126,0.0
0.0004492420303187873,0.016666666666666607
0.00044925202991880325,0.0
0.00044926202951881927,0.0
0.0004492720291188353,0.016666666666666607
0.00044928202871885126,0.0
0.0004492920283188673,0.016666666666666607
0.00044930202791888324,0.016666666666666607
0.00044931202751889927,0.0
0.0004493220271189153,0.016666666666666607
0.00044933202671893125,0.016666666666666607
0.0004493420263189473,0.0
0.00044935202591896324,0.0
0.00044936202551897926,0.0
0.0004493720251189953,0.0
0.00044938202471901125,0.016666666666666607
0.00044939202431902727,0.0
0.00044940202391904324,0.0
0.00044941202351905926,0.0
0.0004494220231190753,0.016666666666666607
0.00044943202271909125,0.016666666666666607
0.00044944202231910727,0.016666666666666607
0.00044945202191912323,0.016666666666666607
0.00044946202151913925,0.016666666666666607
0.0004494720211191553,0.016666666666666607
0.00044948202071917124,0.016666666666666607
0.00044949202031918726,0.016666666666666607
0.0004495020199192033,0.016666666666666607
0.00044951201951921925,0.016666666666666607
0.00044952201911923527,0.033333333333333215
0.00044953201871925124,0.016666666666666607
0.00044954201831926726,0.016666666666666607
0.0004495520179192833,0.0
0.00044956201751929925,0.0
0.00044957201711931527,-0.033333333333333215
0.00044958201671933123,-0.050000000000000266
0.00044959201631934726,-0.050000000000000266
0.0004496020159193633,-0.033333333333333215
0.00044961201551937924,0.0
0.00044962201511939526,0.033333333333333215
0.00044963201471941123,0.06666666666666643
0.00044964201431942725,0.08333333333333348
0.00044965201391944327,0.08333333333333348
0.00044966201351945924,0.06666666666666643
0.00044967201311947526,0.033333333333333215
0.0004496820127194912,0.0
0.00044969201231950725,-0.033333333333333215
0.00044970201191952327,-0.050000000000000266
0.00044971201151953924,-0.033333333333333215
0.00044972201111955526,-0.016666666666666607
0.0004497320107195712,0.0
0.00044974201031958724,0.033333333333333215
0.00044975200991960326,0.04999999999999982
0.00044976200951961923,0.04999999999999982
0.00044977200911963525,0.033333333333333215
0.0004497820087196512,0.016666666666666607
0.00044979200831966724,0.0
0.00044980200791968326,-0.016666666666666607
0.00044981200751969923,-0.016666666666666607
0.00044982200711971525,-0.016666666666666607
0.0004498320067197312,0.0
0.00044984200631974724,0.016666666666666607
0.00044985200591976326,0.016666666666666607
0.0004498620055197792,0.016666666666666607
0.00044987200511979525,0.016666666666666607
0.0004498820047198112,0.0
0.00044989200431982723,0.016666666666666607
0.00044990200391984325,0.016666666666666607
0.0004499120035198592,0.0
0.00044992200311987524,0.0
0.0004499320027198912,0.016666666666666607
0.00044994200231990723,0.0
0.00044995200191992325,0.016666666666666607
0.0004499620015199392,0.016666666666666607
0.00044997200111995524,0.016666666666666607
0.0004499820007199712,0.016666666666666607
0.0004499920003199872,0.016666666666666607
0.00045000199992000325,0.016666666666666607
0.0004500119995200192,0.0
0.00045002199912003523,0.0
0.0004500319987200512,0.0
0.0004500419983200672,0.0
0.00045005199792008324,0.016666666666666607
0.0004500619975200992,0.016666666666666607
0.00045007199712011523,0.016666666666666607
0.0004500819967201312,0.0
0.0004500919963201472,0.016666666666666607
0.00045010199592016324,0.016666666666666607
0.0004501119955201792,0.0
0.0004501219951201952,0.016666666666666607
0.0004501319947202112,0.0
0.0004501419943202272,0.0
0.00045015199392024323,0.0
0.0004501619935202592,0.0
0.0004501719931202752,0.0
0.0004501819927202912,0.0
0.0004501919923203072,0.016666666666666607
0.00045020199192032323,0.016666666666666607
0.0004502119915203392,0.016666666666666607
0.0004502219911203552,0.016666666666666607
0.0004502319907203712,0.016666666666666607
0.0004502419903203872,0.0
0.00045025198992040323,0.0
0.0004502619895204192,0.0
0.0004502719891204352,0.0
0.0004502819887204512,0.016666666666666607
0.0004502919883204672,0.016666666666666607
0.0004503019879204832,0.0
0.0004503119875204992,0.0
0.0004503219871205152,0.0
0.0004503319867205312,0.0
0.0004503419863205472,0.0
0.0004503519859205632,0.0
0.0004503619855205792,0.016666666666666607
0.0004503719851205952,0.016666666666666607
0.0004503819847206112,0.016666666666666607
0.0004503919843206272,0.016666666666666607
0.0004504019839206432,0.016666666666666607
0.0004504119835206592,0.016666666666666607
0.0004504219831206752,0.016666666666666607
0.0004504319827206912,0.0
0.0004504419823207072,0.0
0.0004504519819207232,0.016666666666666607
0.0004504619815207392,0.016666666666666607
0.0004504719811207552,0.016666666666666607
0.0004504819807207712,0.016666666666666607
0.0004504919803207872,0.016666666666666607
0.0004505019799208032,0.016666666666666607
0.0004505119795208192,0.0
0.0004505219791208352,0.016666666666666607
0.0004505319787208512,0.0
0.0004505419783208672,0.016666666666666607
0.0004505519779208832,0.0
0.00045056197752089917,0.0
0.0004505719771209152,0.0
0.0004505819767209312,0.0
0.0004505919763209472,0.0
0.0004506019759209632,0.016666666666666607
0.00045061197552097917,0.016666666666666607
0.0004506219751209952,0.016666666666666607
0.0004506319747210112,0.016666666666666607
0.0004506419743210272,0.016666666666666607
0.0004506519739210432,0.016666666666666607
0.00045066197352105916,0.016666666666666607
0.0004506719731210752,0.0
0.0004506819727210912,0.0
0.00045069197232110717,0.0
0.0004507019719211232,0.0
0.00045071197152113916,0.0
0.0004507219711211552,0.016666666666666607
0.0004507319707211712,0.0
0.00045074197032118717,0.0
0.0004507519699212032,0.0
0.00045076196952121916,0.016666666666666607
0.0004507719691212352,0.016666666666666607
0.0004507819687212512,0.016666666666666607
0.00045079196832126716,0.016666666666666607
0.0004508019679212832,0.016666666666666607
0.00045081196752129915,0.016666666666666607
0.0004508219671213152,0.016666666666666607
0.0004508319667213312,0.016666666666666607
0.00045084196632134716,0.016666666666666607
0.0004508519659213632,0.016666666666666607
0.00045086196552137915,0.016666666666666607
0.00045087196512139517,0.016666666666666607
0.0004508819647214112,0.016666666666666607
0.00045089196432142716,0.0
0.0004509019639214432,0.0
0.00045091196352145914,0.016666666666666607
0.00045092196312147517,0.0
0.0004509319627214912,0.0
0.00045094196232150715,0.0
0.0004509519619215232,0.0
0.00045096196152153914,0.016666666666666607
0.00045097196112155516,0.016666666666666607
0.0004509819607215712,0.0
0.00045099196032158715,0.0
0.00045100195992160317,0.0
0.00045101195952161914,0.0
0.00045102195912163516,0.016666666666666607
0.0004510319587216512,0.033333333333333215
0.00045104195832166715,0.033333333333333215
0.00045105195792168317,0.033333333333333215
0.00045106195752169913,0.016666666666666607
0.00045107195712171515,0.0
0.0004510819567217312,0.016666666666666607
0.00045109195632174714,0.0
0.00045110195592176316,0.016666666666666607
0.00045111195552177913,0.0
0.00045112195512179515,-0.016666666666666607
0.00045113195472181117,-0.016666666666666607
0.00045114195432182714,-0.016666666666666607
0.00045115195392184316,0.0
0.0004511619535218591,0.016666666666666607
0.00045117195312187515,0.033333333333333215
0.00045118195272189117,0.033333333333333215
0.00045119195232190713,0.016666666666666607
0.00045120195192192316,0.0
0.0004512119515219391,0.0
0.00045122195112195514,0.0
0.00045123195072197116,0.0
0.00045124195032198713,0.016666666666666607
0.00045125194992200315,0.016666666666666607
0.0004512619495220191,0.016666666666666607
0.00045127194912203514,0.016666666666666607
0.00045128194872205116,0.0
0.0004512919483220671,0.0
0.00045130194792208315,0.016666666666666607
0.0004513119475220991,0.0
0.00045132194712211514,0.016666666666666607
0.00045133194672213116,0.016666666666666607
0.0004513419463221471,0.0
0.00045135194592216314,0.0
0.00045136194552217917,0.0
0.00045137194512219513,0.016666666666666607
0.00045138194472221115,0.016666666666666607
0.0004513919443222271,0.016666666666666607
0.00045140194392224314,0.016666666666666607
0.00045141194352225916,0.0
0.00045142194312227513,0.0
0.00045143194272229115,0.016666666666666607
0.0004514419423223071,0.016666666666666607
0.00045145194192232314,0.0
0.00045146194152233916,0.016666666666666607
0.0004514719411223551,0.016666666666666607
0.00045148194072237115,0.016666666666666607
0.0004514919403223871,0.016666666666666607
0.00045150193992240313,0.016666666666666607
0.00045151193952241915,0.016666666666666607
0.0004515219391224351,0.0
0.00045153193872245114,0.0
0.0004515419383224671,0.016666666666666607
0.00045155193792248313,0.0
0.00045156193752249915,0.0
0.0004515719371225151,0.0
0.00045158193672253114,0.016666666666666607
0.0004515919363225471,0.0
0.0004516019359225631,0.0
0.00045161193552257915,0.016666666666666607
0.0004516219351225951,0.016666666666666607
0.00045163193472261113,0.0
0.0004516419343226271,0.016666666666666607
0.0004516519339226431,0.016666666666666607
0.00045166193352265914,0.016666666666666607
0.0004516719331226751,0.016666666666666607
0.00045168193272269113,0.016666666666666607
0.0004516919323227071,0.016666666666666607
0.0004517019319227231,0.016666666666666607
0.00045171193152273914,0.0
0.0004517219311227551,0.016666666666666607
0.0004517319307227711,0.0
0.0004517419303227871,0.016666666666666607
0.0004517519299228031,0.0
0.00045176192952281913,0.0
0.0004517719291228351,0.0
0.0004517819287228511,0.016666666666666607
0.0004517919283228671,0.0
0.0004518019279228831,0.0
0.00045181192752289913,0.0
0.0004518219271229151,0.0
0.0004518319267229311,0.0
0.0004518419263229471,0.0
0.0004518519259229631,0.016666666666666607
0.00045186192552297913,0.016666666666666607
0.0004518719251229951,0.016666666666666607
0.0004518819247230111,0.0
0.0004518919243230271,0.0
0.0004519019239230431,0.0
0.0004519119235230591,0.0
0.0004519219231230751,0.016666666666666607
0.0004519319227230911,0.0
0.0004519419223231071,0.0
0.0004519519219231231,0.016666666666666607
0.0004519619215231391,0.016666666666666607
0.0004519719211231551,0.016666666666666607
0.0004519819207231711,0.016666666666666607
0.0004519919203231871,0.016666666666666607
0.0004520019199232031,0.016666666666666607
0.0004520119195232191,0.016666666666666607
0.0004520219191232351,0.016666666666666607
0.0004520319187232511,0.0
0.00045204191832326707,0.016666666666666607
0.0004520519179232831,0.0
0.0004520619175232991,0.0
0.0004520719171233151,0.0
0.0004520819167233311,0.0
0.00045209191632334707,0.0
0.0004521019159233631,0.016666666666666607
0.0004521119155233791,0.016666666666666607
0.0004521219151233951,0.016666666666666607
0.0004521319147234111,0.016666666666666607
0.00045214191432342706,0.016666666666666607
0.0004521519139234431,0.016666666666666607
0.0004521619135234591,0.016666666666666607
0.00045217191312347507,0.0
0.0004521819127234911,0.016666666666666607
0.00045219191232350706,0.016666666666666607
0.0004522019119235231,0.016666666666666607
0.0004522119115235391,0.016666666666666607
0.00045222191112355507,0.016666666666666607
0.0004522319107235711,0.016666666666666607
0.00045224191032358706,0.0
0.0004522519099236031,0.0
0.0004522619095236191,0.0
0.00045227190912363506,0.0
0.0004522819087236511,0.0
0.00045229190832366705,0.0
0.00045230190792368307,0.0
0.0004523119075236991,0.0
0.00045232190712371506,0.016666666666666607
0.0004523319067237311,0.0
0.0004523419063237471,0.0
0.00045235190592376307,0.0
0.0004523619055237791,0.016666666666666607
0.00045237190512379506,0.016666666666666607
0.0004523819047238111,0.0
0.0004523919043238271,0.0
0.00045240190392384306,0.016666666666666607
0.0004524119035238591,0.016666666666666607
0.00045242190312387505,0.016666666666666607
0.0004524319027238911,0.016666666666666607
0.0004524419023239071,0.0
0.00045245190192392306,0.0
0.0004524619015239391,0.016666666666666607
0.00045247190112395505,0.0
0.00045248190072397107,0.0
0.0004524919003239871,0.016666666666666607
0.00045250189992400306,0.016666666666666607
0.0004525118995240191,0.016666666666666607
0.00045252189912403504,0.033333333333333215
0.00045253189872405107,0.016666666666666607
0.0004525418983240671,0.016666666666666607
0.00045255189792408305,0.016666666666666607
0.0004525618975240991,0.0
0.00045257189712411504,0.016666666666666607
0.00045258189672413106,0.0
0.0004525918963241471,0.0
0.00045260189592416305,0.0
0.00045261189552417907,0.0
0.00045262189512419504,0.016666666666666607
0.00045263189472421106,0.016666666666666607
0.0004526418943242271,0.016666666666666607
0.00045265189392424305,0.016666666666666607
0.00045266189352425907,0.0
0.00045267189312427503,0.016666666666666607
0.00045268189272429105,0.0
0.0004526918923243071,0.0
0.00045270189192432304,0.0
0.00045271189152433906,0.016666666666666607
0.00045272189112435503,0.016666666666666607
0.00045273189072437105,0.0
0.00045274189032438707,0.016666666666666607
0.00045275188992440304,0.0
0.00045276188952441906,0.016666666666666607
0.000452771889124435,0.016666666666666607
0.00045278188872445105,0.016666666666666607
0.00045279188832446707,0.016666666666666607
0.00045280188792448303,0.016666666666666607
0.00045281188752449906,0.0
0.000452821887124515,0.016666666666666607
0.00045283188672453104,0.016666666666666607
0.00045284188632454706,0.0
0.00045285188592456303,0.0
0.00045286188552457905,0.016666666666666607
0.000452871885124595,0.016666666666666607
0.00045288188472461104,0.016666666666666607
0.00045289188432462706,0.016666666666666607
0.000452901883924643,0.016666666666666607
0.00045291188352465905,0.016666666666666607
0.000452921883124675,0.016666666666666607
0.00045293188272469104,0.016666666666666607
0.00045294188232470706,0.0
0.000452951881924723,0.0
0.00045296188152473904,0.0
0.000452971881124755,0.0
0.00045298188072477103,0.0
0.00045299188032478705,0.0
0.000453001879924803,0.016666666666666607
0.00045301187952481904,0.0
0.000453021879124835,0.0
0.00045303187872485103,0.016666666666666607
0.00045304187832486705,0.016666666666666607
0.000453051877924883,0.0
0.00045306187752489904,0.016666666666666607
0.000453071877124915,0.0
0.000453081876724931,0.016666666666666607
0.00045309187632494705,0.016666666666666607
0.000453101875924963,0.016666666666666607
0.00045311187552497903,0.0
0.000453121875124995,0.016666666666666607
0.000453131874725011,0.0
0.00045314187432502704,0.016666666666666607
0.000453151873925043,0.0
0.00045316187352505903,0.016666666666666607
0.000453171873125075,0.016666666666666607
0.000453181872725091,0.016666666666666607
0.00045319187232510704,0.016666666666666607
0.000453201871925123,0.016666666666666607
0.000453211871525139,0.0
0.000453221871125155,0.016666666666666607
0.000453231870725171,0.016666666666666607
0.00045324187032518703,0.016666666666666607
0.000453251869925203,0.0
0.000453261869525219,0.0
0.00045327186912523504,0.0
0.000453281868725251,0.0
0.00045329186832526703,0.0
0.000453301867925283,0.016666666666666607
0.000453311867525299,0.0
0.00045332186712531504,0.016666666666666607
0.000453331866725331,0.016666666666666607
0.000453341866325347,0.016666666666666607
0.000453351865925363,0.016666666666666607
0.000453361865525379,0.016666666666666607
0.00045337186512539503,0.0
0.000453381864725411,0.016666666666666607
0.000453391864325427,0.0
0.000453401863925443,0.0
0.000453411863525459,0.0
0.00045342186312547503,0.0
0.000453431862725491,0.016666666666666607
0.000453441862325507,0.0
0.000453451861925523,0.0
0.000453461861525539,0.016666666666666607
0.00045347186112555503,0.0
0.000453481860725571,0.0
0.000453491860325587,0.0
0.000453501859925603,0.0
0.000453511859525619,0.0
0.000453521859125635,0.0
0.000453531858725651,0.016666666666666607
0.000453541858325667,0.016666666666666607
0.000453551857925683,0.016666666666666607
0.000453561857525699,0.016666666666666607
0.000453571857125715,0.016666666666666607
0.000453581856725731,0.016666666666666607
0.000453591856325747,0.016666666666666607
0.000453601855925763,0.0
0.000453611855525779,0.016666666666666607
0.000453621855125795,0.016666666666666607
0.000453631854725811,0.0
0.000453641854325827,0.0
0.00045365185392584297,0.016666666666666607
0.000453661853525859,0.016666666666666607
0.000453671853125875,0.0
0.000453681852725891,0.016666666666666607
0.000453691852325907,0.016666666666666607
0.00045370185192592297,0.0
0.000453711851525939,0.0
0.000453721851125955,0.016666666666666607
0.000453731850725971,0.0
0.000453741850325987,0.016666666666666607
0.00045375184992600296,0.016666666666666607
0.000453761849526019,0.016666666666666607
0.000453771849126035,0.0
0.00045378184872605097,0.0
0.000453791848326067,0.0
0.00045380184792608296,0.0
0.000453811847526099,0.0
0.000453821847126115,0.016666666666666607
0.00045383184672613097,0.016666666666666607
0.000453841846326147,0.016666666666666607
0.00045385184592616296,0.0
0.000453861845526179,0.0
0.000453871845126195,0.016666666666666607
0.00045388184472621096,0.016666666666666607
0.000453891844326227,0.0
0.00045390184392624295,0.0
0.00045391184352625897,0.0
0.000453921843126275,0.0
0.00045393184272629096,0.0
0.000453941842326307,0.0
0.00045395184192632295,0.0
0.00045396184152633897,0.016666666666666607
0.000453971841126355,0.016666666666666607
0.00045398184072637096,0.0
0.000453991840326387,0.016666666666666607
0.00045400183992640294,0.016666666666666607
0.00045401183952641896,0.016666666666666607
0.000454021839126435,0.016666666666666607
0.00045403183872645095,0.016666666666666607
0.000454041838326467,0.016666666666666607
0.00045405183792648294,0.016666666666666607
0.00045406183752649896,0.016666666666666607
0.000454071837126515,0.0
0.00045408183672653095,0.016666666666666607
0.00045409183632654697,0.0
0.00045410183592656294,0.0
0.00045411183552657896,0.016666666666666607
0.000454121835126595,0.016666666666666607
0.00045413183472661094,0.016666666666666607
0.00045414183432662697,0.0
0.00045415183392664293,0.0
0.00045416183352665895,0.0
0.000454171833126675,0.016666666666666607
0.00045418183272669094,0.016666666666666607
0.00045419183232670696,0.016666666666666607
0.000454201831926723,0.016666666666666607
0.00045421183152673895,0.016666666666666607
0.00045422183112675497,0.0
0.00045423183072677094,0.0
0.00045424183032678696,0.016666666666666607
0.000454251829926803,0.016666666666666607
0.00045426182952681895,0.016666666666666607
0.00045427182912683497,0.016666666666666607
0.00045428182872685093,0.016666666666666607
0.00045429182832686695,0.0
0.000454301827926883,0.016666666666666607
0.00045431182752689894,0.016666666666666607
0.00045432182712691496,0.016666666666666607
0.00045433182672693093,0.016666666666666607
0.00045434182632694695,0.016666666666666607
0.00045435182592696297,0.0
0.00045436182552697894,0.0
0.00045437182512699496,0.0
0.0004543818247270109,0.0
0.00045439182432702695,0.0
0.00045440182392704297,0.016666666666666607
0.00045441182352705893,0.016666666666666607
0.00045442182312707496,0.0
0.0004544318227270909,0.0
0.00045444182232710694,0.016666666666666607
0.00045445182192712296,0.0
0.00045446182152713893,0.016666666666666607
0.00045447182112715495,0.0
0.0004544818207271709,0.016666666666666607
0.00045449182032718694,0.0
0.00045450181992720296,0.016666666666666607
0.0004545118195272189,0.016666666666666607
0.00045452181912723495,0.016666666666666607
0.0004545318187272509,0.016666666666666607
0.00045454181832726694,0.016666666666666607
0.00045455181792728296,0.016666666666666607
0.0004545618175272989,0.016666666666666607
0.00045457181712731494,0.0
0.0004545818167273309,0.016666666666666607
0.00045459181632734693,0.016666666666666607
0.00045460181592736295,0.0
0.0004546118155273789,0.0
0.00045462181512739494,0.016666666666666607
0.0004546318147274109,0.016666666666666607
0.00045464181432742693,0.016666666666666607
0.00045465181392744295,0.0
0.0004546618135274589,0.016666666666666607
0.00045467181312747494,0.0
0.0004546818127274909,0.016666666666666607
0.0004546918123275069,0.016666666666666607
0.00045470181192752295,0.016666666666666607
0.0004547118115275389,0.0
0.00045472181112755493,0.016666666666666607
0.0004547318107275709,0.016666666666666607
0.0004547418103275869,0.0
0.00045475180992760294,0.0
0.0004547618095276189,0.016666666666666607
0.00045477180912763493,0.016666666666666607
0.0004547818087276509,0.016666666666666607
0.0004547918083276669,0.016666666666666607
0.00045480180792768294,0.016666666666666607
0.0004548118075276989,0.0
0.0004548218071277149,0.016666666666666607
0.0004548318067277309,0.0
0.0004548418063277469,0.0
0.00045485180592776293,0.0
0.0004548618055277789,0.0
0.0004548718051277949,0.0
0.0004548818047278109,0.0
0.0004548918043278269,0.0
0.00045490180392784293,0.016666666666666607
0.0004549118035278589,0.0
0.0004549218031278749,0.016666666666666607
0.0004549318027278909,0.016666666666666607
0.0004549418023279069,0.016666666666666607
0.0004549518019279229,0.0
0.0004549618015279389,0.016666666666666607
0.0004549718011279549,0.0
0.0004549818007279709,0.016666666666666607
0.0004549918003279869,0.0
0.0004550017999280029,0.016666666666666607
0.0004550117995280189,0.0
0.0004550217991280349,0.016666666666666607
0.0004550317987280509,0.016666666666666607
0.0004550417983280669,0.0
0.0004550517979280829,0.016666666666666607
0.0004550617975280989,0.0
0.0004550717971281149,0.0
0.0004550817967281309,0.016666666666666607
0.0004550917963281469,0.0
0.0004551017959281629,0.016666666666666607
0.0004551117955281789,0.016666666666666607
0.0004551217951281949,0.0
0.0004551317947282109,0.016666666666666607
0.0004551417943282269,0.016666666666666607
0.0004551517939282429,0.016666666666666607
0.0004551617935282589,0.016666666666666607
0.0004551717931282749,0.016666666666666607
0.0004551817927282909,0.016666666666666607
0.0004551917923283069,0.016666666666666607
0.0004552017919283229,0.0
0.0004552117915283389,0.016666666666666607
0.0004552217911283549,0.016666666666666607
0.0004552317907283709,0.0
0.0004552417903283869,0.016666666666666607
0.0004552517899284029,0.016666666666666607
0.00045526178952841887,0.016666666666666607
0.0004552717891284349,0.0
0.0004552817887284509,0.016666666666666607
0.0004552917883284669,0.016666666666666607
0.0004553017879284829,0.016666666666666607
0.00045531178752849887,0.016666666666666607
0.0004553217871285149,0.016666666666666607
0.0004553317867285309,0.016666666666666607
0.0004553417863285469,0.016666666666666607
0.0004553517859285629,0.0
0.00045536178552857886,0.016666666666666607
0.0004553717851285949,0.016666666666666607
0.0004553817847286109,0.016666666666666607
0.00045539178432862687,0.0
0.0004554017839286429,0.016666666666666607
0.00045541178352865886,0.016666666666666607
0.0004554217831286749,0.016666666666666607
0.0004554317827286909,0.0
0.00045544178232870687,0.0
0.0004554517819287229,0.016666666666666607
0.00045546178152873886,0.0
0.0004554717811287549,0.0
0.0004554817807287709,0.0
0.00045549178032878686,0.0
0.0004555017799288029,0.0
0.00045551177952881885,0.0
0.00045552177912883487,0.016666666666666607
0.0004555317787288509,0.016666666666666607
0.00045554177832886686,0.0
0.0004555517779288829,0.0
0.00045556177752889885,0.016666666666666607
0.00045557177712891487,0.016666666666666607
0.0004555817767289309,0.016666666666666607
0.00045559177632894686,0.016666666666666607
0.0004556017759289629,0.016666666666666607
0.00045561177552897884,0.0
0.00045562177512899486,0.016666666666666607
0.0004556317747290109,0.016666666666666607
0.00045564177432902685,0.016666666666666607
0.0004556517739290429,0.0
0.00045566177352905884,0.0
0.00045567177312907486,0.0
0.0004556817727290909,0.016666666666666607
0.00045569177232910685,0.0
0.00045570177192912287,0.0
0.00045571177152913884,0.0
0.00045572177112915486,0.016666666666666607
0.0004557317707291709,0.016666666666666607
0.00045574177032918684,0.0
0.00045575176992920287,0.0
0.00045576176952921883,0.016666666666666607
0.00045577176912923485,0.0
0.0004557817687292509,0.016666666666666607
0.00045579176832926684,0.016666666666666607
0.00045580176792928286,0.0
0.00045581176752929883,0.016666666666666607
0.00045582176712931485,0.016666666666666607
0.00045583176672933087,0.0
0.00045584176632934684,0.016666666666666607
0.00045585176592936286,0.0
0.0004558617655293788,0.0
0.00045587176512939485,0.0
0.00045588176472941087,0.0
0.00045589176432942683,0.0
0.00045590176392944285,0.016666666666666607
0.0004559117635294588,0.0
0.00045592176312947484,0.0
0.00045593176272949086,0.0
0.00045594176232950683,0.016666666666666607
0.00045595176192952285,0.0
0.0004559617615295388,0.0
0.00045597176112955484,0.0
0.00045598176072957086,0.016666666666666607
0.0004559917603295868,0.0
0.00045600175992960285,0.016666666666666607
0.0004560117595296188,0.016666666666666607
0.00045602175912963483,0.016666666666666607
0.00045603175872965086,0.016666666666666607
0.0004560417583296668,0.016666666666666607
0.00045605175792968284,0.016666666666666607
0.00045606175752969886,0.016666666666666607
0.00045607175712971483,0.0
0.00045608175672973085,0.016666666666666607
0.0004560917563297468,0.0
0.00045610175592976284,0.0
0.00045611175552977886,0.0
0.0004561217551297948,0.016666666666666607
0.00045613175472981085,0.016666666666666607
0.0004561417543298268,0.0
0.00045615175392984284,0.016666666666666607
0.00045616175352985886,0.016666666666666607
0.0004561717531298748,0.016666666666666607
0.00045618175272989084,0.016666666666666607
0.0004561917523299068,0.016666666666666607
0.00045620175192992283,0.0
0.00045621175152993885,0.0
0.0004562217511299548,0.0
0.00045623175072997084,0.0
0.0004562417503299868,0.016666666666666607
0.00045625174993000283,0.016666666666666607
0.00045626174953001885,0.016666666666666607
0.0004562717491300348,0.0
0.00045628174873005084,0.016666666666666607
0.0004562917483300668,0.0
0.0004563017479300828,0.016666666666666607
0.00045631174753009885,0.016666666666666607
0.0004563217471301148,0.016666666666666607
0.00045633174673013083,0.0
0.0004563417463301468,0.0
0.0004563517459301628,0.0
0.00045636174553017884,0.0
0.0004563717451301948,0.0
0.00045638174473021083,0.0
0.0004563917443302268,0.0
0.0004564017439302428,0.016666666666666607
0.00045641174353025884,0.0
0.0004564217431302748,0.016666666666666607
0.0004564317427302908,0.016666666666666607
0.0004564417423303068,0.0
0.0004564517419303228,0.016666666666666607
0.00045646174153033883,0.0
0.0004564717411303548,0.0
0.0004564817407303708,0.016666666666666607
0.0004564917403303868,0.016666666666666607
0.0004565017399304028,0.016666666666666607
0.00045651173953041883,0.0
0.0004565217391304348,0.016666666666666607
0.0004565317387304508,0.0
0.0004565417383304668,0.016666666666666607
0.0004565517379304828,0.0
0.0004565617375304988,0.016666666666666607
0.0004565717371305148,0.016666666666666607
0.0004565817367305308,0.016666666666666607
0.0004565917363305468,0.0
0.0004566017359305628,0.0
0.0004566117355305788,0.0
0.0004566217351305948,0.0
0.0004566317347306108,0.0
0.0004566417343306268,0.016666666666666607
0.0004566517339306428,0.0
0.0004566617335306588,0.0
0.0004566717331306748,0.0
0.0004566817327306908,0.016666666666666607
0.0004566917323307068,0.016666666666666607
0.0004567017319307228,0.016666666666666607
0.0004567117315307388,0.016666666666666607
0.0004567217311307548,0.016666666666666607
0.0004567317307307708,0.0
0.00045674173033078677,0.016666666666666607
0.0004567517299308028,0.0
0.0004567617295308188,0.016666666666666607
0.0004567717291308348,0.0
0.0004567817287308508,0.0
0.00045679172833086677,0.0
0.0004568017279308828,0.0
0.0004568117275308988,0.0
0.0004568217271309148,0.0
0.0004568317267309308,0.0
0.00045684172633094676,0.016666666666666607
0.0004568517259309628,0.016666666666666607
0.0004568617255309788,0.0
0.00045687172513099477,0.0
0.0004568817247310108,0.016666666666666607
0.00045689172433102676,0.016666666666666607
0.0004569017239310428,0.0
0.0004569117235310588,0.016666666666666607
0.00045692172313107477,0.0
0.0004569317227310908,0.0
0.00045694172233110675,0.0
0.0004569517219311228,0.0
0.0004569617215311388,0.0
0.00045697172113115476,0.0
0.0004569817207311708,0.0
0.0004569917203311868,0.016666666666666607
0.00045700171993120277,0.0
0.0004570117195312188,0.016666666666666607
0.00045702171913123476,0.016666666666666607
0.0004570317187312508,0.0
0.0004570417183312668,0.016666666666666607
0.00045705171793128277,0.0
0.0004570617175312988,0.0
0.00045707171713131476,0.016666666666666607
0.0004570817167313308,0.016666666666666607
0.0004570917163313468,0.016666666666666607
0.00045710171593136276,0.0
0.0004571117155313788,0.0
0.00045712171513139475,0.016666666666666607
0.00045713171473141077,0.016666666666666607
0.0004571417143314268,0.016666666666666607
0.00045715171393144276,0.0
0.0004571617135314588,0.016666666666666607
0.00045717171313147475,0.0
0.00045718171273149077,0.0
0.0004571917123315068,0.0
0.00045720171193152276,0.0
0.0004572117115315388,0.016666666666666607
0.00045722171113155474,0.016666666666666607
0.00045723171073157076,0.016666666666666607
0.0004572417103315868,0.0
0.00045725170993160275,0.0
0.0004572617095316188,0.016666666666666607
0.00045727170913163474,0.0
0.00045728170873165076,0.0
0.0004572917083316668,0.0
0.00045730170793168275,0.0
0.00045731170753169877,0.016666666666666607
0.00045732170713171474,0.0
0.00045733170673173076,0.0
0.0004573417063317468,0.016666666666666607
0.00045735170593176274,0.016666666666666607
0.00045736170553177877,0.016666666666666607
0.00045737170513179473,0.016666666666666607
0.00045738170473181075,0.0
0.0004573917043318268,0.0
0.00045740170393184274,0.0
0.00045741170353185876,0.0
0.00045742170313187473,0.016666666666666607
0.00045743170273189075,0.016666666666666607
0.00045744170233190677,0.016666666666666607
0.00045745170193192274,0.0
0.00045746170153193876,0.0
0.0004574717011319547,0.0
0.00045748170073197075,0.0
0.00045749170033198677,0.016666666666666607
0.00045750169993200273,0.0
0.00045751169953201875,0.0
0.0004575216991320347,0.0
0.00045753169873205074,0.0
0.00045754169833206676,0.0
0.00045755169793208273,0.016666666666666607
0.00045756169753209875,0.0
0.0004575716971321147,0.016666666666666607
0.00045758169673213074,0.016666666666666607
0.00045759169633214676,0.016666666666666607
0.0004576016959321627,0.0
0.00045761169553217875,0.016666666666666607
0.0004576216951321947,0.016666666666666607
0.00045763169473221073,0.016666666666666607
0.00045764169433222676,0.016666666666666607
0.0004576516939322427,0.016666666666666607
0.00045766169353225874,0.0
0.0004576716931322747,0.016666666666666607
0.00045768169273229073,0.0
0.00045769169233230675,0.0
0.0004577016919323227,0.0
0.00045771169153233874,0.0
0.0004577216911323547,0.0
0.0004577316907323707,0.0
0.00045774169033238675,0.016666666666666607
0.0004577516899324027,0.0
0.00045776168953241874,0.016666666666666607
0.0004577716891324347,0.0
0.0004577816887324507,0.016666666666666607
0.00045779168833246674,0.0
0.0004578016879324827,0.016666666666666607
0.00045781168753249873,0.016666666666666607
0.0004578216871325147,0.0
0.0004578316867325307,0.016666666666666607
0.00045784168633254674,0.016666666666666607
0.0004578516859325627,0.0
0.00045786168553257873,0.0
0.0004578716851325947,0.0
0.0004578816847326107,0.016666666666666607
0.00045789168433262674,0.0
0.0004579016839326427,0.0
0.0004579116835326587,0.0
0.00045792168313267475,0.0
0.0004579316827326907,0.0
0.00045794168233270673,0.0
0.0004579516819327227,0.016666666666666607
0.0004579616815327387,0.0
0.00045797168113275474,0.0
0.0004579816807327707,0.016666666666666607
0.00045799168033278673,0.0
0.0004580016799328027,0.016666666666666607
0.0004580116795328187,0.0
0.00045802167913283474,0.016666666666666607
0.0004580316787328507,0.016666666666666607
0.0004580416783328667,0.016666666666666607
0.0004580516779328827,0.016666666666666607
0.0004580616775328987,0.016666666666666607
0.00045807167713291473,0.016666666666666607
0.0004580816767329307,0.0
0.0004580916763329467,0.0
0.0004581016759329627,0.016666666666666607
0.0004581116755329787,0.016666666666666607
0.00045812167513299473,0.0
0.0004581316747330107,0.0
0.0004581416743330267,0.0
0.0004581516739330427,0.0
0.0004581616735330587,0.0
0.0004581716731330747,0.0
0.0004581816727330907,0.016666666666666607
0.0004581916723331067,0.0
0.0004582016719331227,0.0
0.0004582116715331387,0.0
0.0004582216711331547,0.0
0.0004582316707331707,0.016666666666666607
0.0004582416703331867,0.016666666666666607
0.0004582516699332027,0.016666666666666607
0.0004582616695332187,0.016666666666666607
0.0004582716691332347,0.0
0.0004582816687332507,0.0
0.0004582916683332667,0.016666666666666607
0.0004583016679332827,0.016666666666666607
0.0004583116675332987,0.016666666666666607
0.0004583216671333147,0.016666666666666607
0.0004583316667333307,0.016666666666666607
0.0004583416663333467,0.0
0.00045835166593336267,0.0
0.0004583616655333787,0.0
0.0004583716651333947,0.0
0.0004583816647334107,0.0
0.0004583916643334267,0.0
0.00045840166393344267,0.016666666666666607
0.0004584116635334587,0.0
0.0004584216631334747,0.016666666666666607
0.0004584316627334907,0.0
0.0004584416623335067,0.0
0.00045845166193352266,0.0
0.0004584616615335387,0.016666666666666607
0.0004584716611335547,0.016666666666666607
0.00045848166073357067,0.016666666666666607
0.0004584916603335867,0.016666666666666607
0.00045850165993360266,0.0
0.0004585116595336187,0.016666666666666607
0.0004585216591336347,0.016666666666666607
0.00045853165873365067,0.016666666666666607
0.0004585416583336667,0.016666666666666607
0.00045855165793368265,0.016666666666666607
0.0004585616575336987,0.016666666666666607
0.0004585716571337147,0.016666666666666607
0.00045858165673373066,0.0
0.0004585916563337467,0.0
0.00045860165593376265,0.016666666666666607
0.00045861165553377867,0.016666666666666607
0.0004586216551337947,0.0
0.00045863165473381066,0.0
0.0004586416543338267,0.016666666666666607
0.00045865165393384265,0.0
0.00045866165353385867,0.016666666666666607
0.0004586716531338747,0.0
0.00045868165273389066,0.016666666666666607
0.0004586916523339067,0.0
0.00045870165193392264,0.016666666666666607
0.00045871165153393866,0.0
0.0004587216511339547,0.0
0.00045873165073397065,0.0
0.00045874165033398667,0.016666666666666607
0.00045875164993400264,0.016666666666666607
0.00045876164953401866,0.016666666666666607
0.0004587716491340347,0.0
0.00045878164873405065,0.016666666666666607
0.00045879164833406667,0.0
0.00045880164793408264,0.0
0.00045881164753409866,0.0
0.0004588216471341147,0.016666666666666607
0.00045883164673413064,0.0
0.00045884164633414666,0.0
0.0004588516459341627,0.0
0.00045886164553417865,0.0
0.0004588716451341947,0.0
0.00045888164473421064,0.016666666666666607
0.00045889164433422666,0.0
0.0004589016439342427,0.016666666666666607
0.00045891164353425865,0.0
0.00045892164313427467,0.016666666666666607
0.00045893164273429064,0.0
0.00045894164233430666,0.016666666666666607
0.0004589516419343227,0.016666666666666607
0.00045896164153433864,0.016666666666666607
0.00045897164113435467,0.016666666666666607
0.00045898164073437063,0.016666666666666607
0.00045899164033438665,0.016666666666666607
0.0004590016399344027,0.016666666666666607
0.00045901163953441864,0.016666666666666607
0.00045902163913443466,0.016666666666666607
0.00045903163873445063,0.0
0.00045904163833446665,0.0
0.00045905163793448267,0.0
0.00045906163753449864,0.0
0.00045907163713451466,0.016666666666666607
0.0004590816367345306,0.0
0.00045909163633454665,0.0
0.00045910163593456267,0.0
0.00045911163553457863,0.0
0.00045912163513459465,0.016666666666666607
0.0004591316347346106,0.016666666666666607
0.00045914163433462664,0.016666666666666607
0.00045915163393464266,0.0
0.00045916163353465863,0.016666666666666607
0.00045917163313467465,0.0
0.0004591816327346906,0.0
0.00045919163233470664,0.0
0.00045920163193472266,0.0
0.0004592116315347386,0.0
0.00045922163113475465,0.0
0.0004592316307347706,0.0
0.00045924163033478663,0.016666666666666607
0.00045925162993480266,0.0
0.0004592616295348186,0.016666666666666607
0.00045927162913483464,0.016666666666666607
0.0004592816287348506,0.016666666666666607
0.00045929162833486663,0.016666666666666607
0.00045930162793488265,0.016666666666666607
0.0004593116275348986,0.016666666666666607
0.00045932162713491464,0.0
0.0004593316267349306,0.016666666666666607
0.00045934162633494663,0.016666666666666607
0.00045935162593496265,0.0
0.0004593616255349786,0.0
0.00045937162513499464,0.016666666666666607
0.0004593816247350106,0.016666666666666607
0.0004593916243350266,0.0
0.00045940162393504264,0.016666666666666607
0.0004594116235350586,0.016666666666666607
0.00045942162313507463,0.0
0.0004594316227350906,0.0
0.0004594416223351066,0.0
0.00045945162193512264,0.016666666666666607
0.0004594616215351386,0.0
0.00045947162113515463,0.0
0.0004594816207351706,0.016666666666666607
0.0004594916203351866,0.0
0.00045950161993520264,0.0
0.0004595116195352186,0.0
0.0004595216191352346,0.016666666666666607
0.0004595316187352506,0.016666666666666607
0.0004595416183352666,0.0
0.00045955161793528263,0.016666666666666607
0.0004595616175352986,0.016666666666666607
0.0004595716171353146,0.0
0.0004595816167353306,0.016666666666666607
0.0004595916163353466,0.0
0.00045960161593536263,0.0
0.0004596116155353786,0.016666666666666607
0.0004596216151353946,0.0
0.0004596316147354106,0.0
0.0004596416143354266,0.0
0.0004596516139354426,0.016666666666666607
0.0004596616135354586,0.016666666666666607
0.0004596716131354746,0.0
0.0004596816127354906,0.0
0.0004596916123355066,0.016666666666666607
0.0004597016119355226,0.0
0.0004597116115355386,0.016666666666666607
0.0004597216111355546,0.016666666666666607
0.0004597316107355706,0.016666666666666607
0.0004597416103355866,0.016666666666666607
0.0004597516099356026,0.0
0.0004597616095356186,0.016666666666666607
0.0004597716091356346,0.0
0.0004597816087356506,0.016666666666666607
0.0004597916083356666,0.0
0.0004598016079356826,0.016666666666666607
0.0004598116075356986,0.0
0.0004598216071357146,0.016666666666666607
0.0004598316067357306,0.0
0.0004598416063357466,0.016666666666666607
0.0004598516059357626,0.0
0.0004598616055357786,0.016666666666666607
0.0004598716051357946,0.016666666666666607
0.0004598816047358106,0.0
0.0004598916043358266,0.0
0.0004599016039358426,0.016666666666666607
0.0004599116035358586,0.016666666666666607
0.0004599216031358746,0.0
0.0004599316027358906,0.016666666666666607
0.0004599416023359066,0.016666666666666607
0.0004599516019359226,0.0
0.00045996160153593857,0.016666666666666607
0.0004599716011359546,0.016666666666666607
0.0004599816007359706,0.016666666666666607
0.0004599916003359866,0.0
0.0004600015999360026,0.016666666666666607
0.00046001159953601857,0.0
0.0004600215991360346,0.0
0.0004600315987360506,0.016666666666666607
0.0004600415983360666,0.0
0.0004600515979360826,0.0
0.00046006159753609856,0.0
0.0004600715971361146,0.0
0.0004600815967361306,0.016666666666666607
0.00046009159633614657,0.016666666666666607
0.0004601015959361626,0.016666666666666607
0.00046011159553617856,0.0
0.0004601215951361946,0.0
0.0004601315947362106,0.016666666666666607
0.00046014159433622657,0.0
0.0004601515939362426,0.016666666666666607
0.00046016159353625855,0.016666666666666607
0.0004601715931362746,0.016666666666666607
0.0004601815927362906,0.0
0.00046019159233630656,0.0
0.0004602015919363226,0.016666666666666607
0.00046021159153633855,0.016666666666666607
0.00046022159113635457,0.016666666666666607
0.0004602315907363706,0.0
0.00046024159033638656,0.016666666666666607
0.0004602515899364026,0.0
0.00046026158953641855,0.0
0.00046027158913643457,0.0
0.0004602815887364506,0.016666666666666607
0.00046029158833646656,0.016666666666666607
0.0004603015879364826,0.016666666666666607
0.00046031158753649854,0.0
0.00046032158713651456,0.016666666666666607
0.0004603315867365306,0.0
0.00046034158633654655,0.016666666666666607
0.00046035158593656257,0.016666666666666607
0.00046036158553657854,0.0
0.00046037158513659456,0.0
0.0004603815847366106,0.0
0.00046039158433662655,0.016666666666666607
0.00046040158393664257,0.016666666666666607
0.00046041158353665854,0.0
0.00046042158313667456,0.0
0.0004604315827366906,0.016666666666666607
0.00046044158233670654,0.0
0.00046045158193672256,0.016666666666666607
0.00046046158153673853,0.0
0.00046047158113675455,0.0
0.0004604815807367706,0.016666666666666607
0.00046049158033678654,0.0
0.00046050157993680256,0.0
0.00046051157953681853,0.016666666666666607
0.00046052157913683455,0.016666666666666607
0.00046053157873685057,0.016666666666666607
0.00046054157833686654,0.016666666666666607
0.00046055157793688256,0.0
0.0004605615775368985,0.0
0.00046057157713691455,0.0
0.00046058157673693057,0.0
0.00046059157633694653,0.0
0.00046060157593696255,0.0
0.0004606115755369785,0.0
0.00046062157513699454,0.016666666666666607
0.00046063157473701056,0.0
0.00046064157433702653,0.016666666666666607
0.00046065157393704255,0.0
0.0004606615735370585,0.016666666666666607
0.00046067157313707454,0.016666666666666607
0.00046068157273709056,0.016666666666666607
0.0004606915723371065,0.016666666666666607
0.00046070157193712255,0.016666666666666607
0.00046071157153713857,0.0
0.00046072157113715453,0.016666666666666607
0.00046073157073717055,0.0
0.0004607415703371865,0.016666666666666607
0.00046075156993720254,0.0
0.00046076156953721856,0.0
0.00046077156913723453,0.0
0.00046078156873725055,0.016666666666666607
0.0004607915683372665,0.0
0.00046080156793728254,0.016666666666666607
0.00046081156753729856,0.016666666666666607
0.0004608215671373145,0.016666666666666607
0.00046083156673733055,0.0
0.0004608415663373465,0.016666666666666607
0.00046085156593736253,0.016666666666666607
0.00046086156553737856,0.016666666666666607
0.0004608715651373945,0.0
0.00046088156473741054,0.0
0.0004608915643374265,0.016666666666666607
0.00046090156393744253,0.0
0.00046091156353745855,0.016666666666666607
0.0004609215631374745,0.016666666666666607
0.00046093156273749054,0.0
0.0004609415623375065,0.0
0.00046095156193752253,0.016666666666666607
0.00046096156153753855,0.016666666666666607
0.0004609715611375545,0.0
0.00046098156073757054,0.016666666666666607
0.0004609915603375865,0.0
0.0004610015599376025,0.0
0.00046101155953761854,0.0
0.0004610215591376345,0.016666666666666607
0.00046103155873765053,0.0
0.0004610415583376665,0.016666666666666607
0.0004610515579376825,0.0
0.00046106155753769854,0.0
0.0004610715571377145,0.0
0.00046108155673773053,0.0
0.0004610915563377465,0.0
0.0004611015559377625,0.016666666666666607
0.00046111155553777854,0.016666666666666607
0.0004611215551377945,0.0
0.0004611315547378105,0.0
0.0004611415543378265,0.016666666666666607
0.0004611515539378425,0.0
0.00046116155353785853,0.0
0.0004611715531378745,0.0
0.0004611815527378905,0.016666666666666607
0.0004611915523379065,0.016666666666666607
0.0004612015519379225,0.016666666666666607
0.00046121155153793853,0.0
0.0004612215511379545,0.016666666666666607
0.0004612315507379705,0.0
0.0004612415503379865,0.016666666666666607
0.0004612515499380025,0.016666666666666607
0.0004612615495380185,0.0
0.0004612715491380345,0.0
0.0004612815487380505,0.016666666666666607
0.0004612915483380665,0.0
0.0004613015479380825,0.0
0.0004613115475380985,0.0
0.0004613215471381145,0.016666666666666607
0.0004613315467381305,0.016666666666666607
0.0004613415463381465,0.016666666666666607
0.0004613515459381625,0.0
0.0004613615455381785,0.016666666666666607
0.0004613715451381945,0.016666666666666607
0.0004613815447382105,0.016666666666666607
0.00046139154433822647,0.0
0.0004614015439382425,0.0
0.0004614115435382585,0.016666666666666607
0.0004614215431382745,0.0
0.0004614315427382905,0.0
0.00046144154233830647,0.016666666666666607
0.0004614515419383225,0.0
0.0004614615415383385,0.016666666666666607
0.0004614715411383545,0.0
0.0004614815407383705,0.016666666666666607
0.00046149154033838646,0.016666666666666607
0.0004615015399384025,0.016666666666666607
0.0004615115395384185,0.016666666666666607
0.0004615215391384345,0.016666666666666607
0.0004615315387384505,0.0
0.00046154153833846646,0.0
0.0004615515379384825,0.016666666666666607
0.0004615615375384985,0.016666666666666607
0.00046157153713851447,0.016666666666666607
0.0004615815367385305,0.016666666666666607
0.00046159153633854646,0.016666666666666607
0.0004616015359385625,0.0
0.0004616115355385785,0.0
0.00046162153513859447,0.0
0.0004616315347386105,0.0
0.0004616415343386265,0.0
0.0004616515339386425,0.0
0.0004616615335386585,0.0
0.00046167153313867446,0.0
0.0004616815327386905,0.016666666666666607
0.0004616915323387065,0.016666666666666607
0.00046170153193872247,0.016666666666666607
0.0004617115315387385,0.0
0.00046172153113875446,0.016666666666666607
0.0004617315307387705,0.0
0.0004617415303387865,0.0
0.00046175152993880247,0.0
0.0004617615295388185,0.016666666666666607
0.00046177152913883445,0.016666666666666607
0.0004617815287388505,0.016666666666666607
0.0004617915283388665,0.0
0.00046180152793888246,0.0
0.0004618115275388985,0.0
0.00046182152713891445,0.016666666666666607
0.00046183152673893047,0.016666666666666607
0.0004618415263389465,0.016666666666666607
0.00046185152593896246,0.0
0.0004618615255389785,0.0
0.00046187152513899445,0.0
0.00046188152473901047,0.016666666666666607
0.0004618915243390265,0.0
0.00046190152393904246,0.016666666666666607
0.0004619115235390585,0.016666666666666607
0.00046192152313907444,0.016666666666666607
0.00046193152273909046,0.0
0.0004619415223391065,0.0
0.00046195152193912245,0.0
0.00046196152153913847,0.016666666666666607
0.00046197152113915444,0.016666666666666607
0.00046198152073917046,0.016666666666666607
0.0004619915203391865,0.016666666666666607
0.00046200151993920245,0.016666666666666607
0.00046201151953921847,0.0
0.00046202151913923444,0.0
0.00046203151873925046,0.0
0.0004620415183392665,0.0
0.00046205151793928244,0.0
0.00046206151753929846,0.0
0.00046207151713931443,0.0
0.00046208151673933045,0.016666666666666607
0.0004620915163393465,0.016666666666666607
0.00046210151593936244,0.016666666666666607
0.00046211151553937846,0.016666666666666607
0.00046212151513939443,0.016666666666666607
0.00046213151473941045,0.016666666666666607
0.00046214151433942647,0.016666666666666607
0.00046215151393944244,0.016666666666666607
0.00046216151353945846,0.016666666666666607
0.0004621715131394744,0.0
0.00046218151273949045,0.016666666666666607
0.00046219151233950647,0.0
0.00046220151193952243,0.016666666666666607
0.00046221151153953845,0.016666666666666607
0.0004622215111395544,0.0
0.00046223151073957044,0.016666666666666607
0.00046224151033958646,0.0
0.00046225150993960243,0.016666666666666607
0.00046226150953961845,0.016666666666666607
0.0004622715091396344,0.016666666666666607
0.00046228150873965044,0.016666666666666607
0.00046229150833966646,0.0
0.0004623015079396824,0.016666666666666607
0.00046231150753969845,0.0
0.0004623215071397144,0.0
0.00046233150673973043,0.0
0.00046234150633974645,0.0
0.0004623515059397624,0.0
0.00046236150553977844,0.0
0.0004623715051397944,0.0
0.00046238150473981043,0.016666666666666607
0.00046239150433982645,0.016666666666666607
0.0004624015039398424,0.016666666666666607
0.00046241150353985844,0.0
0.0004624215031398744,0.0
0.0004624315027398904,0.016666666666666607
0.00046244150233990645,0.016666666666666607
0.0004624515019399224,0.016666666666666607
0.00046246150153993843,0.016666666666666607
0.0004624715011399544,0.033333333333333215
0.0004624815007399704,0.016666666666666607
0.00046249150033998644,0.016666666666666607
0.0004625014999400024,0.016666666666666607
0.00046251149954001843,0.0
0.0004625214991400344,0.016666666666666607
0.0004625314987400504,0.016666666666666607
0.00046254149834006644,0.0
0.0004625514979400824,0.0
0.00046256149754009843,0.0
0.00046257149714011445,0.016666666666666607
0.0004625814967401304,0.0
0.00046259149634014644,0.0
0.0004626014959401624,0.0
0.0004626114955401784,0.016666666666666607
0.00046262149514019444,0.0
0.0004626314947402104,0.0
0.00046264149434022643,0.016666666666666607
0.0004626514939402424,0.0
0.0004626614935402584,0.016666666666666607
0.00046267149314027444,0.016666666666666607
0.0004626814927402904,0.016666666666666607
0.00046269149234030643,0.016666666666666607
0.0004627014919403224,0.016666666666666607
0.0004627114915403384,0.016666666666666607
0.00046272149114035444,0.016666666666666607
0.0004627314907403704,0.016666666666666607
0.0004627414903403864,0.016666666666666607
0.0004627514899404024,0.016666666666666607
0.0004627614895404184,0.0
0.00046277148914043443,0.016666666666666607
0.0004627814887404504,0.0
0.0004627914883404664,0.0
0.0004628014879404824,0.016666666666666607
0.0004628114875404984,0.0
0.00046282148714051443,0.0
0.0004628314867405304,0.0
0.0004628414863405464,0.016666666666666607
0.0004628514859405624,0.0
0.0004628614855405784,0.016666666666666607
0.0004628714851405944,0.0
0.0004628814847406104,0.016666666666666607
0.0004628914843406264,0.0
0.0004629014839406424,0.0
0.0004629114835406584,0.0
0.0004629214831406744,0.016666666666666607
0.0004629314827406904,0.016666666666666607
0.0004629414823407064,0.016666666666666607
0.0004629514819407224,0.016666666666666607
0.0004629614815407384,0.016666666666666607
0.0004629714811407544,0.016666666666666607
0.0004629814807407704,0.033333333333333215
0.0004629914803407864,0.016666666666666607
0.00046300147994080237,0.016666666666666607
0.0004630114795408184,0.016666666666666607
0.0004630214791408344,0.0
0.0004630314787408504,0.0
0.0004630414783408664,0.0
0.00046305147794088237,0.0
0.0004630614775408984,0.0
0.0004630714771409144,-0.016666666666666607
0.0004630814767409304,0.0
0.0004630914763409464,0.0
0.00046310147594096236,0.016666666666666607
0.0004631114755409784,0.016666666666666607
0.0004631214751409944,0.016666666666666607
0.0004631314747410104,0.016666666666666607
0.0004631414743410264,0.016666666666666607
0.00046315147394104236,0.016666666666666607
0.0004631614735410584,0.016666666666666607
0.0004631714731410744,0.016666666666666607
0.00046318147274109037,0.016666666666666607
0.0004631914723411064,0.016666666666666607
0.00046320147194112236,0.016666666666666607
0.0004632114715411384,0.016666666666666607
0.0004632214711411544,0.016666666666666607
0.00046323147074117037,0.0
0.0004632414703411864,0.016666666666666607
0.00046325146994120235,0.016666666666666607
0.0004632614695412184,0.016666666666666607
0.0004632714691412344,0.0
0.00046328146874125036,0.016666666666666607
0.0004632914683412664,0.016666666666666607
0.00046330146794128235,0.0
0.00046331146754129837,0.0
0.0004633214671413144,0.016666666666666607
0.00046333146674133036,0.016666666666666607
0.0004633414663413464,0.016666666666666607
0.00046335146594136235,0.0
0.00046336146554137837,0.0
0.0004633714651413944,0.016666666666666607
0.00046338146474141035,0.0
0.0004633914643414264,0.0
0.00046340146394144234,0.016666666666666607
0.00046341146354145836,0.016666666666666607
0.0004634214631414744,0.016666666666666607
0.00046343146274149035,0.0
0.00046344146234150637,0.016666666666666607
0.00046345146194152234,0.0
0.00046346146154153836,0.0
0.0004634714611415544,0.016666666666666607
0.00046348146074157035,0.016666666666666607
0.00046349146034158637,0.016666666666666607
0.0004635014599416024,0.016666666666666607
0.00046351145954161836,0.0
0.0004635214591416344,0.016666666666666607
0.00046353145874165034,0.016666666666666607
0.00046354145834166636,0.0
0.0004635514579416824,0.016666666666666607
0.00046356145754169835,0.0
0.00046357145714171437,0.0
0.00046358145674173034,0.0
0.00046359145634174636,0.0
0.0004636014559417624,0.0
0.00046361145554177835,0.016666666666666607
0.00046362145514179437,0.016666666666666607
0.00046363145474181034,0.016666666666666607
0.00046364145434182636,0.016666666666666607
0.0004636514539418424,0.016666666666666607
0.00046366145354185834,0.016666666666666607
0.00046367145314187437,0.0
0.00046368145274189033,0.016666666666666607
0.00046369145234190635,0.016666666666666607
0.0004637014519419224,0.016666666666666607
0.00046371145154193834,0.0
0.00046372145114195436,0.0
0.00046373145074197033,0.016666666666666607
0.00046374145034198635,0.0
0.00046375144994200237,0.0
0.00046376144954201834,0.016666666666666607
0.00046377144914203436,0.016666666666666607
0.0004637814487420503,0.016666666666666607
0.00046379144834206635,0.016666666666666607
0.00046380144794208237,0.0
0.00046381144754209833,0.016666666666666607
0.00046382144714211435,0.016666666666666607
0.0004638314467421303,0.0
0.00046384144634214634,0.016666666666666607
0.00046385144594216236,0.016666666666666607
0.00046386144554217833,0.016666666666666607
0.00046387144514219435,0.016666666666666607
0.0004638814447422103,0.016666666666666607
0.00046389144434222634,0.016666666666666607
0.00046390144394224236,0.016666666666666607
0.0004639114435422583,0.016666666666666607
0.00046392144314227435,0.0
0.0004639314427422903,0.0
0.00046394144234230633,0.016666666666666607
0.00046395144194232235,0.0
0.0004639614415423383,0.0
0.00046397144114235434,0.0
0.0004639814407423703,0.016666666666666607
0.00046399144034238633,0.016666666666666607
0.00046400143994240235,0.016666666666666607
0.0004640114395424183,0.016666666666666607
0.00046402143914243434,0.016666666666666607
0.0004640314387424503,0.016666666666666607
0.0004640414383424663,0.0
0.00046405143794248235,0.016666666666666607
0.0004640614375424983,0.016666666666666607
0.00046407143714251433,0.016666666666666607
0.0004640814367425303,0.016666666666666607
0.0004640914363425463,0.0
0.00046410143594256234,0.016666666666666607
0.0004641114355425783,0.0
0.00046412143514259433,0.016666666666666607
0.0004641314347426103,0.016666666666666607
0.0004641414343426263,0.016666666666666607
0.00046415143394264234,0.016666666666666607
0.0004641614335426583,0.016666666666666607
0.00046417143314267433,0.0
0.0004641814327426903,0.0
0.0004641914323427063,0.0
0.00046420143194272234,0.0
0.0004642114315427383,0.0
0.0004642214311427543,0.016666666666666607
0.0004642314307427703,0.0
0.0004642414303427863,0.016666666666666607
0.00046425142994280233,0.016666666666666607
0.0004642614295428183,0.016666666666666607
0.0004642714291428343,0.016666666666666607
0.0004642814287428503,0.016666666666666607
0.0004642914283428663,0.016666666666666607
0.00046430142794288233,0.016666666666666607
0.0004643114275428983,0.0
0.0004643214271429143,0.0
0.0004643314267429303,0.0
0.0004643414263429463,0.016666666666666607
0.0004643514259429623,0.0
0.0004643614255429783,0.016666666666666607
0.0004643714251429943,0.016666666666666607
0.0004643814247430103,0.016666666666666607
0.0004643914243430263,0.016666666666666607
0.0004644014239430423,0.016666666666666607
0.0004644114235430583,0.0
0.0004644214231430743,0.016666666666666607
0.00046443142274309033,0.016666666666666607
0.0004644414223431063,0.016666666666666607
0.0004644514219431223,0.016666666666666607
0.0004644614215431383,0.016666666666666607
0.0004644714211431543,0.016666666666666607
0.0004644814207431703,0.0
0.0004644914203431863,0.0
0.0004645014199432023,0.016666666666666607
0.0004645114195432183,0.016666666666666607
0.0004645214191432343,0.016666666666666607
0.0004645314187432503,0.016666666666666607
0.0004645414183432663,0.016666666666666607
0.0004645514179432823,0.016666666666666607
0.0004645614175432983,0.0
0.0004645714171433143,0.0
0.0004645814167433303,0.0
0.0004645914163433463,0.016666666666666607
0.0004646014159433623,0.016666666666666607
0.00046461141554337827,0.016666666666666607
0.0004646214151433943,0.016666666666666607
0.0004646314147434103,0.0
0.0004646414143434263,0.016666666666666607
0.0004646514139434423,0.016666666666666607
0.00046466141354345827,0.0
0.0004646714131434743,0.0
0.0004646814127434903,0.0
0.0004646914123435063,0.016666666666666607
0.0004647014119435223,0.016666666666666607
0.00046471141154353826,0.0
0.0004647214111435543,0.016666666666666607
0.0004647314107435703,0.016666666666666607
0.0004647414103435863,0.016666666666666607
0.0004647514099436023,0.0
0.00046476140954361826,0.016666666666666607
0.0004647714091436343,0.016666666666666607
0.0004647814087436503,0.016666666666666607
0.00046479140834366627,0.016666666666666607
0.0004648014079436823,0.0
0.00046481140754369826,0.016666666666666607
0.0004648214071437143,0.016666666666666607
0.0004648314067437303,0.0
0.00046484140634374627,0.016666666666666607
0.0004648514059437623,0.016666666666666607
0.00046486140554377825,0.0
0.0004648714051437943,0.016666666666666607
0.0004648814047438103,0.016666666666666607
0.00046489140434382626,0.016666666666666607
0.0004649014039438423,0.016666666666666607
0.00046491140354385825,0.0
0.00046492140314387427,0.016666666666666607
0.0004649314027438903,0.016666666666666607
0.00046494140234390626,0.016666666666666607
0.0004649514019439223,0.016666666666666607
0.00046496140154393825,0.016666666666666607
0.00046497140114395427,0.016666666666666607
0.0004649814007439703,0.016666666666666607
0.00046499140034398625,0.0
0.0004650013999440023,0.016666666666666607
0.00046501139954401824,0.0
0.00046502139914403426,0.016666666666666607
0.0004650313987440503,0.016666666666666607
0.00046504139834406625,0.016666666666666607
0.00046505139794408227,0.016666666666666607
0.00046506139754409824,0.0
0.00046507139714411426,0.016666666666666607
0.0004650813967441303,0.016666666666666607
0.00046509139634414625,0.016666666666666607
0.00046510139594416227,0.0
0.00046511139554417823,0.016666666666666607
0.00046512139514419426,0.016666666666666607
0.0004651313947442103,0.0
0.00046514139434422624,0.016666666666666607
0.00046515139394424226,0.016666666666666607
0.00046516139354425823,0.016666666666666607
0.00046517139314427425,0.016666666666666607
0.00046518139274429027,0.0
0.00046519139234430624,0.0
0.00046520139194432226,0.016666666666666607
0.0004652113915443382,0.0
0.00046522139114435425,0.016666666666666607
0.00046523139074437027,0.0
0.00046524139034438624,0.016666666666666607
0.00046525138994440226,0.016666666666666607
0.0004652613895444182,0.0
0.00046527138914443424,0.016666666666666607
0.00046528138874445027,0.016666666666666607
0.00046529138834446623,0.016666666666666607
0.00046530138794448225,0.0
0.0004653113875444982,0.016666666666666607
0.00046532138714451424,0.016666666666666607
0.00046533138674453026,0.016666666666666607
0.00046534138634454623,0.016666666666666607
0.00046535138594456225,0.016666666666666607
0.0004653613855445782,0.016666666666666607
0.00046537138514459424,0.016666666666666607
0.00046538138474461026,0.016666666666666607
0.0004653913843446262,0.016666666666666607
0.00046540138394464225,0.016666666666666607
0.00046541138354465827,0.016666666666666607
0.00046542138314467423,0.016666666666666607
0.00046543138274469025,0.016666666666666607
0.0004654413823447062,0.016666666666666607
0.00046545138194472224,0.016666666666666607
0.00046546138154473826,0.016666666666666607
0.00046547138114475423,0.016666666666666607
0.00046548138074477025,0.016666666666666607
0.0004654913803447862,0.0
0.00046550137994480224,0.016666666666666607
0.00046551137954481826,0.016666666666666607
0.0004655213791448342,0.016666666666666607
0.00046553137874485025,0.016666666666666607
0.0004655413783448662,0.016666666666666607
0.00046555137794488223,0.0
0.00046556137754489825,0.016666666666666607
0.0004655713771449142,0.016666666666666607
0.00046558137674493024,0.0
0.0004655913763449462,0.016666666666666607
0.00046560137594496223,0.0
0.00046561137554497825,0.016666666666666607
0.0004656213751449942,0.016666666666666607
0.00046563137474501024,0.016666666666666607
0.0004656413743450262,0.033333333333333215
0.0004656513739450422,0.016666666666666607
0.00046566137354505825,0.0
0.0004656713731450742,0.0
0.00046568137274509023,0.0
0.0004656913723451062,0.0
0.0004657013719451222,0.016666666666666607
0.00046571137154513824,0.033333333333333215
0.0004657213711451542,0.016666666666666607
0.00046573137074517023,0.0
0.0004657413703451862,0.0
0.0004657513699452022,0.0
0.00046576136954521824,0.016666666666666607
0.0004657713691452342,0.016666666666666607
0.00046578136874525023,0.016666666666666607
0.0004657913683452662,0.016666666666666607
0.0004658013679452822,0.0
0.00046581136754529824,0.0
0.0004658213671453142,0.0
0.0004658313667453302,0.016666666666666607
0.0004658413663453462,0.016666666666666607
0.0004658513659453622,0.033333333333333215
0.00046586136554537823,0.016666666666666607
0.0004658713651453942,0.016666666666666607
0.0004658813647454102,0.0
0.0004658913643454262,0.0
0.0004659013639454422,0.016666666666666607
0.00046591136354545823,0.016666666666666607
0.0004659213631454742,0.016666666666666607
0.0004659313627454902,0.016666666666666607
0.0004659413623455062,0.016666666666666607
0.0004659513619455222,0.016666666666666607
0.0004659613615455382,0.016666666666666607
0.0004659713611455542,0.016666666666666607
0.0004659813607455702,0.016666666666666607
0.0004659913603455862,0.0
0.0004660013599456022,0.016666666666666607
0.0004660113595456182,0.0
0.0004660213591456342,0.016666666666666607
0.0004660313587456502,0.0
0.0004660413583456662,0.0
0.0004660513579456822,0.016666666666666607
0.0004660613575456982,0.016666666666666607
0.0004660713571457142,0.016666666666666607
0.0004660813567457302,0.0
0.00046609135634574617,0.016666666666666607
0.0004661013559457622,0.016666666666666607
0.0004661113555457782,0.016666666666666607
0.0004661213551457942,0.016666666666666607
0.0004661313547458102,0.0
0.00046614135434582617,0.016666666666666607
0.0004661513539458422,0.016666666666666607
0.0004661613535458582,0.016666666666666607
0.0004661713531458742,0.016666666666666607
0.0004661813527458902,0.016666666666666607
0.00046619135234590616,0.0
0.0004662013519459222,0.0
0.0004662113515459382,0.0
0.00046622135114595417,0.016666666666666607
0.0004662313507459702,0.0
0.00046624135034598616,0.0
0.0004662513499460022,0.0
0.0004662613495460182,0.016666666666666607
0.00046627134914603417,0.016666666666666607
0.0004662813487460502,0.016666666666666607
0.00046629134834606616,0.0
0.0004663013479460822,0.0
0.0004663113475460982,0.0
0.00046632134714611416,0.016666666666666607
0.0004663313467461302,0.0
0.0004663413463461462,0.016666666666666607
0.0004663513459461622,0.016666666666666607
0.0004663613455461782,0.0
0.00046637134514619416,0.016666666666666607
0.0004663813447462102,0.0
0.0004663913443462262,0.016666666666666607
0.00046640134394624217,0.016666666666666607
0.0004664113435462582,0.016666666666666607
0.00046642134314627416,0.016666666666666607
0.0004664313427462902,0.016666666666666607
0.0004664413423463062,0.016666666666666607
0.00046645134194632217,0.0
0.0004664613415463382,0.016666666666666607
0.00046647134114635415,0.0
0.0004664813407463702,0.0
0.0004664913403463862,0.016666666666666607
0.00046650133994640216,0.0
0.0004665113395464182,0.016666666666666607
0.00046652133914643415,0.0
0.00046653133874645017,0.016666666666666607
0.0004665413383464662,0.016666666666666607
0.00046655133794648216,0.016666666666666607
0.0004665613375464982,0.016666666666666607
0.00046657133714651415,0.0
0.00046658133674653017,0.016666666666666607
0.0004665913363465462,0.0
0.00046660133594656215,0.016666666666666607
0.0004666113355465782,0.016666666666666607
0.00046662133514659414,0.016666666666666607
0.00046663133474661016,0.016666666666666607
0.0004666413343466262,0.016666666666666607
0.00046665133394664215,0.016666666666666607
0.00046666133354665817,0.016666666666666607
0.00046667133314667414,0.016666666666666607
0.00046668133274669016,0.016666666666666607
0.0004666913323467062,0.0
0.00046670133194672215,0.016666666666666607
0.00046671133154673817,0.0
0.00046672133114675413,0.016666666666666607
0.00046673133074677016,0.016666666666666607
0.0004667413303467862,0.016666666666666607
0.00046675132994680214,0.016666666666666607
0.00046676132954681816,0.0
0.00046677132914683413,0.016666666666666607
0.00046678132874685015,0.016666666666666607
0.00046679132834686617,0.0
0.00046680132794688214,0.0
0.00046681132754689816,0.016666666666666607
0.0004668213271469141,0.016666666666666607
0.00046683132674693015,0.0
0.00046684132634694617,0.0
0.00046685132594696214,0.016666666666666607
0.00046686132554697816,0.016666666666666607
0.0004668713251469941,0.016666666666666607
0.00046688132474701014,0.016666666666666607
0.00046689132434702617,0.016666666666666607
0.00046690132394704213,0.016666666666666607
0.00046691132354705815,0.016666666666666607
0.0004669213231470741,0.0
0.00046693132274709014,0.016666666666666607
0.00046694132234710616,0.016666666666666607
0.00046695132194712213,0.0
0.00046696132154713815,0.016666666666666607
0.0004669713211471541,0.0
0.00046698132074717014,0.016666666666666607
0.00046699132034718616,0.016666666666666607
0.0004670013199472021,0.016666666666666607
0.00046701131954721815,0.016666666666666607
0.0004670213191472341,0.016666666666666607
0.00046703131874725013,0.016666666666666607
0.00046704131834726615,0.016666666666666607
0.0004670513179472821,0.0
0.00046706131754729814,0.0
0.0004670713171473141,0.016666666666666607
0.00046708131674733013,0.0
0.00046709131634734615,0.0
0.0004671013159473621,0.0
0.00046711131554737814,0.016666666666666607
0.0004671213151473941,0.016666666666666607
0.0004671313147474101,0.0
0.00046714131434742615,0.016666666666666607
0.0004671513139474421,0.016666666666666607
0.00046716131354745813,0.016666666666666607
0.0004671713131474741,0.016666666666666607
0.0004671813127474901,0.016666666666666607
0.00046719131234750614,0.016666666666666607
0.0004672013119475221,0.016666666666666607
0.00046721131154753813,0.016666666666666607
0.0004672213111475541,0.016666666666666607
0.0004672313107475701,0.016666666666666607
0.00046724131034758614,0.016666666666666607
0.0004672513099476021,0.016666666666666607
0.0004672613095476181,0.016666666666666607
0.00046727130914763415,0.0
0.0004672813087476501,0.016666666666666607
0.00046729130834766613,0.0
0.0004673013079476821,0.016666666666666607
0.0004673113075476981,0.016666666666666607
0.00046732130714771414,0.016666666666666607
0.0004673313067477301,0.0
0.00046734130634774613,0.016666666666666607
0.0004673513059477621,0.016666666666666607
0.0004673613055477781,0.016666666666666607
0.00046737130514779414,0.0
0.0004673813047478101,0.016666666666666607
0.00046739130434782613,0.016666666666666607
0.0004674013039478421,0.016666666666666607
0.0004674113035478581,0.016666666666666607
0.00046742130314787414,0.0
0.0004674313027478901,0.016666666666666607
0.0004674413023479061,0.016666666666666607
0.0004674513019479221,0.016666666666666607
0.0004674613015479381,0.016666666666666607
0.00046747130114795413,0.0
0.0004674813007479701,0.016666666666666607
0.0004674913003479861,0.016666666666666607
0.0004675012999480021,0.0
0.0004675112995480181,0.016666666666666607
0.00046752129914803413,0.016666666666666607
0.0004675312987480501,0.0
0.0004675412983480661,0.0
0.0004675512979480821,0.016666666666666607
0.0004675612975480981,0.0
0.0004675712971481141,0.0
0.0004675812967481301,0.016666666666666607
0.0004675912963481461,0.016666666666666607
0.0004676012959481621,0.016666666666666607
0.0004676112955481781,0.016666666666666607
0.0004676212951481941,0.016666666666666607
0.0004676312947482101,0.016666666666666607
0.0004676412943482261,0.0
0.0004676512939482421,0.0
0.0004676612935482581,0.016666666666666607
0.0004676712931482741,0.0
0.0004676812927482901,0.0
0.0004676912923483061,0.016666666666666607
0.00046770129194832207,0.016666666666666607
0.0004677112915483381,0.016666666666666607
0.0004677212911483541,0.016666666666666607
0.0004677312907483701,0.0
0.0004677412903483861,0.016666666666666607
0.00046775128994840207,0.016666666666666607
0.0004677612895484181,0.016666666666666607
0.0004677712891484341,0.0
0.0004677812887484501,0.016666666666666607
0.0004677912883484661,0.016666666666666607
0.00046780128794848206,0.016666666666666607
0.0004678112875484981,0.016666666666666607
0.0004678212871485141,0.0
0.00046783128674853007,0.016666666666666607
0.0004678412863485461,0.0
0.00046785128594856206,0.016666666666666607
0.0004678612855485781,0.0
0.0004678712851485941,0.0
0.00046788128474861007,0.0
0.0004678912843486261,0.016666666666666607
0.00046790128394864206,0.0
0.0004679112835486581,0.016666666666666607
0.0004679212831486741,0.016666666666666607
0.00046793128274869006,0.016666666666666607
0.0004679412823487061,0.016666666666666607
0.00046795128194872205,0.0
0.0004679612815487381,0.016666666666666607
0.0004679712811487541,0.016666666666666607
0.00046798128074877006,0.016666666666666607
0.0004679912803487861,0.0
0.00046800127994880205,0.0
0.00046801127954881807,0.0
0.0004680212791488341,0.016666666666666607
0.00046803127874885006,0.016666666666666607
0.0004680412783488661,0.0
0.00046805127794888204,0.016666666666666607
0.00046806127754889807,0.016666666666666607
0.0004680712771489141,0.016666666666666607
0.00046808127674893005,0.016666666666666607
0.0004680912763489461,0.016666666666666607
0.00046810127594896204,0.016666666666666607
0.00046811127554897806,0.0
0.0004681212751489941,0.0
0.00046813127474901005,0.0
0.00046814127434902607,0.016666666666666607
0.00046815127394904204,0.016666666666666607
0.00046816127354905806,0.016666666666666607
0.0004681712731490741,0.016666666666666607
0.00046818127274909005,0.016666666666666607
0.00046819127234910607,0.016666666666666607
0.0004682012719491221,0.016666666666666607
0.00046821127154913805,0.0
0.0004682212711491541,0.016666666666666607
0.00046823127074917004,0.0
0.00046824127034918606,0.016666666666666607
0.0004682512699492021,0.016666666666666607
0.00046826126954921805,0.016666666666666607
0.00046827126914923407,0.016666666666666607
0.00046828126874925004,0.016666666666666607
0.00046829126834926606,0.016666666666666607
0.0004683012679492821,0.016666666666666607
0.00046831126754929805,0.016666666666666607
0.00046832126714931407,0.016666666666666607
0.00046833126674933003,0.016666666666666607
0.00046834126634934606,0.016666666666666607
0.0004683512659493621,0.016666666666666607
0.00046836126554937804,0.0
0.00046837126514939406,0.016666666666666607
0.00046838126474941003,0.0
0.00046839126434942605,0.0
0.00046840126394944207,0.016666666666666607
0.00046841126354945804,0.016666666666666607
0.00046842126314947406,0.0
0.00046843126274949,0.016666666666666607
0.00046844126234950605,0.016666666666666607
0.00046845126194952207,0.0
0.00046846126154953804,0.016666666666666607
0.00046847126114955406,0.0
0.00046848126074957,0.016666666666666607
0.00046849126034958604,0.0
0.00046850125994960207,0.016666666666666607
0.00046851125954961803,0.016666666666666607
0.00046852125914963405,0.016666666666666607
0.00046853125874965,0.016666666666666607
0.00046854125834966604,0.0
0.00046855125794968206,0.0
0.00046856125754969803,0.016666666666666607
0.00046857125714971405,0.016666666666666607
0.00046858125674973,0.0
0.00046859125634974604,0.016666666666666607
0.00046860125594976206,0.0
0.000468611255549778,0.0
0.00046862125514979405,0.016666666666666607
0.00046863125474981,0.0
0.00046864125434982603,0.016666666666666607
0.00046865125394984205,0.016666666666666607
0.000468661253549858,0.016666666666666607
0.00046867125314987404,0.016666666666666607
0.00046868125274989,0.016666666666666607
0.00046869125234990603,0.016666666666666607
0.00046870125194992205,0.016666666666666607
0.000468711251549938,0.016666666666666607
0.00046872125114995404,0.016666666666666607
0.00046873125074997,0.0
0.000468741250349986,0.016666666666666607
0.00046875124995000205,0.016666666666666607
0.000468761249550018,0.016666666666666607
0.00046877124915003403,0.0
0.00046878124875005,0.016666666666666607
0.000468791248350066,0.0
0.00046880124795008204,0.016666666666666607
0.000468811247550098,0.016666666666666607
0.00046882124715011403,0.0
0.00046883124675013,0.0
0.000468841246350146,0.016666666666666607
0.00046885124595016204,0.0
0.000468861245550178,0.016666666666666607
0.000468871245150194,0.0
0.00046888124475021,0.0
0.000468891244350226,0.016666666666666607
0.00046890124395024203,0.016666666666666607
0.000468911243550258,0.016666666666666607
0.000468921243150274,0.016666666666666607
0.00046893124275029,0.0
0.000468941242350306,0.016666666666666607
0.00046895124195032203,0.016666666666666607
0.000468961241550338,0.016666666666666607
0.000468971241150354,0.016666666666666607
0.00046898124075037,0.016666666666666607
0.000468991240350386,0.016666666666666607
0.00046900123995040203,0.016666666666666607
0.000469011239550418,0.016666666666666607
0.000469021239150434,0.016666666666666607
0.00046903123875045,0.016666666666666607
0.000469041238350466,0.0
0.000469051237950482,0.0
0.000469061237550498,0.0
0.000469071237150514,0.0
0.00046908123675053,0.0
0.000469091236350546,0.016666666666666607
0.000469101235950562,0.016666666666666607
0.000469111235550578,0.0
0.000469121235150594,0.0
0.00046913123475061003,0.016666666666666607
0.000469141234350626,0.016666666666666607
0.000469151233950642,0.016666666666666607
0.000469161233550658,0.016666666666666607
0.000469171233150674,0.016666666666666607
0.00046918123275069,0.016666666666666607
0.000469191232350706,0.0
0.000469201231950722,0.016666666666666607
0.000469211231550738,0.0
0.000469221231150754,0.016666666666666607
0.00046923123075077,0.0
0.000469241230350786,0.0
0.000469251229950802,0.016666666666666607
0.000469261229550818,0.0
0.000469271229150834,0.016666666666666607
0.00046928122875085,0.0
0.000469291228350866,0.016666666666666607
0.000469301227950882,0.016666666666666607
0.00046931122755089797,0.016666666666666607
0.000469321227150914,0.016666666666666607
0.00046933122675093,0.016666666666666607
0.000469341226350946,0.016666666666666607
0.000469351225950962,0.0
0.00046936122555097797,0.016666666666666607
0.000469371225150994,0.016666666666666607
0.00046938122475101,0.016666666666666607
0.000469391224351026,0.016666666666666607
0.000469401223951042,0.0
0.00046941122355105796,0.0
0.000469421223151074,0.016666666666666607
0.00046943122275109,0.016666666666666607
0.00046944122235110597,0.016666666666666607
0.000469451221951122,0.016666666666666607
0.00046946122155113796,0.016666666666666607
0.000469471221151154,0.0
0.00046948122075117,0.016666666666666607
0.00046949122035118597,0.0
0.000469501219951202,0.0
0.00046951121955121796,0.0
0.000469521219151234,0.016666666666666607
0.00046953121875125,0.016666666666666607
0.00046954121835126596,0.016666666666666607
0.000469551217951282,0.016666666666666607
0.00046956121755129795,0.016666666666666607
0.000469571217151314,0.016666666666666607
0.00046958121675133,0.016666666666666607
0.00046959121635134596,0.0
0.000469601215951362,0.016666666666666607
0.00046961121555137795,0.016666666666666607
0.00046962121515139397,0.0
0.00046963121475141,0.016666666666666607
0.00046964121435142596,0.016666666666666607
0.000469651213951442,0.0
0.00046966121355145794,0.016666666666666607
0.00046967121315147397,0.0
0.00046968121275149,0.016666666666666607
0.00046969121235150595,0.016666666666666607
0.000469701211951522,0.016666666666666607
0.00046971121155153794,0.0
0.00046972121115155396,0.016666666666666607
0.00046973121075157,0.0
0.00046974121035158595,0.0
0.00046975120995160197,0.016666666666666607
0.00046976120955161794,0.016666666666666607
0.00046977120915163396,0.016666666666666607
0.00046978120875165,0.016666666666666607
0.00046979120835166595,0.0
0.00046980120795168197,0.016666666666666607
0.00046981120755169793,0.016666666666666607
0.00046982120715171395,0.0
0.00046983120675173,0.016666666666666607
0.00046984120635174594,0.016666666666666607
0.00046985120595176196,0.016666666666666607
0.00046986120555177793,0.0
0.00046987120515179395,0.016666666666666607
0.00046988120475180997,0.016666666666666607
0.00046989120435182594,0.016666666666666607
0.00046990120395184196,0.016666666666666607
0.0004699112035518579,0.016666666666666607
0.00046992120315187395,0.016666666666666607
0.00046993120275188997,0.0
0.00046994120235190593,0.016666666666666607
0.00046995120195192196,0.016666666666666607
0.0004699612015519379,0.016666666666666607
0.00046997120115195394,0.0
0.00046998120075196996,0.016666666666666607
0.00046999120035198593,0.0
0.00047000119995200195,0.016666666666666607
0.0004700111995520179,0.0
0.00047002119915203394,0.016666666666666607
0.00047003119875204996,0.0
0.0004700411983520659,0.016666666666666607
0.00047005119795208195,0.016666666666666607
0.00047006119755209797,0.0
0.00047007119715211394,0.0
0.00047008119675212996,0.016666666666666607
0.0004700911963521459,0.016666666666666607
0.00047010119595216194,0.0
0.00047011119555217797,0.016666666666666607
0.00047012119515219393,0.016666666666666607
0.00047013119475220995,0.016666666666666607
0.0004701411943522259,0.0
0.00047015119395224194,0.016666666666666607
0.00047016119355225796,0.016666666666666607
0.00047017119315227393,0.016666666666666607
0.00047018119275228995,0.016666666666666607
0.0004701911923523059,0.0
0.00047020119195232194,0.0
0.00047021119155233796,0.0
0.0004702211911523539,0.016666666666666607
0.00047023119075236995,0.016666666666666607
0.0004702411903523859,0.0
0.00047025118995240193,0.0
0.00047026118955241795,0.0
0.0004702711891524339,0.0
0.00047028118875244994,0.016666666666666607
0.0004702911883524659,0.016666666666666607
0.00047030118795248193,0.0
0.00047031118755249795,0.016666666666666607
0.0004703211871525139,0.016666666666666607
0.00047033118675252994,0.016666666666666607
0.0004703411863525459,0.016666666666666607
0.0004703511859525619,0.016666666666666607
0.00047036118555257795,0.016666666666666607
0.0004703711851525939,0.0
0.00047038118475260993,0.016666666666666607
0.0004703911843526259,0.0
0.0004704011839526419,0.016666666666666607
0.00047041118355265794,0.016666666666666607
0.0004704211831526739,0.016666666666666607
0.00047043118275268993,0.016666666666666607
0.0004704411823527059,0.016666666666666607
0.0004704511819527219,0.016666666666666607
0.00047046118155273794,0.016666666666666607
0.0004704711811527539,0.016666666666666607
0.0004704811807527699,0.0
0.0004704911803527859,0.016666666666666607
0.0004705011799528019,0.016666666666666607
0.00047051117955281793,0.0
0.0004705211791528339,0.016666666666666607
0.0004705311787528499,0.016666666666666607
0.0004705411783528659,0.016666666666666607
0.0004705511779528819,0.0
0.00047056117755289793,0.016666666666666607
0.0004705711771529139,0.0
0.0004705811767529299,0.016666666666666607
0.0004705911763529459,0.0
0.0004706011759529619,0.016666666666666607
0.00047061117555297793,0.016666666666666607
0.0004706211751529939,0.0
0.0004706311747530099,0.016666666666666607
0.0004706411743530259,0.016666666666666607
0.0004706511739530419,0.016666666666666607
0.0004706611735530579,0.016666666666666607
0.0004706711731530739,0.016666666666666607
0.0004706811727530899,0.016666666666666607
0.0004706911723531059,0.016666666666666607
0.0004707011719531219,0.0
0.0004707111715531379,0.016666666666666607
0.0004707211711531539,0.016666666666666607
0.0004707311707531699,0.016666666666666607
0.0004707411703531859,0.016666666666666607
0.0004707511699532019,0.0
0.0004707611695532179,0.016666666666666607
0.0004707711691532339,0.0
0.0004707811687532499,0.0
0.00047079116835326587,0.0
0.0004708011679532819,0.016666666666666607
0.0004708111675532979,0.016666666666666607
0.0004708211671533139,0.016666666666666607
0.0004708311667533299,0.016666666666666607
0.00047084116635334587,0.016666666666666607
0.0004708511659533619,0.0
0.0004708611655533779,0.0
0.0004708711651533939,0.016666666666666607
0.0004708811647534099,0.016666666666666607
0.00047089116435342586,0.0
0.0004709011639534419,0.016666666666666607
0.0004709111635534579,0.0
0.00047092116315347387,0.0
0.0004709311627534899,0.016666666666666607
0.00047094116235350586,0.016666666666666607
0.0004709511619535219,0.016666666666666607
0.0004709611615535379,0.016666666666666607
0.00047097116115355387,0.0
0.0004709811607535699,0.016666666666666607
0.0004709911603535859,0.016666666666666607
0.0004710011599536019,0.016666666666666607
0.0004710111595536179,0.016666666666666607
0.00047102115915363386,0.016666666666666607
0.0004710311587536499,0.0
0.0004710411583536659,0.0
0.00047105115795368187,0.0
0.0004710611575536979,0.0
0.00047107115715371386,0.016666666666666607
0.0004710811567537299,0.0
0.0004710911563537459,0.016666666666666607
0.00047110115595376187,0.0
0.0004711111555537779,0.016666666666666607
0.00047112115515379386,0.016666666666666607
0.0004711311547538099,0.016666666666666607
0.0004711411543538259,0.0
0.00047115115395384186,0.016666666666666607
0.0004711611535538579,0.016666666666666607
0.00047117115315387385,0.0
0.0004711811527538899,0.0
0.0004711911523539059,0.0
0.00047120115195392186,0.0
0.0004712111515539379,0.0
0.00047122115115395385,0.016666666666666607
0.00047123115075396987,0.016666666666666607
0.0004712411503539859,0.016666666666666607
0.00047125114995400186,0.016666666666666607
0.0004712611495540179,0.016666666666666607
0.00047127114915403385,0.0
0.00047128114875404987,0.016666666666666607
0.0004712911483540659,0.0
0.00047130114795408185,0.0
0.0004713111475540979,0.016666666666666607
0.00047132114715411384,0.0
0.00047133114675412986,0.0
0.0004713411463541459,0.016666666666666607
0.00047135114595416185,0.016666666666666607
0.00047136114555417787,0.016666666666666607
0.00047137114515419384,0.016666666666666607
0.00047138114475420986,0.016666666666666607
0.0004713911443542259,0.016666666666666607
0.00047140114395424185,0.016666666666666607
0.00047141114355425787,0.0
0.00047142114315427383,0.0
0.00047143114275428985,0.0
0.0004714411423543059,0.016666666666666607
0.00047145114195432184,0.016666666666666607
0.00047146114155433786,0.0
0.00047147114115435383,0.0
0.00047148114075436985,0.016666666666666607
0.00047149114035438587,0.0
0.00047150113995440184,0.016666666666666607
0.00047151113955441786,0.0
0.0004715211391544338,0.016666666666666607
0.00047153113875444985,0.0
0.00047154113835446587,0.016666666666666607
0.00047155113795448183,0.0
0.00047156113755449786,0.016666666666666607
0.0004715711371545138,0.016666666666666607
0.00047158113675452984,0.016666666666666607
0.00047159113635454586,0.016666666666666607
0.00047160113595456183,0.016666666666666607
0.00047161113555457785,0.016666666666666607
0.0004716211351545938,0.0
0.00047163113475460984,0.016666666666666607
0.00047164113435462586,0.0
0.00047165113395464183,0.0
0.00047166113355465785,0.016666666666666607
0.0004716711331546738,0.016666666666666607
0.00047168113275468984,0.016666666666666607
0.00047169113235470586,0.016666666666666607
0.0004717011319547218,0.016666666666666607
0.00047171113155473784,0.0
0.0004717211311547538,0.0
0.00047173113075476983,0.016666666666666607
0.00047174113035478585,0.016666666666666607
0.0004717511299548018,0.016666666666666607
0.00047176112955481784,0.016666666666666607
0.0004717711291548338,0.0
0.00047178112875484983,0.0
0.00047179112835486585,0.0
0.0004718011279548818,0.0
0.00047181112755489784,0.0
0.0004718211271549138,0.0
0.0004718311267549298,0.0
0.00047184112635494585,0.016666666666666607
0.0004718511259549618,0.0
0.00047186112555497783,0.016666666666666607
0.0004718711251549938,0.016666666666666607
0.0004718811247550098,0.016666666666666607
0.00047189112435502584,0.0
0.0004719011239550418,0.016666666666666607
0.00047191112355505783,0.0
0.00047192112315507385,0.016666666666666607
0.0004719311227550898,0.016666666666666607
0.00047194112235510584,0.0
0.0004719511219551218,0.0
0.0004719611215551378,0.016666666666666607
0.00047197112115515385,0.0
0.0004719811207551698,0.016666666666666607
0.00047199112035518583,0.016666666666666607
0.0004720011199552018,0.016666666666666607
0.0004720111195552178,0.016666666666666607
0.00047202111915523384,0.0
0.0004720311187552498,0.016666666666666607
0.00047204111835526583,0.016666666666666607
0.0004720511179552818,0.016666666666666607
0.0004720611175552978,0.016666666666666607
0.00047207111715531384,0.016666666666666607
0.0004720811167553298,0.016666666666666607
0.0004720911163553458,0.016666666666666607
0.0004721011159553618,0.016666666666666607
0.0004721111155553778,0.0
0.00047212111515539384,0.016666666666666607
0.0004721311147554098,0.016666666666666607
0.0004721411143554258,0.0
0.0004721511139554418,0.0
0.0004721611135554578,0.016666666666666607
0.00047217111315547383,0.0
0.0004721811127554898,0.0
0.0004721911123555058,0.016666666666666607
0.0004722011119555218,0.016666666666666607
0.0004722111115555378,0.0
0.00047222111115555383,0.0
0.0004722311107555698,0.0
0.0004722411103555858,0.016666666666666607
0.0004722511099556018,0.0
0.0004722611095556178,0.016666666666666607
0.0004722711091556338,0.016666666666666607
0.0004722811087556498,0.0
0.0004722911083556658,0.016666666666666607
0.0004723011079556818,0.0
0.0004723111075556978,0.0
0.0004723211071557138,0.0
0.0004723311067557298,0.016666666666666607
0.0004723411063557458,0.0
0.0004723511059557618,0.016666666666666607
0.0004723611055557778,0.0
0.0004723711051557938,0.0
0.0004723811047558098,0.016666666666666607
0.0004723911043558258,0.016666666666666607
0.00047240110395584177,0.016666666666666607
0.0004724111035558578,0.016666666666666607
0.0004724211031558738,0.016666666666666607
0.0004724311027558898,0.016666666666666607
0.0004724411023559058,0.0
0.00047245110195592177,0.0
0.0004724611015559378,0.0
0.0004724711011559538,0.016666666666666607
0.0004724811007559698,0.016666666666666607
0.0004724911003559858,0.016666666666666607
0.00047250109995600176,0.0
0.0004725110995560178,0.0
0.0004725210991560338,0.016666666666666607
0.00047253109875604977,0.0
0.0004725410983560658,0.016666666666666607
0.00047255109795608176,0.016666666666666607
0.0004725610975560978,0.016666666666666607
0.0004725710971561138,0.016666666666666607
0.00047258109675612977,0.0
0.0004725910963561458,0.016666666666666607
0.00047260109595616176,0.016666666666666607
0.0004726110955561778,0.0
0.0004726210951561938,0.0
0.00047263109475620976,0.0
0.0004726410943562258,0.016666666666666607
0.00047265109395624175,0.016666666666666607
0.00047266109355625777,0.0
0.0004726710931562738,0.0
0.00047268109275628976,0.0
0.0004726910923563058,0.0
0.00047270109195632175,0.016666666666666607
0.00047271109155633777,0.016666666666666607
0.0004727210911563538,0.016666666666666607
0.00047273109075636976,0.0
0.0004727410903563858,0.016666666666666607
0.00047275108995640174,0.016666666666666607
0.00047276108955641776,0.0
0.0004727710891564338,0.016666666666666607
0.00047278108875644975,0.016666666666666607
0.0004727910883564658,0.016666666666666607
0.00047280108795648174,0.016666666666666607
0.00047281108755649776,0.0
0.0004728210871565138,0.0
0.00047283108675652975,0.016666666666666607
0.00047284108635654577,0.016666666666666607
0.0004728510859565618,0.016666666666666607
0.00047286108555657776,0.0
0.0004728710851565938,0.0
0.00047288108475660975,0.0
0.00047289108435662577,0.0
0.0004729010839566418,0.0
0.00047291108355665775,0.016666666666666607
0.0004729210831566738,0.016666666666666607
0.00047293108275668974,0.016666666666666607
0.00047294108235670576,0.016666666666666607
0.0004729510819567218,0.016666666666666607
0.00047296108155673775,0.016666666666666607
0.00047297108115675377,0.0
0.00047298108075676974,0.016666666666666607
0.00047299108035678576,0.0
0.0004730010799568018,0.0
0.00047301107955681775,0.016666666666666607
0.00047302107915683377,0.0
0.00047303107875684973,0.016666666666666607
0.00047304107835686575,0.016666666666666607
0.0004730510779568818,0.0
0.00047306107755689774,0.0
0.00047307107715691376,0.016666666666666607
0.00047308107675692973,0.016666666666666607
0.00047309107635694575,0.016666666666666607
0.00047310107595696177,0.016666666666666607
0.00047311107555697774,0.016666666666666607
0.00047312107515699376,0.016666666666666607
0.0004731310747570097,0.0
0.00047314107435702575,0.016666666666666607
0.00047315107395704177,0.016666666666666607
0.00047316107355705773,0.016666666666666607
0.00047317107315707376,0.016666666666666607
0.0004731810727570897,0.0
0.00047319107235710574,0.0
0.00047320107195712176,0.016666666666666607
0.00047321107155713773,0.016666666666666607
0.00047322107115715375,0.016666666666666607
0.0004732310707571697,0.016666666666666607
0.00047324107035718574,0.016666666666666607
0.00047325106995720176,0.0
0.00047326106955721773,0.0
0.00047327106915723375,0.0
0.0004732810687572497,0.016666666666666607
0.00047329106835726574,0.0
0.00047330106795728176,0.0
0.0004733110675572977,0.0
0.00047332106715731374,0.016666666666666607
0.0004733310667573297,0.0
0.00047334106635734573,0.0
0.00047335106595736175,0.016666666666666607
0.0004733610655573777,0.016666666666666607
0.00047337106515739374,0.016666666666666607
0.0004733810647574097,0.016666666666666607
0.00047339106435742573,0.016666666666666607
0.00047340106395744175,0.0
0.0004734110635574577,0.016666666666666607
0.00047342106315747374,0.016666666666666607
0.0004734310627574897,0.0
0.0004734410623575057,0.016666666666666607
0.00047345106195752175,0.0
0.0004734610615575377,0.0
0.00047347106115755373,0.016666666666666607
0.0004734810607575697,0.0
0.0004734910603575857,0.0
0.00047350105995760174,0.0
0.0004735110595576177,0.0
0.00047352105915763373,0.0
0.0004735310587576497,0.0
0.0004735410583576657,0.0
0.00047355105795768174,0.0
0.0004735610575576977,0.016666666666666607
0.0004735710571577137,0.0
0.0004735810567577297,0.016666666666666607
0.0004735910563577457,0.016666666666666607
0.00047360105595776173,0.0
0.0004736110555577777,0.0
0.0004736210551577937,0.016666666666666607
0.0004736310547578097,0.016666666666666607
0.0004736410543578257,0.016666666666666607
0.00047365105395784173,0.016666666666666607
0.0004736610535578577,0.016666666666666607
0.0004736710531578737,0.016666666666666607
0.0004736810527578897,0.016666666666666607
0.0004736910523579057,0.0
0.0004737010519579217,0.0
0.0004737110515579377,0.0
0.0004737210511579537,0.0
0.0004737310507579697,0.0
0.0004737410503579857,0.016666666666666607
0.0004737510499580017,0.016666666666666607
0.0004737610495580177,0.016666666666666607
0.0004737710491580337,0.0
0.00047378104875804973,0.016666666666666607
0.0004737910483580657,0.0
0.0004738010479580817,0.016666666666666607
0.0004738110475580977,0.016666666666666607
0.0004738210471581137,0.016666666666666607
0.00047383104675812973,0.016666666666666607
0.0004738410463581457,0.016666666666666607
0.0004738510459581617,0.0
0.0004738610455581777,0.0
0.0004738710451581937,0.016666666666666607
0.0004738810447582097,0.016666666666666607
0.0004738910443582257,0.016666666666666607
0.0004739010439582417,0.016666666666666607
0.0004739110435582577,0.016666666666666607
0.0004739210431582737,0.016666666666666607
0.0004739310427582897,0.0
0.0004739410423583057,0.016666666666666607
0.0004739510419583217,0.0
0.0004739610415583377,0.016666666666666607
0.0004739710411583537,0.0
0.0004739810407583697,0.0
0.0004739910403583857,0.0
0.0004740010399584017,0.016666666666666607
0.00047401103955841767,0.0
0.0004740210391584337,0.0
0.0004740310387584497,0.0
0.0004740410383584657,0.016666666666666607
0.0004740510379584817,0.016666666666666607
0.00047406103755849767,0.016666666666666607
0.0004740710371585137,0.016666666666666607
0.0004740810367585297,0.016666666666666607
0.0004740910363585457,0.016666666666666607
0.0004741010359585617,0.0
0.00047411103555857766,0.0
0.0004741210351585937,0.016666666666666607
0.0004741310347586097,0.0
0.00047414103435862567,0.016666666666666607
0.0004741510339586417,0.016666666666666607
0.00047416103355865766,0.016666666666666607
0.0004741710331586737,0.016666666666666607
0.0004741810327586897,0.0
0.00047419103235870567,0.016666666666666607
0.0004742010319587217,0.016666666666666607
0.00047421103155873766,0.0
0.0004742210311587537,0.0
0.0004742310307587697,0.0
0.00047424103035878566,0.016666666666666607
0.0004742510299588017,0.016666666666666607
0.00047426102955881765,0.0
0.00047427102915883367,0.0
0.0004742810287588497,0.016666666666666607
0.00047429102835886566,0.0
0.0004743010279588817,0.0
0.00047431102755889765,0.016666666666666607
0.00047432102715891367,0.016666666666666607
0.0004743310267589297,0.016666666666666607
0.00047434102635894566,0.016666666666666607
0.0004743510259589617,0.0
0.00047436102555897764,0.016666666666666607
0.00047437102515899367,0.0
0.0004743810247590097,0.016666666666666607
0.00047439102435902565,0.0
0.0004744010239590417,0.016666666666666607
0.00047441102355905764,0.016666666666666607
0.00047442102315907366,0.0
0.0004744310227590897,0.0
0.00047444102235910565,0.016666666666666607
0.00047445102195912167,0.016666666666666607
0.00047446102155913764,0.016666666666666607
0.00047447102115915366,0.016666666666666607
0.0004744810207591697,0.016666666666666607
0.00047449102035918565,0.016666666666666607
0.00047450101995920167,0.0
0.00047451101955921763,0.0
0.00047452101915923365,0.0
0.0004745310187592497,0.0
0.00047454101835926564,0.016666666666666607
0.00047455101795928166,0.0
0.00047456101755929763,0.016666666666666607
0.00047457101715931365,0.0
0.00047458101675932967,0.016666666666666607
0.00047459101635934564,0.016666666666666607
0.00047460101595936166,0.016666666666666607
0.0004746110155593776,0.0
0.00047462101515939365,0.016666666666666607
0.00047463101475940967,0.0
0.00047464101435942563,0.0
0.00047465101395944165,0.0
0.0004746610135594576,0.0
0.00047467101315947364,0.016666666666666607
0.00047468101275948966,0.0
0.00047469101235950563,0.0
0.00047470101195952165,0.016666666666666607
0.00047471101155953767,0.016666666666666607
0.00047472101115955364,0.0
0.00047473101075956966,0.0
0.0004747410103595856,0.0
0.00047475100995960165,0.0
0.00047476100955961767,0.016666666666666607
0.00047477100915963363,0.016666666666666607
0.00047478100875964966,0.0
0.0004747910083596656,0.016666666666666607
0.00047480100795968164,0.0
0.00047481100755969766,0.016666666666666607
0.00047482100715971363,0.016666666666666607
0.00047483100675972965,0.016666666666666607
0.0004748410063597456,0.016666666666666607
0.00047485100595976164,0.0
0.00047486100555977766,0.0
0.00047487100515979363,0.0
0.00047488100475980965,0.0
0.0004748910043598256,0.0
0.00047490100395984164,0.016666666666666607
0.00047491100355985766,0.016666666666666607
0.0004749210031598736,0.016666666666666607
0.00047493100275988964,0.0
0.0004749410023599056,0.016666666666666607
0.00047495100195992163,0.0
0.00047496100155993765,0.0
0.0004749710011599536,0.0
0.00047498100075996964,0.0
0.0004749910003599856,0.016666666666666607
0.00047500099996000163,0.016666666666666607
0.00047501099956001765,0.0
0.0004750209991600336,0.0
0.00047503099876004964,0.0
0.0004750409983600656,0.0
0.0004750509979600816,0.0
0.00047506099756009765,0.016666666666666607
0.0004750709971601136,0.0
0.00047508099676012963,0.016666666666666607
0.0004750909963601456,0.0
0.0004751009959601616,0.016666666666666607
0.00047511099556017764,0.016666666666666607
0.0004751209951601936,0.016666666666666607
0.00047513099476020963,0.016666666666666607
0.0004751409943602256,0.0
0.0004751509939602416,0.016666666666666607
0.00047516099356025764,0.0
0.0004751709931602736,0.0
0.0004751809927602896,0.0
0.0004751909923603056,0.0
0.0004752009919603216,0.016666666666666607
0.00047521099156033763,0.0
0.0004752209911603536,0.0
0.0004752309907603696,0.016666666666666607
0.0004752409903603856,0.016666666666666607
0.0004752509899604016,0.016666666666666607
0.00047526098956041763,0.016666666666666607
0.0004752709891604336,0.016666666666666607
0.0004752809887604496,0.016666666666666607
0.0004752909883604656,0.0
0.0004753009879604816,0.016666666666666607
0.0004753109875604976,0.0
0.0004753209871605136,0.0
0.0004753309867605296,0.0
0.0004753409863605456,0.0
0.0004753509859605616,0.0
0.0004753609855605776,0.0
0.0004753709851605936,0.0
0.0004753809847606096,0.0
0.0004753909843606256,0.016666666666666607
0.0004754009839606416,0.016666666666666607
0.0004754109835606576,0.0
0.0004754209831606736,0.016666666666666607
0.0004754309827606896,0.016666666666666607
0.0004754409823607056,0.016666666666666607
0.0004754509819607216,0.016666666666666607
0.0004754609815607376,0.016666666666666607
0.0004754709811607536,0.016666666666666607
0.0004754809807607696,0.0
0.00047549098036078557,0.0
0.0004755009799608016,0.016666666666666607
0.0004755109795608176,0.0
0.0004755209791608336,0.016666666666666607
0.0004755309787608496,0.0
0.00047554097836086557,0.016666666666666607
0.0004755509779608816,0.0
0.0004755609775608976,0.016666666666666607
0.0004755709771609136,0.016666666666666607
0.0004755809767609296,0.016666666666666607
0.00047559097636094556,0.016666666666666607
0.0004756009759609616,0.016666666666666607
0.0004756109755609776,0.0
0.00047562097516099357,0.016666666666666607
0.0004756309747610096,0.0
0.0004756409743610256,0.0
0.0004756509739610416,0.0
0.0004756609735610576,0.016666666666666607
0.00047567097316107357,0.0
0.0004756809727610896,0.0
0.0004756909723611056,0.0
0.0004757009719611216,0.0
0.0004757109715611376,0.0
0.00047572097116115356,0.016666666666666607
0.0004757309707611696,0.0
0.0004757409703611856,0.016666666666666607
0.00047575096996120157,0.0
0.0004757609695612176,0.0
0.00047577096916123356,0.0
0.0004757809687612496,0.0
0.0004757909683612656,0.0
0.00047580096796128157,0.016666666666666607
0.0004758109675612976,0.016666666666666607
0.00047582096716131356,0.0
0.0004758309667613296,0.016666666666666607
0.0004758409663613456,0.0
0.00047585096596136156,0.0
0.0004758609655613776,0.016666666666666607
0.00047587096516139355,0.016666666666666607
0.00047588096476140957,0.016666666666666607
0.0004758909643614256,0.0
0.00047590096396144156,0.0
0.0004759109635614576,0.0
0.00047592096316147355,0.0
0.00047593096276148957,0.016666666666666607
0.0004759409623615056,0.016666666666666607
0.00047595096196152156,0.016666666666666607
0.0004759609615615376,0.016666666666666607
0.00047597096116155354,0.016666666666666607
0.00047598096076156957,0.016666666666666607
0.0004759909603615856,0.0
0.00047600095996160155,0.0
0.0004760109595616176,0.016666666666666607
0.00047602095916163354,0.016666666666666607
0.00047603095876164956,0.0
0.0004760409583616656,0.0
0.00047605095796168155,0.016666666666666607
0.00047606095756169757,0.0
0.00047607095716171354,0.0
0.00047608095676172956,0.0
0.0004760909563617456,0.0
0.00047610095596176155,0.0
0.00047611095556177757,0.0
0.00047612095516179353,0.0
0.00047613095476180955,0.0
0.0004761409543618256,0.016666666666666607
0.00047615095396184154,0.0
0.00047616095356185756,0.016666666666666607
0.00047617095316187353,0.016666666666666607
0.00047618095276188955,0.016666666666666607
0.00047619095236190557,0.0
0.00047620095196192154,0.0
0.00047621095156193756,0.016666666666666607
0.0004762209511619535,0.0
0.00047623095076196955,0.0
0.00047624095036198557,0.016666666666666607
0.00047625094996200153,0.016666666666666607
0.00047626094956201755,0.016666666666666607
0.0004762709491620335,0.016666666666666607
0.00047628094876204954,0.016666666666666607
0.00047629094836206556,0.016666666666666607
0.00047630094796208153,0.0
0.00047631094756209755,0.0
0.0004763209471621135,0.016666666666666607
0.00047633094676212954,0.016666666666666607
0.00047634094636214556,0.0
0.0004763509459621615,-0.016666666666666607
0.00047636094556217755,0.0
0.0004763709451621935,-0.016666666666666607
0.00047638094476220953,0.016666666666666607
0.00047639094436222556,0.016666666666666607
0.0004764009439622415,0.033333333333333215
0.00047641094356225754,0.016666666666666607
0.0004764209431622735,0.0
0.00047643094276228953,0.0
0.00047644094236230555,0.016666666666666607
0.0004764509419623215,0.016666666666666607
0.00047646094156233754,0.033333333333333215
0.0004764709411623535,0.033333333333333215
0.00047648094076236953,0.016666666666666607
0.00047649094036238555,-0.016666666666666607
0.0004765009399624015,-0.016666666666666607
0.00047651093956241754,0.0
0.0004765209391624335,0.016666666666666607
0.0004765309387624495,0.016666666666666607
0.00047654093836246554,0.016666666666666607
0.0004765509379624815,0.0
0.00047656093756249753,0.0
0.00047657093716251355,0.0
0.0004765809367625295,0.0
0.00047659093636254554,0.016666666666666607
0.0004766009359625615,0.016666666666666607
0.00047661093556257753,0.016666666666666607
0.00047662093516259355,0.033333333333333215
0.0004766309347626095,0.0
0.00047664093436262554,0.016666666666666607
0.0004766509339626415,0.016666666666666607
0.0004766609335626575,0.0
0.00047667093316267355,0.016666666666666607
0.0004766809327626895,0.016666666666666607
0.00047669093236270553,0.0
0.0004767009319627215,0.016666666666666607
0.0004767109315627375,0.0
0.00047672093116275354,0.0
0.0004767309307627695,0.0
0.00047674093036278553,0.0
0.0004767509299628015,0.0
0.0004767609295628175,0.0
0.00047677092916283354,0.0
0.0004767809287628495,0.0
0.0004767909283628655,0.016666666666666607
0.0004768009279628815,0.016666666666666607
0.0004768109275628975,0.0
0.00047682092716291353,0.016666666666666607
0.0004768309267629295,0.016666666666666607
0.0004768409263629455,0.016666666666666607
0.0004768509259629615,0.016666666666666607
0.0004768609255629775,0.016666666666666607
0.00047687092516299353,0.0
0.0004768809247630095,0.016666666666666607
0.0004768909243630255,0.016666666666666607
0.0004769009239630415,0.016666666666666607
0.0004769109235630575,0.016666666666666607
0.0004769209231630735,0.016666666666666607
0.0004769309227630895,0.0
0.0004769409223631055,0.016666666666666607
0.0004769509219631215,0.016666666666666607
0.0004769609215631375,0.016666666666666607
0.0004769709211631535,0.0
0.0004769809207631695,0.016666666666666607
0.0004769909203631855,0.0
0.0004770009199632015,0.0
0.0004770109195632175,0.0
0.0004770209191632335,0.0
0.0004770309187632495,0.0
0.0004770409183632655,0.0
0.0004770509179632815,0.0
0.0004770609175632975,0.0
0.0004770709171633135,0.0
0.0004770809167633295,0.0
0.0004770909163633455,0.016666666666666607
0.00047710091596336147,0.016666666666666607
0.0004771109155633775,0.0
0.0004771209151633935,0.016666666666666607
0.0004771309147634095,0.016666666666666607
0.0004771409143634255,0.0
0.00047715091396344147,0.016666666666666607
0.0004771609135634575,0.016666666666666607
0.0004771709131634735,0.016666666666666607
0.0004771809127634895,0.0
0.0004771909123635055,0.016666666666666607
0.00047720091196352146,0.016666666666666607
0.0004772109115635375,0.0
0.0004772209111635535,0.016666666666666607
0.00047723091076356947,0.0
0.0004772409103635855,0.016666666666666607
0.00047725090996360146,0.0
0.0004772609095636175,0.016666666666666607
0.0004772709091636335,0.016666666666666607
0.00047728090876364947,0.016666666666666607
0.0004772909083636655,0.0
0.00047730090796368145,0.016666666666666607
0.0004773109075636975,0.0
0.0004773209071637135,0.016666666666666607
0.00047733090676372946,0.016666666666666607
0.0004773409063637455,0.016666666666666607
0.00047735090596376145,0.0
0.00047736090556377747,0.016666666666666607
0.0004773709051637935,0.016666666666666607
0.00047738090476380946,0.016666666666666607
0.0004773909043638255,0.0
0.00047740090396384145,0.016666666666666607
0.00047741090356385747,0.0
0.0004774209031638735,0.016666666666666607
0.00047743090276388946,0.016666666666666607
0.0004774409023639055,0.016666666666666607
0.00047745090196392144,0.0
0.00047746090156393746,0.0
0.0004774709011639535,0.0
0.00047748090076396945,0.016666666666666607
0.00047749090036398547,0.016666666666666607
0.0004775008999640015,0.0
0.00047751089956401746,0.016666666666666607
0.0004775208991640335,0.016666666666666607
0.00047753089876404945,0.0
0.00047754089836406547,0.0
0.0004775508979640815,0.016666666666666607
0.00047756089756409746,0.016666666666666607
0.0004775708971641135,0.016666666666666607
0.00047758089676412944,0.016666666666666607
0.00047759089636414547,0.0
0.0004776008959641615,0.0
0.00047761089556417745,0.0
0.0004776208951641935,0.0
0.00047763089476420944,0.0
0.00047764089436422546,0.016666666666666607
0.0004776508939642415,0.0
0.00047766089356425745,0.0
0.00047767089316427347,0.0
0.00047768089276428944,0.0
0.00047769089236430546,0.0
0.0004777008919643215,0.016666666666666607
0.00047771089156433745,0.016666666666666607
0.00047772089116435347,0.016666666666666607
0.00047773089076436943,0.0
0.00047774089036438545,0.016666666666666607
0.0004777508899644015,0.0
0.00047776088956441744,0.0
0.00047777088916443346,0.0
0.00047778088876444943,0.0
0.00047779088836446545,0.016666666666666607
0.00047780088796448147,0.0
0.00047781088756449744,0.0
0.00047782088716451346,0.016666666666666607
0.0004778308867645294,0.0
0.00047784088636454545,0.016666666666666607
0.00047785088596456147,0.016666666666666607
0.00047786088556457743,0.016666666666666607
0.00047787088516459345,0.016666666666666607
0.0004778808847646094,0.0
0.00047789088436462544,0.016666666666666607
0.00047790088396464146,0.016666666666666607
0.00047791088356465743,0.0
0.00047792088316467345,0.016666666666666607
0.0004779308827646894,0.016666666666666607
0.00047794088236470544,0.016666666666666607
0.00047795088196472146,0.0
0.0004779608815647374,0.016666666666666607
0.00047797088116475345,0.0
0.0004779808807647694,0.016666666666666607
0.00047799088036478543,0.0
0.00047800087996480146,0.0
0.0004780108795648174,0.0
0.00047802087916483344,0.016666666666666607
0.0004780308787648494,0.0
0.00047804087836486543,0.016666666666666607
0.00047805087796488145,0.0
0.0004780608775648974,0.0
0.00047807087716491344,0.0
0.0004780808767649294,0.016666666666666607
0.00047809087636494543,0.016666666666666607
0.00047810087596496145,0.0
0.0004781108755649774,0.0
0.00047812087516499344,0.016666666666666607
0.0004781308747650094,0.0
0.0004781408743650254,0.0
0.00047815087396504144,0.0
0.0004781608735650574,0.016666666666666607
0.00047817087316507343,0.0
0.0004781808727650894,0.0
0.0004781908723651054,0.0
0.00047820087196512144,0.016666666666666607
0.0004782108715651374,0.0
0.00047822087116515343,0.016666666666666607
0.0004782308707651694,0.016666666666666607
0.0004782408703651854,0.016666666666666607
0.00047825086996520144,0.0
0.0004782608695652174,0.016666666666666607
0.0004782708691652334,0.0
0.0004782808687652494,0.016666666666666607
0.0004782908683652654,0.0
0.00047830086796528143,0.016666666666666607
0.0004783108675652974,0.0
0.0004783208671653134,0.016666666666666607
0.0004783308667653294,0.0
0.0004783408663653454,0.016666666666666607
0.00047835086596536143,0.016666666666666607
0.0004783608655653774,0.016666666666666607
0.0004783708651653934,0.016666666666666607
0.0004783808647654094,0.016666666666666607
0.0004783908643654254,0.016666666666666607
0.0004784008639654414,0.0
0.0004784108635654574,0.0
0.0004784208631654734,0.0
0.0004784308627654894,0.0
0.0004784408623655054,0.0
0.0004784508619655214,0.0
0.0004784608615655374,0.0
0.0004784708611655534,0.016666666666666607
0.00047848086076556943,0.016666666666666607
0.0004784908603655854,0.0
0.0004785008599656014,0.016666666666666607
0.0004785108595656174,0.0
0.0004785208591656334,0.016666666666666607
0.0004785308587656494,0.0
0.0004785408583656654,0.016666666666666607
0.0004785508579656814,0.0
0.0004785608575656974,0.016666666666666607
0.0004785708571657134,0.0
0.0004785808567657294,0.0
0.0004785908563657454,0.016666666666666607
0.0004786008559657614,0.0
0.0004786108555657774,0.0
0.0004786208551657934,0.016666666666666607
0.0004786308547658094,0.0
0.0004786408543658254,0.0
0.0004786508539658414,0.0
0.0004786608535658574,0.016666666666666607
0.0004786708531658734,0.0
0.0004786808527658894,0.016666666666666607
0.0004786908523659054,0.016666666666666607
0.0004787008519659214,0.016666666666666607
0.00047871085156593737,0.0
0.0004787208511659534,0.016666666666666607
0.0004787308507659694,0.016666666666666607
0.0004787408503659854,0.016666666666666607
0.0004787508499660014,0.0
0.00047876084956601737,0.016666666666666607
0.0004787708491660334,0.0
0.0004787808487660494,0.016666666666666607
0.0004787908483660654,0.0
0.0004788008479660814,0.0
0.00047881084756609736,0.0
0.0004788208471661134,0.016666666666666607
0.0004788308467661294,0.016666666666666607
0.00047884084636614537,0.0
0.0004788508459661614,0.016666666666666607
0.00047886084556617736,0.016666666666666607
0.0004788708451661934,0.0
0.0004788808447662094,0.016666666666666607
0.00047889084436622537,0.0
0.0004789008439662414,0.016666666666666607
0.00047891084356625735,0.016666666666666607
0.0004789208431662734,0.016666666666666607
0.0004789308427662894,0.0
0.00047894084236630536,0.016666666666666607
0.0004789508419663214,0.016666666666666607
0.00047896084156633735,0.0
0.00047897084116635337,0.016666666666666607
0.0004789808407663694,0.0
0.00047899084036638536,0.0
0.0004790008399664014,0.016666666666666607
0.00047901083956641735,0.0
0.00047902083916643337,0.016666666666666607
0.0004790308387664494,0.016666666666666607
0.00047904083836646536,0.016666666666666607
0.0004790508379664814,0.0
0.00047906083756649734,0.016666666666666607
0.00047907083716651336,0.016666666666666607
0.0004790808367665294,0.016666666666666607
0.00047909083636654535,0.0
0.00047910083596656137,0.016666666666666607
0.00047911083556657734,0.016666666666666607
0.00047912083516659336,0.016666666666666607
0.0004791308347666094,0.016666666666666607
0.00047914083436662535,0.0
0.00047915083396664137,0.016666666666666607
0.00047916083356665734,0.016666666666666607
0.00047917083316667336,0.0
0.0004791808327666894,0.0
0.00047919083236670534,0.016666666666666607
0.00047920083196672137,0.016666666666666607
0.00047921083156673733,0.016666666666666607
0.00047922083116675335,0.016666666666666607
0.0004792308307667694,0.0
0.00047924083036678534,0.016666666666666607
0.00047925082996680136,0.0
0.00047926082956681733,0.016666666666666607
0.00047927082916683335,0.0
0.00047928082876684937,0.0
0.00047929082836686534,0.0
0.00047930082796688136,0.0
0.0004793108275668973,0.0
0.00047932082716691335,0.0
0.00047933082676692937,0.0
0.00047934082636694533,0.016666666666666607
0.00047935082596696135,0.0
0.0004793608255669773,0.016666666666666607
0.00047937082516699334,0.016666666666666607
0.00047938082476700936,0.016666666666666607
0.00047939082436702533,0.0
0.00047940082396704135,0.0
0.00047941082356705737,0.0
0.00047942082316707334,0.016666666666666607
0.00047943082276708936,0.016666666666666607
0.0004794408223671053,0.016666666666666607
0.00047945082196712135,0.016666666666666607
0.00047946082156713737,0.0
0.00047947082116715333,0.016666666666666607
0.00047948082076716935,0.016666666666666607
0.0004794908203671853,0.0
0.00047950081996720134,0.016666666666666607
0.00047951081956721736,0.016666666666666607
0.00047952081916723333,0.016666666666666607
0.00047953081876724935,0.0
0.0004795408183672653,0.016666666666666607
0.00047955081796728134,0.0
0.00047956081756729736,0.016666666666666607
0.0004795708171673133,0.016666666666666607
0.00047958081676732935,0.016666666666666607
0.0004795908163673453,0.0
0.00047960081596736133,0.0
0.00047961081556737736,0.0
0.0004796208151673933,0.016666666666666607
0.00047963081476740934,0.0
0.0004796408143674253,0.0
0.00047965081396744133,0.0
0.00047966081356745735,0.016666666666666607
0.0004796708131674733,0.0
0.00047968081276748934,0.0
0.0004796908123675053,0.0
0.00047970081196752133,0.016666666666666607
0.00047971081156753735,0.016666666666666607
0.0004797208111675533,0.016666666666666607
0.00047973081076756934,0.0
0.0004797408103675853,0.0
0.0004797508099676013,0.0
0.00047976080956761734,0.016666666666666607
0.0004797708091676333,0.016666666666666607
0.00047978080876764933,0.016666666666666607
0.0004797908083676653,0.0
0.0004798008079676813,0.016666666666666607
0.00047981080756769734,0.0
0.0004798208071677133,0.016666666666666607
0.00047983080676772933,0.0
0.0004798408063677453,0.0
0.0004798508059677613,0.016666666666666607
0.00047986080556777734,0.0
0.0004798708051677933,0.016666666666666607
0.0004798808047678093,0.0
0.0004798908043678253,0.016666666666666607
0.0004799008039678413,0.0
0.00047991080356785733,0.016666666666666607
0.0004799208031678733,0.016666666666666607
0.0004799308027678893,0.016666666666666607
0.0004799408023679053,0.0
0.0004799508019679213,0.0
0.00047996080156793733,0.0
0.0004799708011679533,0.016666666666666607
0.0004799808007679693,0.016666666666666607
0.0004799908003679853,0.0
0.0004800007999680013,0.016666666666666607
0.0004800107995680173,0.016666666666666607
0.0004800207991680333,0.016666666666666607
0.0004800307987680493,0.0
0.0004800407983680653,0.016666666666666607
0.0004800507979680813,0.0
0.0004800607975680973,0.0
0.0004800707971681133,0.016666666666666607
0.0004800807967681293,0.016666666666666607
0.0004800907963681453,0.016666666666666607
0.0004801007959681613,0.0
0.0004801107955681773,0.016666666666666607
0.0004801207951681933,0.016666666666666607
0.0004801307947682093,0.0
0.00048014079436822527,0.0
0.0004801507939682413,0.016666666666666607
0.0004801607935682573,0.016666666666666607
0.0004801707931682733,0.016666666666666607
0.0004801807927682893,0.0
0.00048019079236830527,0.016666666666666607
0.0004802007919683213,0.0
0.0004802107915683373,0.0
0.0004802207911683533,0.0
0.0004802307907683693,0.0
0.00048024079036838526,0.016666666666666607
0.0004802507899684013,0.016666666666666607
0.0004802607895684173,0.033333333333333215
0.0004802707891684333,0.016666666666666607
0.0004802807887684493,0.016666666666666607
0.00048029078836846526,0.0
0.0004803007879684813,0.0
0.0004803107875684973,0.0
0.00048032078716851327,0.016666666666666607
0.0004803307867685293,0.016666666666666607
0.0004803407863685453,0.0
0.0004803507859685613,0.0
0.0004803607855685773,0.0
0.00048037078516859327,0.0
0.0004803807847686093,0.0
0.0004803907843686253,0.016666666666666607
0.0004804007839686413,0.016666666666666607
0.0004804107835686573,0.016666666666666607
0.00048042078316867326,0.016666666666666607
0.0004804307827686893,0.016666666666666607
0.0004804407823687053,0.016666666666666607
0.00048045078196872127,0.016666666666666607
0.0004804607815687373,0.016666666666666607
0.00048047078116875326,0.0
0.0004804807807687693,0.016666666666666607
0.0004804907803687853,0.0
0.00048050077996880127,0.0
0.0004805107795688173,0.0
0.00048052077916883325,0.0
0.0004805307787688493,0.0
0.0004805407783688653,0.0
0.00048055077796888126,-0.016666666666666607
0.0004805607775688973,0.016666666666666607
0.00048057077716891325,0.0
0.00048058077676892927,0.016666666666666607
0.0004805907763689453,0.016666666666666607
0.00048060077596896126,0.0
0.0004806107755689773,0.0
0.00048062077516899325,0.016666666666666607
0.00048063077476900927,0.0
0.0004806407743690253,0.016666666666666607
0.00048065077396904126,0.016666666666666607
0.0004806607735690573,0.016666666666666607
0.00048067077316907324,0.0
0.00048068077276908926,0.016666666666666607
0.0004806907723691053,0.016666666666666607
0.00048070077196912125,0.016666666666666607
0.00048071077156913727,0.016666666666666607
0.00048072077116915324,0.016666666666666607
0.00048073077076916926,0.016666666666666607
0.0004807407703691853,0.0
0.00048075076996920125,0.0
0.00048076076956921727,0.016666666666666607
0.00048077076916923324,0.016666666666666607
0.00048078076876924926,0.0
0.0004807907683692653,0.0
0.00048080076796928124,0.0
0.00048081076756929727,0.0
0.00048082076716931323,0.016666666666666607
0.00048083076676932925,0.0
0.0004808407663693453,0.0
0.00048085076596936124,0.016666666666666607
0.00048086076556937726,0.016666666666666607
0.00048087076516939323,0.0
0.00048088076476940925,0.016666666666666607
0.00048089076436942527,0.016666666666666607
0.00048090076396944124,0.016666666666666607
0.00048091076356945726,0.0
0.0004809207631694732,0.016666666666666607
0.00048093076276948925,0.0
0.00048094076236950527,0.016666666666666607
0.00048095076196952123,0.0
0.00048096076156953725,0.016666666666666607
0.0004809707611695532,0.016666666666666607
0.00048098076076956924,0.016666666666666607
0.00048099076036958526,0.016666666666666607
0.00048100075996960123,0.016666666666666607
0.00048101075956961725,0.0
0.0004810207591696332,0.0
0.00048103075876964924,0.0
0.00048104075836966526,0.0
0.0004810507579696812,0.0
0.00048106075756969725,0.0
0.0004810707571697132,0.0
0.00048108075676972923,0.0
0.00048109075636974525,0.0
0.0004811007559697612,0.016666666666666607
0.00048111075556977724,0.016666666666666607
0.0004811207551697932,0.016666666666666607
0.00048113075476980923,0.016666666666666607
0.00048114075436982525,0.016666666666666607
0.0004811507539698412,0.016666666666666607
0.00048116075356985724,0.016666666666666607
0.0004811707531698732,0.033333333333333215
0.0004811807527698892,0.016666666666666607
0.00048119075236990525,0.016666666666666607
0.0004812007519699212,0.016666666666666607
0.00048121075156993723,0.016666666666666607
0.0004812207511699532,0.0
0.0004812307507699692,0.0
0.00048124075036998524,0.0
0.0004812507499700012,0.0
0.00048126074957001723,0.0
0.00048127074917003325,0.0
0.0004812807487700492,0.0
0.00048129074837006524,0.0
0.0004813007479700812,0.016666666666666607
0.00048131074757009723,0.016666666666666607
0.00048132074717011325,0.0
0.0004813307467701292,0.0
0.00048134074637014524,0.016666666666666607
0.0004813507459701612,0.0
0.0004813607455701772,0.0
0.00048137074517019324,0.016666666666666607
0.0004813807447702092,0.0
0.00048139074437022523,0.0
0.0004814007439702412,0.0
0.0004814107435702572,0.016666666666666607
0.00048142074317027324,0.0
0.0004814307427702892,0.016666666666666607
0.00048144074237030523,0.016666666666666607
0.0004814507419703212,0.0
0.0004814607415703372,0.016666666666666607
0.00048147074117035324,0.016666666666666607
0.0004814807407703692,0.016666666666666607
0.0004814907403703852,0.0
0.0004815007399704012,0.016666666666666607
0.0004815107395704172,0.016666666666666607
0.00048152073917043323,0.0
0.0004815307387704492,0.016666666666666607
0.0004815407383704652,0.016666666666666607
0.0004815507379704812,0.0
0.0004815607375704972,0.016666666666666607
0.00048157073717051323,0.016666666666666607
0.0004815807367705292,0.0
0.0004815907363705452,0.0
0.0004816007359705612,0.0
0.0004816107355705772,0.0
0.0004816207351705932,0.016666666666666607
0.0004816307347706092,0.016666666666666607
0.0004816407343706252,0.016666666666666607
0.0004816507339706412,0.0
0.0004816607335706572,0.016666666666666607
0.0004816707331706732,0.0
0.0004816807327706892,0.0
0.0004816907323707052,0.016666666666666607
0.0004817007319707212,0.016666666666666607
0.0004817107315707372,0.0
0.0004817207311707532,0.0
0.0004817307307707692,0.0
0.0004817407303707852,0.016666666666666607
0.00048175072997080117,0.0
0.0004817607295708172,0.016666666666666607
0.0004817707291708332,0.0
0.0004817807287708492,0.0
0.0004817907283708652,0.016666666666666607
0.00048180072797088117,0.016666666666666607
0.0004818107275708972,0.016666666666666607
0.0004818207271709132,0.0
0.0004818307267709292,0.0
0.0004818407263709452,0.016666666666666607
0.00048185072597096116,0.016666666666666607
0.0004818607255709772,0.0
0.0004818707251709932,0.016666666666666607
0.0004818807247710092,0.0
0.0004818907243710252,0.016666666666666607
0.00048190072397104116,0.0
0.0004819107235710572,0.016666666666666607
0.0004819207231710732,0.016666666666666607
0.00048193072277108917,0.016666666666666607
0.0004819407223711052,0.016666666666666607
0.00048195072197112116,0.016666666666666607
0.0004819607215711372,0.016666666666666607
0.0004819707211711532,0.016666666666666607
0.00048198072077116917,0.016666666666666607
0.0004819907203711852,0.016666666666666607
0.00048200071997120115,0.016666666666666607
0.0004820107195712172,0.016666666666666607
0.0004820207191712332,0.016666666666666607
0.00048203071877124916,0.0
0.0004820407183712652,0.0
0.00048205071797128115,0.0
0.00048206071757129717,0.0
0.0004820707171713132,0.016666666666666607
0.00048208071677132916,0.0
0.0004820907163713452,0.0
0.00048210071597136115,0.016666666666666607
0.00048211071557137717,0.0
0.0004821207151713932,0.016666666666666607
0.00048213071477140915,0.0
0.0004821407143714252,0.016666666666666607
0.00048215071397144114,0.016666666666666607
0.00048216071357145716,0.016666666666666607
0.0004821707131714732,0.016666666666666607
0.00048218071277148915,0.016666666666666607
0.00048219071237150517,0.016666666666666607
0.0004822007119715212,0.016666666666666607
0.00048221071157153716,0.016666666666666607
0.0004822207111715532,0.0
0.00048223071077156915,0.0
0.00048224071037158517,0.016666666666666607
0.0004822507099716012,0.0
0.00048226070957161716,0.016666666666666607
0.0004822707091716332,0.016666666666666607
0.00048228070877164914,0.016666666666666607
0.00048229070837166516,0.016666666666666607
0.0004823007079716812,0.0
0.00048231070757169715,0.016666666666666607
0.00048232070717171317,0.016666666666666607
0.00048233070677172914,0.0
0.00048234070637174516,0.016666666666666607
0.0004823507059717612,0.016666666666666607
0.00048236070557177715,0.016666666666666607
0.00048237070517179317,0.0
0.00048238070477180914,0.016666666666666607
0.00048239070437182516,0.0
0.0004824007039718412,0.016666666666666607
0.00048241070357185714,0.016666666666666607
0.00048242070317187317,0.016666666666666607
0.00048243070277188913,0.016666666666666607
0.00048244070237190515,0.016666666666666607
0.0004824507019719212,0.0
0.00048246070157193714,0.016666666666666607
0.00048247070117195316,0.016666666666666607
0.00048248070077196913,0.0
0.00048249070037198515,0.0
0.00048250069997200117,0.0
0.00048251069957201714,0.016666666666666607
0.00048252069917203316,0.0
0.0004825306987720491,0.0
0.00048254069837206515,0.0
0.00048255069797208117,0.0
0.00048256069757209713,0.016666666666666607
0.00048257069717211315,0.0
0.0004825806967721291,0.016666666666666607
0.00048259069637214514,0.0
0.00048260069597216116,0.016666666666666607
0.00048261069557217713,0.016666666666666607
0.00048262069517219315,0.016666666666666607
0.0004826306947722091,0.0
0.00048264069437222514,0.0
0.00048265069397224116,0.016666666666666607
0.0004826606935722571,0.016666666666666607
0.00048267069317227315,0.0
0.0004826806927722891,0.016666666666666607
0.00048269069237230513,0.0
0.00048270069197232115,0.016666666666666607
0.0004827106915723371,0.016666666666666607
0.00048272069117235314,0.016666666666666607
0.0004827306907723691,0.016666666666666607
0.00048274069037238513,0.016666666666666607
0.00048275068997240115,0.016666666666666607
0.0004827606895724171,0.016666666666666607
0.00048277068917243314,0.0
0.0004827806887724491,0.0
0.0004827906883724651,0.016666666666666607
0.00048280068797248115,0.016666666666666607
0.0004828106875724971,0.0
0.00048282068717251313,0.016666666666666607
0.0004828306867725291,0.0
0.0004828406863725451,0.0
0.00048285068597256114,0.016666666666666607
0.0004828606855725771,0.016666666666666607
0.00048287068517259313,0.016666666666666607
0.0004828806847726091,0.0
0.0004828906843726251,0.016666666666666607
0.00048290068397264114,0.016666666666666607
0.0004829106835726571,0.0
0.00048292068317267313,0.016666666666666607
0.0004829306827726891,0.0
0.0004829406823727051,0.0
0.00048295068197272114,0.016666666666666607
0.0004829606815727371,0.016666666666666607
0.0004829706811727531,0.0
0.0004829806807727691,0.016666666666666607
0.0004829906803727851,0.016666666666666607
0.00048300067997280113,0.016666666666666607
0.0004830106795728171,0.016666666666666607
0.0004830206791728331,0.0
0.0004830306787728491,0.016666666666666607
0.0004830406783728651,0.016666666666666607
0.00048305067797288113,0.0
0.0004830606775728971,0.016666666666666607
0.0004830706771729131,0.016666666666666607
0.0004830806767729291,0.0
0.0004830906763729451,0.0
0.0004831006759729611,0.016666666666666607
0.0004831106755729771,0.016666666666666607
0.0004831206751729931,0.016666666666666607
0.00048313067477300913,0.016666666666666607
0.0004831406743730251,0.0
0.0004831506739730411,0.0
0.0004831606735730571,0.016666666666666607
0.0004831706731730731,0.0
0.00048318067277308913,0.016666666666666607
0.0004831906723731051,0.016666666666666607
0.0004832006719731211,0.016666666666666607
0.0004832106715731371,0.0
0.0004832206711731531,0.0
0.0004832306707731691,0.0
0.0004832406703731851,0.016666666666666607
0.0004832506699732011,0.016666666666666607
0.0004832606695732171,0.016666666666666607
0.0004832706691732331,0.016666666666666607
0.0004832806687732491,0.0
0.0004832906683732651,0.016666666666666607
0.0004833006679732811,0.016666666666666607
0.0004833106675732971,0.0
0.0004833206671733131,0.016666666666666607
0.0004833306667733291,0.016666666666666607
0.0004833406663733451,0.016666666666666607
0.0004833506659733611,0.016666666666666607
0.00048336066557337707,0.016666666666666607
0.0004833706651733931,0.0
0.0004833806647734091,0.0
0.0004833906643734251,0.0
0.0004834006639734411,0.0
0.00048341066357345707,0.016666666666666607
0.0004834206631734731,0.0
0.0004834306627734891,0.0
0.0004834406623735051,0.016666666666666607
0.0004834506619735211,0.0
0.00048346066157353706,0.0
0.0004834706611735531,0.0
0.0004834806607735691,0.016666666666666607
0.0004834906603735851,0.016666666666666607
0.0004835006599736011,0.0
0.00048351065957361706,0.0
0.0004835206591736331,0.0
0.0004835306587736491,0.016666666666666607
0.00048354065837366507,0.016666666666666607
0.0004835506579736811,0.016666666666666607
0.00048356065757369706,0.016666666666666607
0.0004835706571737131,0.016666666666666607
0.0004835806567737291,0.0
0.00048359065637374507,0.016666666666666607
0.0004836006559737611,0.016666666666666607
0.00048361065557377705,0.016666666666666607
0.0004836206551737931,0.0
0.0004836306547738091,0.0
0.00048364065437382506,0.0
0.0004836506539738411,0.016666666666666607
0.00048366065357385705,0.0
0.00048367065317387307,0.016666666666666607
0.0004836806527738891,0.016666666666666607
0.00048369065237390506,0.016666666666666607
0.0004837006519739211,0.0
0.00048371065157393705,0.0
0.00048372065117395307,0.0
0.0004837306507739691,0.016666666666666607
0.00048374065037398505,0.016666666666666607
0.0004837506499740011,0.016666666666666607
0.00048376064957401704,0.016666666666666607
0.00048377064917403306,0.016666666666666607
0.0004837806487740491,0.016666666666666607
0.00048379064837406505,0.0
0.00048380064797408107,0.016666666666666607
0.00048381064757409704,0.0
0.00048382064717411306,0.0
0.0004838306467741291,0.0
0.00048384064637414505,0.016666666666666607
0.00048385064597416107,0.0
0.00048386064557417703,0.016666666666666607
0.00048387064517419306,0.016666666666666607
0.0004838806447742091,0.016666666666666607
0.00048389064437422504,0.016666666666666607
0.00048390064397424106,0.0
0.00048391064357425703,0.016666666666666607
0.00048392064317427305,0.016666666666666607
0.00048393064277428907,0.016666666666666607
0.00048394064237430504,0.0
0.00048395064197432106,0.0
0.00048396064157433703,0.016666666666666607
0.00048397064117435305,0.016666666666666607
0.00048398064077436907,0.0
0.00048399064037438504,0.016666666666666607
0.00048400063997440106,0.016666666666666607
0.000484010639574417,0.016666666666666607
0.00048402063917443304,0.016666666666666607
0.00048403063877444907,0.0
0.00048404063837446503,0.016666666666666607
0.00048405063797448105,0.016666666666666607
0.0004840606375744971,0.016666666666666607
0.00048407063717451304,0.016666666666666607
0.00048408063677452906,0.0
0.00048409063637454503,0.016666666666666607
0.00048410063597456105,0.016666666666666607
0.00048411063557457707,0.016666666666666607
0.00048412063517459304,0.016666666666666607
0.00048413063477460906,0.016666666666666607
0.000484140634374625,0.016666666666666607
0.00048415063397464105,0.016666666666666607
0.00048416063357465707,0.0
0.00048417063317467303,0.016666666666666607
0.00048418063277468905,0.016666666666666607
0.000484190632374705,0.016666666666666607
0.00048420063197472104,0.016666666666666607
0.00048421063157473706,0.016666666666666607
0.00048422063117475303,0.016666666666666607
0.00048423063077476905,0.016666666666666607
0.000484240630374785,0.0
0.00048425062997480104,0.016666666666666607
0.00048426062957481706,0.0
0.000484270629174833,0.016666666666666607
0.00048428062877484905,0.016666666666666607
0.000484290628374865,0.016666666666666607
0.00048430062797488103,0.0
0.00048431062757489705,0.016666666666666607
0.000484320627174913,0.016666666666666607
0.00048433062677492904,0.0
0.000484340626374945,0.0
0.00048435062597496103,0.0
0.00048436062557497705,0.0
0.000484370625174993,0.016666666666666607
0.00048438062477500904,0.016666666666666607
0.000484390624375025,0.016666666666666607
0.000484400623975041,0.016666666666666607
0.00048441062357505705,0.016666666666666607
0.000484420623175073,0.0
0.00048443062277508904,0.016666666666666607
0.000484440622375105,0.016666666666666607
0.000484450621975121,0.0
0.00048446062157513704,0.0
0.000484470621175153,0.0
0.00048448062077516903,0.0
0.000484490620375185,0.016666666666666607
0.000484500619975201,0.016666666666666607
0.00048451061957521704,0.016666666666666607
0.000484520619175233,0.016666666666666607
0.00048453061877524903,0.016666666666666607
0.000484540618375265,0.016666666666666607
0.000484550617975281,0.0
0.00048456061757529704,0.016666666666666607
0.000484570617175313,0.016666666666666607
0.000484580616775329,0.0
0.000484590616375345,0.016666666666666607
0.000484600615975361,0.016666666666666607
0.00048461061557537703,0.0
0.000484620615175393,0.0
0.000484630614775409,0.016666666666666607
0.000484640614375425,0.016666666666666607
0.000484650613975441,0.016666666666666607
0.00048466061357545703,0.016666666666666607
0.000484670613175473,0.016666666666666607
0.000484680612775489,0.0
0.000484690612375505,0.0
0.000484700611975521,0.016666666666666607
0.000484710611575537,0.016666666666666607
0.000484720611175553,0.0
0.000484730610775569,0.016666666666666607
0.000484740610375585,0.016666666666666607
0.000484750609975601,0.0
0.000484760609575617,0.016666666666666607
0.000484770609175633,0.016666666666666607
0.000484780608775649,0.016666666666666607
0.000484790608375665,0.0
0.000484800607975681,0.016666666666666607
0.000484810607575697,0.0
0.000484820607175713,0.0
0.000484830606775729,0.0
0.00048484060637574497,0.016666666666666607
0.000484850605975761,0.016666666666666607
0.000484860605575777,0.016666666666666607
0.000484870605175793,0.0
0.000484880604775809,0.016666666666666607
0.00048489060437582497,0.0
0.000484900603975841,0.016666666666666607
0.000484910603575857,0.0
0.000484920603175873,0.016666666666666607
0.000484930602775889,0.016666666666666607
0.00048494060237590496,0.0
0.000484950601975921,0.0
0.000484960601575937,0.0
0.00048497060117595297,0.016666666666666607
0.000484980600775969,0.016666666666666607
0.000484990600375985,0.016666666666666607
0.000485000599976001,0.016666666666666607
0.000485010599576017,0.0
0.00048502059917603297,0.016666666666666607
0.000485030598776049,0.016666666666666607
0.000485040598376065,0.016666666666666607
0.000485050597976081,0.0
0.000485060597576097,0.0
0.00048507059717611296,0.016666666666666607
0.000485080596776129,0.016666666666666607
0.000485090596376145,0.0
0.000485100595976161,0.016666666666666607
0.000485110595576177,0.0
0.00048512059517619296,0.016666666666666607
0.000485130594776209,0.0
0.000485140594376225,0.016666666666666607
0.00048515059397624097,0.016666666666666607
0.000485160593576257,0.0
0.00048517059317627296,0.016666666666666607
0.000485180592776289,0.016666666666666607
0.000485190592376305,0.016666666666666607
0.00048520059197632097,0.016666666666666607
0.000485210591576337,0.016666666666666607
0.00048522059117635295,0.016666666666666607
0.000485230590776369,0.016666666666666607
0.000485240590376385,0.016666666666666607
0.00048525058997640096,0.016666666666666607
0.000485260589576417,0.016666666666666607
0.00048527058917643295,0.0
0.00048528058877644897,0.016666666666666607
0.000485290588376465,0.016666666666666607
0.00048530058797648096,0.016666666666666607
0.000485310587576497,0.0
0.00048532058717651295,0.0
0.00048533058677652897,0.016666666666666607
0.000485340586376545,0.016666666666666607
0.00048535058597656095,0.0
0.000485360585576577,0.016666666666666607
0.00048537058517659294,0.016666666666666607
0.00048538058477660896,0.0
0.000485390584376625,0.016666666666666607
0.00048540058397664095,0.0
0.00048541058357665697,0.016666666666666607
0.00048542058317667294,0.016666666666666607
0.00048543058277668896,0.0
0.000485440582376705,0.016666666666666607
0.00048545058197672095,0.0
0.00048546058157673697,0.016666666666666607
0.00048547058117675293,0.016666666666666607
0.00048548058077676896,0.016666666666666607
0.000485490580376785,0.016666666666666607
0.00048550057997680094,0.016666666666666607
0.00048551057957681696,0.016666666666666607
0.00048552057917683293,0.016666666666666607
0.00048553057877684895,0.0
0.00048554057837686497,0.0
0.00048555057797688094,0.016666666666666607
0.00048556057757689696,0.016666666666666607
0.00048557057717691293,0.0
0.00048558057677692895,0.016666666666666607
0.00048559057637694497,0.016666666666666607
0.00048560057597696094,0.016666666666666607
0.00048561057557697696,0.016666666666666607
0.0004856205751769929,0.016666666666666607
0.00048563057477700894,0.016666666666666607
0.00048564057437702497,0.016666666666666607
0.00048565057397704093,0.0
0.00048566057357705695,0.0
0.0004856705731770729,0.0
0.00048568057277708894,0.016666666666666607
0.00048569057237710496,0.016666666666666607
0.00048570057197712093,0.016666666666666607
0.00048571057157713695,0.0
0.0004857205711771529,0.0
0.00048573057077716894,0.016666666666666607
0.00048574057037718496,0.016666666666666607
0.0004857505699772009,0.016666666666666607
0.00048576056957721695,0.016666666666666607
0.0004857705691772329,0.016666666666666607
0.00048578056877724893,0.016666666666666607
0.00048579056837726495,0.0
0.0004858005679772809,0.016666666666666607
0.00048581056757729694,0.0
0.0004858205671773129,0.016666666666666607
0.00048583056677732893,0.016666666666666607
0.00048584056637734495,0.016666666666666607
0.0004858505659773609,0.0
0.00048586056557737694,0.0
0.0004858705651773929,0.016666666666666607
0.0004858805647774089,0.016666666666666607
0.00048589056437742495,0.016666666666666607
0.0004859005639774409,0.0
0.00048591056357745693,0.016666666666666607
0.00048592056317747295,0.016666666666666607
0.0004859305627774889,0.016666666666666607
0.00048594056237750494,0.0
0.0004859505619775209,0.016666666666666607
0.00048596056157753693,0.0
0.00048597056117755295,0.0
0.0004859805607775689,0.016666666666666607
0.00048599056037758494,0.016666666666666607
0.0004860005599776009,0.016666666666666607
0.0004860105595776169,0.016666666666666607
0.00048602055917763295,0.016666666666666607
0.0004860305587776489,0.0
0.00048604055837766494,0.016666666666666607
0.0004860505579776809,0.016666666666666607
0.0004860605575776969,0.016666666666666607
0.00048607055717771294,0.0
0.0004860805567777289,0.016666666666666607
0.00048609055637774493,0.016666666666666607
0.0004861005559777609,0.0
0.0004861105555777769,0.016666666666666607
0.00048612055517779294,0.016666666666666607
0.0004861305547778089,0.0
0.00048614055437782493,0.016666666666666607
0.0004861505539778409,0.016666666666666607
0.0004861605535778569,0.0
0.00048617055317787294,0.016666666666666607
0.0004861805527778889,0.016666666666666607
0.0004861905523779049,0.0
0.0004862005519779209,0.0
0.0004862105515779369,0.0
0.00048622055117795293,0.016666666666666607
0.0004862305507779689,0.016666666666666607
0.0004862405503779849,0.016666666666666607
0.0004862505499780009,0.0
0.0004862605495780169,0.016666666666666607
0.00048627054917803293,0.0
0.0004862805487780489,0.016666666666666607
0.0004862905483780649,0.0
0.0004863005479780809,0.0
0.0004863105475780969,0.0
0.0004863205471781129,0.016666666666666607
0.0004863305467781289,0.0
0.0004863405463781449,0.016666666666666607
0.0004863505459781609,0.016666666666666607
0.0004863605455781769,0.016666666666666607
0.0004863705451781929,0.016666666666666607
0.0004863805447782089,0.016666666666666607
0.0004863905443782249,0.0
0.0004864005439782409,0.016666666666666607
0.0004864105435782569,0.0
0.0004864205431782729,0.016666666666666607
0.0004864305427782889,0.016666666666666607
0.0004864405423783049,0.016666666666666607
0.00048645054197832087,0.0
0.0004864605415783369,0.016666666666666607
0.0004864705411783529,0.0
0.0004864805407783689,0.016666666666666607
0.0004864905403783849,0.0
0.00048650053997840087,0.0
0.0004865105395784169,0.016666666666666607
0.0004865205391784329,0.0
0.0004865305387784489,0.016666666666666607
0.0004865405383784649,0.016666666666666607
0.00048655053797848086,0.0
0.0004865605375784969,0.016666666666666607
0.0004865705371785129,0.016666666666666607
0.00048658053677852887,0.016666666666666607
0.0004865905363785449,0.0
0.00048660053597856086,0.0
0.0004866105355785769,0.0
0.0004866205351785929,0.016666666666666607
0.00048663053477860887,0.016666666666666607
0.0004866405343786249,0.016666666666666607
0.00048665053397864086,0.016666666666666607
0.0004866605335786569,0.016666666666666607
0.0004866705331786729,0.0
0.00048668053277868887,0.016666666666666607
0.0004866905323787049,0.0
0.00048670053197872085,0.016666666666666607
0.0004867105315787369,0.016666666666666607
0.0004867205311787529,0.016666666666666607
0.00048673053077876886,0.016666666666666607
0.0004867405303787849,0.016666666666666607
0.00048675052997880085,0.0
0.00048676052957881687,0.0
0.0004867705291788329,0.016666666666666607
0.00048678052877884886,0.016666666666666607
0.0004867905283788649,0.016666666666666607
0.00048680052797888085,0.016666666666666607
0.00048681052757889687,0.0
0.0004868205271789129,0.016666666666666607
0.00048683052677892885,0.016666666666666607
0.0004868405263789449,0.016666666666666607
0.0004868505259789609,0.016666666666666607
0.00048686052557897686,0.0
0.0004868705251789929,0.016666666666666607
0.00048688052477900885,0.0
0.00048689052437902487,0.016666666666666607
0.0004869005239790409,0.0
0.00048691052357905686,0.0
0.0004869205231790729,0.016666666666666607
0.00048693052277908885,0.0
0.00048694052237910487,0.016666666666666607
0.0004869505219791209,0.016666666666666607
0.00048696052157913685,0.016666666666666607
0.0004869705211791529,0.016666666666666607
0.00048698052077916884,0.016666666666666607
0.00048699052037918486,0.0
0.0004870005199792009,0.016666666666666607
0.00048701051957921685,0.016666666666666607
0.00048702051917923287,0.016666666666666607
0.00048703051877924884,0.0
0.00048704051837926486,0.016666666666666607
0.0004870505179792809,0.0
0.00048706051757929685,0.016666666666666607
0.00048707051717931287,0.016666666666666607
0.00048708051677932883,0.016666666666666607
0.00048709051637934486,0.016666666666666607
0.0004871005159793609,0.016666666666666607
0.00048711051557937684,0.016666666666666607
0.00048712051517939286,0.016666666666666607
0.00048713051477940883,0.016666666666666607
0.00048714051437942485,0.016666666666666607
0.00048715051397944087,0.016666666666666607
0.00048716051357945684,0.016666666666666607
0.00048717051317947286,0.0
0.00048718051277948883,0.016666666666666607
0.00048719051237950485,0.0
0.00048720051197952087,0.016666666666666607
0.00048721051157953684,0.0
0.00048722051117955286,0.016666666666666607
0.0004872305107795688,0.0
0.00048724051037958484,0.0
0.00048725050997960087,0.0
0.00048726050957961683,0.0
0.00048727050917963285,0.016666666666666607
0.0004872805087796488,0.0
0.00048729050837966484,0.016666666666666607
0.00048730050797968086,0.016666666666666607
0.00048731050757969683,0.0
0.00048732050717971285,0.016666666666666607
0.0004873305067797288,0.016666666666666607
0.00048734050637974484,0.016666666666666607
0.00048735050597976086,0.016666666666666607
0.0004873605055797768,0.016666666666666607
0.00048737050517979285,0.0
0.0004873805047798088,0.0
0.00048739050437982483,0.0
0.00048740050397984085,0.016666666666666607
0.0004874105035798568,0.0
0.00048742050317987284,0.0
0.0004874305027798888,0.0
0.00048744050237990483,0.016666666666666607
0.00048745050197992085,0.016666666666666607
0.0004874605015799368,0.016666666666666607
0.00048747050117995284,0.016666666666666607
0.0004874805007799688,0.016666666666666607
0.0004874905003799848,0.016666666666666607
0.00048750049998000085,0.016666666666666607
0.0004875104995800168,0.016666666666666607
0.00048752049918003283,0.016666666666666607
0.0004875304987800488,0.016666666666666607
0.0004875404983800648,0.016666666666666607
0.00048755049798008084,0.016666666666666607
0.0004875604975800968,0.016666666666666607
0.00048757049718011283,0.0
0.0004875804967801288,0.016666666666666607
0.0004875904963801448,0.0
0.00048760049598016084,0.016666666666666607
0.0004876104955801768,0.016666666666666607
0.0004876204951801928,0.0
0.0004876304947802088,0.0
0.0004876404943802248,0.0
0.00048765049398024084,0.0
0.0004876604935802568,0.016666666666666607
0.0004876704931802728,0.0
0.0004876804927802888,0.016666666666666607
0.0004876904923803048,0.0
0.00048770049198032083,0.016666666666666607
0.0004877104915803368,0.0
0.0004877204911803528,0.016666666666666607
0.0004877304907803688,0.0
0.0004877404903803848,0.016666666666666607
0.00048775048998040083,0.016666666666666607
0.0004877604895804168,0.0
0.0004877704891804328,0.016666666666666607
0.00048778048878044884,0.016666666666666607
0.0004877904883804648,0.0
0.0004878004879804808,0.0
0.0004878104875804968,0.016666666666666607
0.0004878204871805128,0.016666666666666607
0.00048783048678052883,0.0
0.0004878404863805448,0.0
0.0004878504859805608,0.0
0.0004878604855805768,0.016666666666666607
0.0004878704851805928,0.0
0.00048788048478060883,0.0
0.0004878904843806248,0.016666666666666607
0.0004879004839806408,0.016666666666666607
0.0004879104835806568,0.016666666666666607
0.0004879204831806728,0.016666666666666607
0.0004879304827806888,0.0
0.0004879404823807048,0.016666666666666607
0.0004879504819807208,0.016666666666666607
0.0004879604815807368,0.016666666666666607
0.0004879704811807528,0.016666666666666607
0.0004879804807807688,0.016666666666666607
0.0004879904803807848,0.0
0.0004880004799808008,0.016666666666666607
0.0004880104795808168,0.016666666666666607
0.0004880204791808328,0.0
0.0004880304787808488,0.0
0.0004880404783808648,0.016666666666666607
0.0004880504779808808,0.0
0.00048806047758089677,0.0
0.0004880704771809128,0.0
0.0004880804767809288,0.0
0.0004880904763809448,0.016666666666666607
0.0004881004759809608,0.016666666666666607
0.00048811047558097677,0.0
0.0004881204751809928,0.016666666666666607
0.0004881304747810088,0.0
0.0004881404743810248,0.0
0.0004881504739810408,0.0
0.00048816047358105676,0.0
0.0004881704731810728,0.016666666666666607
0.0004881804727810888,0.016666666666666607
0.00048819047238110477,0.016666666666666607
0.0004882004719811208,0.016666666666666607
0.00048821047158113676,0.016666666666666607
0.0004882204711811528,0.016666666666666607
0.0004882304707811688,0.016666666666666607
0.00048824047038118477,0.016666666666666607
0.0004882504699812008,0.016666666666666607
0.00048826046958121676,0.016666666666666607
0.0004882704691812328,0.016666666666666607
0.0004882804687812488,0.0
0.0004882904683812648,0.0
0.0004883004679812808,0.0
0.0004883104675812968,0.0
0.0004883204671813128,0.0
0.0004883304667813288,0.0
0.0004883404663813448,0.0
0.0004883504659813607,0.0
0.0004883604655813768,0.0
0.0004883704651813928,0.0
0.0004883804647814087,0.0
0.0004883904643814248,0.016666666666666607
0.0004884004639814408,0.016666666666666607
0.0004884104635814567,0.016666666666666607
0.0004884204631814728,0.016666666666666607
0.0004884304627814888,0.016666666666666607
0.0004884404623815048,0.016666666666666607
0.0004884504619815207,0.0
0.0004884604615815368,0.016666666666666607
0.0004884704611815528,0.016666666666666607
0.0004884804607815687,0.016666666666666607
0.0004884904603815848,0.016666666666666607
0.0004885004599816008,0.0
0.0004885104595816167,0.016666666666666607
0.0004885204591816328,0.016666666666666607
0.0004885304587816488,0.016666666666666607
0.0004885404583816647,0.016666666666666607
0.0004885504579816807,0.016666666666666607
0.0004885604575816968,0.0
0.0004885704571817128,0.0
0.0004885804567817287,0.016666666666666607
0.0004885904563817448,0.016666666666666607
0.0004886004559817608,0.0
0.0004886104555817767,0.0
0.0004886204551817928,0.0
0.0004886304547818088,0.016666666666666607
0.0004886404543818247,0.016666666666666607
0.0004886504539818407,0.0
0.0004886604535818568,0.0
0.0004886704531818727,0.0
0.0004886804527818887,0.0
0.0004886904523819048,0.016666666666666607
0.0004887004519819208,0.016666666666666607
0.0004887104515819367,0.016666666666666607
0.0004887204511819528,0.033333333333333215
0.0004887304507819688,0.016666666666666607
0.0004887404503819847,0.016666666666666607
0.0004887504499820007,0.016666666666666607
0.0004887604495820168,0.016666666666666607
0.0004887704491820327,0.0
0.0004887804487820487,0.016666666666666607
0.0004887904483820648,0.0
0.0004888004479820807,0.0
0.0004888104475820967,0.016666666666666607
0.0004888204471821128,0.0
0.0004888304467821288,0.0
0.0004888404463821447,0.016666666666666607
0.0004888504459821607,0.016666666666666607
0.0004888604455821768,0.016666666666666607
0.0004888704451821927,0.0
0.0004888804447822087,0.0
0.0004888904443822248,0.016666666666666607
0.0004889004439822407,0.0
0.0004889104435822567,0.016666666666666607
0.0004889204431822728,0.016666666666666607
0.0004889304427822887,0.016666666666666607
0.0004889404423823047,0.016666666666666607
0.0004889504419823207,0.016666666666666607
0.0004889604415823368,0.016666666666666607
0.0004889704411823527,0.0
0.0004889804407823687,0.0
0.0004889904403823848,0.016666666666666607
0.0004890004399824007,0.016666666666666607
0.0004890104395824167,0.0
0.0004890204391824328,0.016666666666666607
0.0004890304387824487,0.016666666666666607
0.0004890404383824647,0.0
0.0004890504379824807,0.016666666666666607
0.0004890604375824968,0.0
0.0004890704371825127,0.016666666666666607
0.0004890804367825287,0.016666666666666607
0.0004890904363825448,0.0
0.0004891004359825607,0.016666666666666607
0.0004891104355825767,0.0
0.0004891204351825928,0.0
0.0004891304347826087,0.0
0.0004891404343826247,0.016666666666666607
0.0004891504339826407,0.016666666666666607
0.0004891604335826567,0.016666666666666607
0.0004891704331826727,0.016666666666666607
0.0004891804327826887,0.0
0.0004891904323827048,0.0
0.0004892004319827207,0.016666666666666607
0.0004892104315827367,0.0
0.0004892204311827528,0.016666666666666607
0.0004892304307827687,0.0
0.0004892404303827847,0.016666666666666607
0.0004892504299828008,0.016666666666666607
0.0004892604295828167,0.0
0.0004892704291828327,0.0
0.0004892804287828487,0.016666666666666607
0.0004892904283828647,0.016666666666666607
0.0004893004279828807,0.016666666666666607
0.0004893104275828967,0.016666666666666607
0.0004893204271829128,0.0
0.0004893304267829287,0.016666666666666607
0.0004893404263829447,0.016666666666666607
0.0004893504259829608,0.0
0.0004893604255829767,0.016666666666666607
0.0004893704251829927,0.0
0.0004893804247830087,0.016666666666666607
0.0004893904243830247,0.016666666666666607
0.0004894004239830407,0.016666666666666607
0.0004894104235830567,0.0
0.0004894204231830727,0.016666666666666607
0.0004894304227830887,0.016666666666666607
0.0004894404223831047,0.016666666666666607
0.0004894504219831208,0.016666666666666607
0.0004894604215831367,0.016666666666666607
0.0004894704211831527,0.0
0.0004894804207831687,0.0
0.0004894904203831847,0.0
0.0004895004199832007,0.016666666666666607
0.0004895104195832167,0.0
0.0004895204191832327,0.016666666666666607
0.0004895304187832487,0.0
0.0004895404183832647,0.016666666666666607
0.0004895504179832807,0.0
0.0004895604175832967,0.016666666666666607
0.0004895704171833127,0.016666666666666607
0.0004895804167833286,0.0
0.0004895904163833447,0.016666666666666607
0.0004896004159833607,0.016666666666666607
0.0004896104155833767,0.0
0.0004896204151833927,0.016666666666666607
0.0004896304147834087,0.0
0.0004896404143834247,0.0
0.0004896504139834407,0.0
0.0004896604135834567,0.016666666666666607
0.0004896704131834727,0.016666666666666607
0.0004896804127834886,0.016666666666666607
0.0004896904123835047,0.016666666666666607
0.0004897004119835207,0.0
0.0004897104115835366,0.016666666666666607
0.0004897204111835527,0.016666666666666607
0.0004897304107835687,0.0
0.0004897404103835847,0.016666666666666607
0.0004897504099836007,0.016666666666666607
0.0004897604095836167,0.0
0.0004897704091836327,0.016666666666666607
0.0004897804087836486,0.016666666666666607
0.0004897904083836647,0.0
0.0004898004079836807,0.016666666666666607
0.0004898104075836966,0.0
0.0004898204071837127,0.016666666666666607
0.0004898304067837287,0.0
0.0004898404063837446,0.0
0.0004898504059837607,0.0
0.0004898604055837767,0.016666666666666607
0.0004898704051837927,0.016666666666666607
0.0004898804047838086,0.0
0.0004898904043838247,0.016666666666666607
0.0004899004039838407,0.016666666666666607
0.0004899104035838566,0.016666666666666607
0.0004899204031838727,0.016666666666666607
0.0004899304027838887,0.0
0.0004899404023839046,0.0
0.0004899504019839207,0.0
0.0004899604015839367,0.016666666666666607
0.0004899704011839526,0.016666666666666607
0.0004899804007839686,0.016666666666666607
0.0004899904003839847,0.0
0.0004900003999840007,0.016666666666666607
0.0004900103995840166,0.016666666666666607
0.0004900203991840327,0.016666666666666607
0.0004900303987840487,0.0
0.0004900403983840646,0.016666666666666607
0.0004900503979840807,0.016666666666666607
0.0004900603975840967,0.016666666666666607
0.0004900703971841126,0.0
0.0004900803967841286,0.016666666666666607
0.0004900903963841447,0.016666666666666607
0.0004901003959841606,0.016666666666666607
0.0004901103955841766,0.016666666666666607
0.0004901203951841927,0.0
0.0004901303947842087,0.016666666666666607
0.0004901403943842246,0.016666666666666607
0.0004901503939842407,0.0
0.0004901603935842567,0.016666666666666607
0.0004901703931842726,0.016666666666666607
0.0004901803927842887,0.016666666666666607
0.0004901903923843047,0.0
0.0004902003919843206,0.016666666666666607
0.0004902103915843366,0.0
0.0004902203911843527,0.016666666666666607
0.0004902303907843687,0.0
0.0004902403903843846,0.0
0.0004902503899844007,0.016666666666666607
0.0004902603895844167,0.0
0.0004902703891844326,0.016666666666666607
0.0004902803887844487,0.0
0.0004902903883844647,0.016666666666666607
0.0004903003879844806,0.016666666666666607
0.0004903103875844966,0.0
0.0004903203871845127,0.016666666666666607
0.0004903303867845286,0.016666666666666607
0.0004903403863845446,0.016666666666666607
0.0004903503859845607,0.0
0.0004903603855845767,0.016666666666666607
0.0004903703851845926,0.016666666666666607
0.0004903803847846087,0.016666666666666607
0.0004903903843846247,0.016666666666666607
0.0004904003839846406,0.016666666666666607
0.0004904103835846566,0.016666666666666607
0.0004904203831846727,0.0
0.0004904303827846886,0.016666666666666607
0.0004904403823847046,0.016666666666666607
0.0004904503819847207,0.0
0.0004904603815847366,0.016666666666666607
0.0004904703811847526,0.016666666666666607
0.0004904803807847687,0.0
0.0004904903803847847,0.016666666666666607
0.0004905003799848006,0.0
0.0004905103795848166,0.0
0.0004905203791848327,0.0
0.0004905303787848486,0.016666666666666607
0.0004905403783848646,0.016666666666666607
0.0004905503779848807,0.0
0.0004905603775848966,0.016666666666666607
0.0004905703771849126,0.016666666666666607
0.0004905803767849287,0.016666666666666607
0.0004905903763849446,0.016666666666666607
0.0004906003759849606,0.0
0.0004906103755849766,0.016666666666666607
0.0004906203751849927,0.016666666666666607
0.0004906303747850086,0.016666666666666607
0.0004906403743850246,0.016666666666666607
0.0004906503739850407,0.0
0.0004906603735850566,0.016666666666666607
0.0004906703731850726,0.0
0.0004906803727850887,0.016666666666666607
0.0004906903723851046,0.016666666666666607
0.0004907003719851206,0.0
0.0004907103715851366,0.016666666666666607
0.0004907203711851526,0.016666666666666607
0.0004907303707851686,0.016666666666666607
0.0004907403703851846,0.016666666666666607
0.0004907503699852007,0.016666666666666607
0.0004907603695852166,0.0
0.0004907703691852326,0.0
0.0004907803687852487,0.016666666666666607
0.0004907903683852646,0.016666666666666607
0.0004908003679852806,0.0
0.0004908103675852966,0.0
0.0004908203671853126,0.0
0.0004908303667853286,0.016666666666666607
0.0004908403663853446,0.016666666666666607
0.0004908503659853606,0.016666666666666607
0.0004908603655853766,0.0
0.0004908703651853926,0.0
0.0004908803647854087,0.016666666666666607
0.0004908903643854246,0.0
0.0004909003639854406,0.016666666666666607
0.0004909103635854566,0.016666666666666607
0.0004909203631854726,0.016666666666666607
0.0004909303627854886,0.016666666666666607
0.0004909403623855046,0.016666666666666607
0.0004909503619855206,0.016666666666666607
0.0004909603615855366,0.016666666666666607
0.0004909703611855526,0.0
0.0004909803607855686,0.016666666666666607
0.0004909903603855846,0.016666666666666607
0.0004910003599856006,0.016666666666666607
0.0004910103595856165,0.016666666666666607
0.0004910203591856326,0.016666666666666607
0.0004910303587856486,0.0
0.0004910403583856646,0.0
0.0004910503579856806,0.0
0.0004910603575856966,0.0
0.0004910703571857126,0.016666666666666607
0.0004910803567857286,0.016666666666666607
0.0004910903563857446,0.0
0.0004911003559857606,0.0
0.0004911103555857766,0.016666666666666607
0.0004911203551857926,0.0
0.0004911303547858086,0.016666666666666607
0.0004911403543858245,0.016666666666666607
0.0004911503539858406,0.0
0.0004911603535858566,0.0
0.0004911703531858726,0.0
0.0004911803527858886,0.0
0.0004911903523859046,0.016666666666666607
0.0004912003519859206,0.016666666666666607
0.0004912103515859366,0.016666666666666607
0.0004912203511859526,0.016666666666666607
0.0004912303507859686,0.0
0.0004912403503859845,0.016666666666666607
0.0004912503499860006,0.016666666666666607
0.0004912603495860166,0.0
0.0004912703491860326,0.016666666666666607
0.0004912803487860486,0.016666666666666607
0.0004912903483860646,0.016666666666666607
0.0004913003479860806,0.016666666666666607
0.0004913103475860966,0.016666666666666607
0.0004913203471861126,0.0
0.0004913303467861286,0.0
0.0004913403463861445,0.0
0.0004913503459861606,0.0
0.0004913603455861766,0.016666666666666607
0.0004913703451861925,0.016666666666666607
0.0004913803447862086,0.016666666666666607
0.0004913903443862246,0.0
0.0004914003439862406,0.016666666666666607
0.0004914103435862566,0.0
0.0004914203431862726,0.016666666666666607
0.0004914303427862886,0.016666666666666607
0.0004914403423863045,0.016666666666666607
0.0004914503419863206,0.016666666666666607
0.0004914603415863366,0.0
0.0004914703411863525,-0.016666666666666607
0.0004914803407863686,0.016666666666666607
0.0004914903403863846,0.016666666666666607
0.0004915003399864005,0.016666666666666607
0.0004915103395864166,0.016666666666666607
0.0004915203391864326,0.016666666666666607
0.0004915303387864486,0.0
0.0004915403383864645,0.0
0.0004915503379864806,0.016666666666666607
0.0004915603375864966,0.016666666666666607
0.0004915703371865125,0.016666666666666607
0.0004915803367865286,0.016666666666666607
0.0004915903363865446,0.016666666666666607
0.0004916003359865605,0.016666666666666607
0.0004916103355865766,0.0
0.0004916203351865926,0.0
0.0004916303347866085,0.0
0.0004916403343866245,0.016666666666666607
0.0004916503339866406,0.0
0.0004916603335866566,0.0
0.0004916703331866725,0.0
0.0004916803327866886,0.016666666666666607
0.0004916903323867046,0.0
0.0004917003319867205,0.0
0.0004917103315867366,0.016666666666666607
0.0004917203311867526,0.016666666666666607
0.0004917303307867685,0.016666666666666607
0.0004917403303867845,0.016666666666666607
0.0004917503299868006,0.016666666666666607
0.0004917603295868165,0.016666666666666607
0.0004917703291868325,0.016666666666666607
0.0004917803287868486,0.016666666666666607
0.0004917903283868646,0.0
0.0004918003279868805,0.016666666666666607
0.0004918103275868966,0.016666666666666607
0.0004918203271869126,0.0
0.0004918303267869285,0.0
0.0004918403263869445,0.016666666666666607
0.0004918503259869606,0.0
0.0004918603255869765,0.0
0.0004918703251869925,0.0
0.0004918803247870086,0.0
0.0004918903243870245,0.016666666666666607
0.0004919003239870405,0.016666666666666607
0.0004919103235870566,0.0
0.0004919203231870726,0.0
0.0004919303227870885,0.016666666666666607
0.0004919403223871045,0.016666666666666607
0.0004919503219871206,0.0
0.0004919603215871365,0.016666666666666607
0.0004919703211871525,0.016666666666666607
0.0004919803207871686,0.016666666666666607
0.0004919903203871845,0.016666666666666607
0.0004920003199872005,0.033333333333333215
0.0004920103195872166,0.033333333333333215
0.0004920203191872325,0.016666666666666607
0.0004920303187872485,0.016666666666666607
0.0004920403183872646,0.016666666666666607
0.0004920503179872806,0.016666666666666607
0.0004920603175872965,0.016666666666666607
0.0004920703171873125,0.016666666666666607
0.0004920803167873286,0.0
0.0004920903163873445,0.0
0.0004921003159873605,0.0
0.0004921103155873766,0.016666666666666607
0.0004921203151873925,0.0
0.0004921303147874085,0.0
0.0004921403143874246,0.0
0.0004921503139874405,0.0
0.0004921603135874565,0.016666666666666607
0.0004921703131874725,0.016666666666666607
0.0004921803127874886,0.016666666666666607
0.0004921903123875045,0.016666666666666607
0.0004922003119875205,0.0
0.0004922103115875366,0.016666666666666607
0.0004922203111875525,0.0
0.0004922303107875685,0.0
0.0004922403103875846,0.016666666666666607
0.0004922503099876005,0.016666666666666607
0.0004922603095876165,0.016666666666666607
0.0004922703091876325,0.016666666666666607
0.0004922803087876486,0.016666666666666607
0.0004922903083876645,0.016666666666666607
0.0004923003079876805,0.0
0.0004923103075876966,0.0
0.0004923203071877125,0.0
0.0004923303067877285,0.0
0.0004923403063877446,0.016666666666666607
0.0004923503059877605,0.0
0.0004923603055877765,0.0
0.0004923703051877925,0.016666666666666607
0.0004923803047878085,0.016666666666666607
0.0004923903043878245,0.016666666666666607
0.0004924003039878405,0.016666666666666607
0.0004924103035878566,0.0
0.0004924203031878725,0.0
0.0004924303027878885,0.016666666666666607
0.0004924403023879046,0.0
0.0004924503019879205,0.016666666666666607
0.0004924603015879365,0.0
0.0004924703011879525,0.016666666666666607
0.0004924803007879685,0.016666666666666607
0.0004924903003879845,0.016666666666666607
0.0004925002999880005,0.016666666666666607
0.0004925102995880165,0.016666666666666607
0.0004925202991880325,0.016666666666666607
0.0004925302987880485,0.016666666666666607
0.0004925402983880646,0.016666666666666607
0.0004925502979880805,0.016666666666666607
0.0004925602975880965,0.016666666666666607
0.0004925702971881125,0.0
0.0004925802967881285,0.0
0.0004925902963881445,0.0
0.0004926002959881605,0.0
0.0004926102955881765,0.016666666666666607
0.0004926202951881925,0.0
0.0004926302947882085,0.0
0.0004926402943882245,0.0
0.0004926502939882405,0.016666666666666607
0.0004926602935882565,0.016666666666666607
0.0004926702931882724,0.0
0.0004926802927882885,0.016666666666666607
0.0004926902923883045,0.016666666666666607
0.0004927002919883205,0.0
0.0004927102915883365,0.0
0.0004927202911883525,0.0
0.0004927302907883685,0.016666666666666607
0.0004927402903883845,0.016666666666666607
0.0004927502899884005,0.0
0.0004927602895884165,0.016666666666666607
0.0004927702891884324,0.016666666666666607
0.0004927802887884485,0.016666666666666607
0.0004927902883884645,0.016666666666666607
0.0004928002879884804,0.016666666666666607
0.0004928102875884965,0.016666666666666607
0.0004928202871885125,0.016666666666666607
0.0004928302867885285,0.0
0.0004928402863885445,0.016666666666666607
0.0004928502859885605,0.016666666666666607
0.0004928602855885765,0.0
0.0004928702851885924,0.0
0.0004928802847886085,0.016666666666666607
0.0004928902843886245,0.0
0.0004929002839886404,0.016666666666666607
0.0004929102835886565,0.0
0.0004929202831886725,0.016666666666666607
0.0004929302827886884,0.016666666666666607
0.0004929402823887045,0.0
0.0004929502819887205,0.0
0.0004929602815887365,0.016666666666666607
0.0004929702811887525,0.016666666666666607
0.0004929802807887685,0.016666666666666607
0.0004929902803887845,0.016666666666666607
0.0004930002799888004,0.016666666666666607
0.0004930102795888165,0.016666666666666607
0.0004930202791888325,0.016666666666666607
0.0004930302787888484,0.0
0.0004930402783888645,0.016666666666666607
0.0004930502779888805,0.016666666666666607
0.0004930602775888964,0.016666666666666607
0.0004930702771889125,0.016666666666666607
0.0004930802767889285,0.016666666666666607
0.0004930902763889445,0.0
0.0004931002759889604,0.0
0.0004931102755889765,0.016666666666666607
0.0004931202751889925,0.0
0.0004931302747890084,0.016666666666666607
0.0004931402743890245,0.0
0.0004931502739890405,0.016666666666666607
0.0004931602735890564,0.016666666666666607
0.0004931702731890725,0.016666666666666607
0.0004931802727890885,0.016666666666666607
0.0004931902723891044,0.016666666666666607
0.0004932002719891204,0.016666666666666607
0.0004932102715891365,0.0
0.0004932202711891525,0.016666666666666607
0.0004932302707891684,0.0
0.0004932402703891845,0.016666666666666607
0.0004932502699892005,0.016666666666666607
0.0004932602695892164,0.016666666666666607
0.0004932702691892325,0.016666666666666607
0.0004932802687892485,0.016666666666666607
0.0004932902683892644,0.016666666666666607
0.0004933002679892804,0.0
0.0004933102675892965,0.0
0.0004933202671893125,0.0
0.0004933302667893284,0.0
0.0004933402663893445,0.016666666666666607
0.0004933502659893605,0.0
0.0004933602655893764,0.016666666666666607
0.0004933702651893925,0.0
0.0004933802647894085,0.016666666666666607
0.0004933902643894244,0.016666666666666607
0.0004934002639894404,0.016666666666666607
0.0004934102635894565,0.0
0.0004934202631894724,0.016666666666666607
0.0004934302627894884,0.016666666666666607
0.0004934402623895045,0.016666666666666607
0.0004934502619895205,0.0
0.0004934602615895364,0.0
0.0004934702611895525,0.0
0.0004934802607895685,0.0
0.0004934902603895844,0.0
0.0004935002599896004,0.016666666666666607
0.0004935102595896165,0.016666666666666607
0.0004935202591896324,0.016666666666666607
0.0004935302587896484,0.016666666666666607
0.0004935402583896645,0.016666666666666607
0.0004935502579896804,0.016666666666666607
0.0004935602575896964,0.016666666666666607
0.0004935702571897125,0.016666666666666607
0.0004935802567897285,0.016666666666666607
0.0004935902563897444,0.016666666666666607
0.0004936002559897604,0.016666666666666607
0.0004936102555897765,0.0
0.0004936202551897924,0.016666666666666607
0.0004936302547898084,0.0
0.0004936402543898245,0.016666666666666607
0.0004936502539898404,0.0
0.0004936602535898564,0.016666666666666607
0.0004936702531898725,0.0
0.0004936802527898884,0.016666666666666607
0.0004936902523899044,0.016666666666666607
0.0004937002519899204,0.016666666666666607
0.0004937102515899365,0.016666666666666607
0.0004937202511899524,0.016666666666666607
0.0004937302507899684,0.016666666666666607
0.0004937402503899845,0.016666666666666607
0.0004937502499900004,0.0
0.0004937602495900164,0.0
0.0004937702491900325,0.016666666666666607
0.0004937802487900484,0.016666666666666607
0.0004937902483900644,0.016666666666666607
0.0004938002479900804,0.0
0.0004938102475900964,0.016666666666666607
0.0004938202471901124,0.016666666666666607
0.0004938302467901284,0.0
0.0004938402463901445,0.016666666666666607
0.0004938502459901604,0.016666666666666607
0.0004938602455901764,0.016666666666666607
0.0004938702451901925,0.016666666666666607
0.0004938802447902084,0.016666666666666607
0.0004938902443902244,0.016666666666666607
0.0004939002439902405,0.016666666666666607
0.0004939102435902564,0.0
0.0004939202431902724,0.016666666666666607
0.0004939302427902884,0.0
0.0004939402423903044,0.016666666666666607
0.0004939502419903204,0.016666666666666607
0.0004939602415903364,0.016666666666666607
0.0004939702411903525,0.0
0.0004939802407903684,0.016666666666666607
0.0004939902403903844,0.016666666666666607
0.0004940002399904005,0.016666666666666607
0.0004940102395904164,0.016666666666666607
0.0004940202391904324,0.0
0.0004940302387904484,0.016666666666666607
0.0004940402383904644,0.016666666666666607
0.0004940502379904804,0.016666666666666607
0.0004940602375904964,0.016666666666666607
0.0004940702371905124,0.016666666666666607
0.0004940802367905284,0.016666666666666607
0.0004940902363905444,0.0
0.0004941002359905605,0.0
0.0004941102355905764,0.016666666666666607
0.0004941202351905924,0.0
0.0004941302347906084,0.0
0.0004941402343906244,0.0
0.0004941502339906404,0.0
0.0004941602335906564,0.016666666666666607
0.0004941702331906724,0.016666666666666607
0.0004941802327906884,0.016666666666666607
0.0004941902323907044,0.016666666666666607
0.0004942002319907204,0.016666666666666607
0.0004942102315907364,0.016666666666666607
0.0004942202311907524,0.016666666666666607
0.0004942302307907683,0.016666666666666607
0.0004942402303907844,0.016666666666666607
0.0004942502299908004,0.016666666666666607
0.0004942602295908164,0.016666666666666607
0.0004942702291908324,0.0
0.0004942802287908484,0.016666666666666607
0.0004942902283908644,0.0
0.0004943002279908804,0.016666666666666607
0.0004943102275908964,0.016666666666666607
0.0004943202271909124,0.016666666666666607
0.0004943302267909283,0.0
0.0004943402263909444,0.016666666666666607
0.0004943502259909604,0.0
0.0004943602255909763,0.016666666666666607
0.0004943702251909924,0.016666666666666607
0.0004943802247910084,0.016666666666666607
0.0004943902243910244,0.016666666666666607
0.0004944002239910404,0.016666666666666607
0.0004944102235910564,0.0
0.0004944202231910724,0.0
0.0004944302227910883,0.016666666666666607
0.0004944402223911044,0.016666666666666607
0.0004944502219911204,0.016666666666666607
0.0004944602215911363,0.0
0.0004944702211911524,0.016666666666666607
0.0004944802207911684,0.016666666666666607
0.0004944902203911844,0.016666666666666607
0.0004945002199912004,0.016666666666666607
0.0004945102195912164,0.0
0.0004945202191912324,0.016666666666666607
0.0004945302187912483,0.016666666666666607
0.0004945402183912644,0.016666666666666607
0.0004945502179912804,0.016666666666666607
0.0004945602175912963,0.016666666666666607
0.0004945702171913124,0.0
0.0004945802167913284,0.016666666666666607
0.0004945902163913443,0.0
0.0004946002159913604,0.016666666666666607
0.0004946102155913764,0.016666666666666607
0.0004946202151913924,0.016666666666666607
0.0004946302147914083,0.0
0.0004946402143914244,0.016666666666666607
0.0004946502139914404,0.016666666666666607
0.0004946602135914563,0.016666666666666607
0.0004946702131914724,0.016666666666666607
0.0004946802127914884,0.016666666666666607
0.0004946902123915043,0.016666666666666607
0.0004947002119915204,0.016666666666666607
0.0004947102115915364,0.016666666666666607
0.0004947202111915523,0.0
0.0004947302107915683,0.016666666666666607
0.0004947402103915844,0.016666666666666607
0.0004947502099916004,0.016666666666666607
0.0004947602095916163,0.016666666666666607
0.0004947702091916324,0.0
0.0004947802087916484,0.0
0.0004947902083916643,0.0
0.0004948002079916804,0.016666666666666607
0.0004948102075916964,0.016666666666666607
0.0004948202071917123,0.016666666666666607
0.0004948302067917284,0.016666666666666607
0.0004948402063917444,0.016666666666666607
0.0004948502059917603,0.0
0.0004948602055917763,-0.016666666666666607
0.0004948702051917924,0.0
0.0004948802047918084,0.0
0.0004948902043918243,0.016666666666666607
0.0004949002039918404,0.016666666666666607
0.0004949102035918564,0.016666666666666607
0.0004949202031918723,0.016666666666666607
0.0004949302027918884,0.0
0.0004949402023919044,0.0
0.0004949502019919203,0.016666666666666607
0.0004949602015919363,0.016666666666666607
0.0004949702011919524,0.033333333333333215
0.0004949802007919683,0.016666666666666607
0.0004949902003919843,0.0
0.0004950001999920004,0.0
0.0004950101995920164,0.0
0.0004950201991920323,0.0
0.0004950301987920484,0.016666666666666607
0.0004950401983920644,0.016666666666666607
0.0004950501979920803,0.0
0.0004950601975920963,0.016666666666666607
0.0004950701971921124,0.0
0.0004950801967921283,0.0
0.0004950901963921443,0.0
0.0004951001959921604,0.016666666666666607
0.0004951101955921763,0.016666666666666607
0.0004951201951921923,0.016666666666666607
0.0004951301947922084,0.016666666666666607
0.0004951401943922244,0.016666666666666607
0.0004951501939922403,0.0
0.0004951601935922563,0.016666666666666607
0.0004951701931922724,0.0
0.0004951801927922883,0.016666666666666607
0.0004951901923923043,0.0
0.0004952001919923204,0.016666666666666607
0.0004952101915923363,0.016666666666666607
0.0004952201911923523,0.016666666666666607
0.0004952301907923684,0.0
0.0004952401903923843,0.0
0.0004952501899924003,0.0
0.0004952601895924163,0.0
0.0004952701891924324,0.0
0.0004952801887924483,0.0
0.0004952901883924643,0.016666666666666607
0.0004953001879924804,0.016666666666666607
0.0004953101875924963,0.016666666666666607
0.0004953201871925123,0.0
0.0004953301867925284,0.016666666666666607
0.0004953401863925443,0.016666666666666607
0.0004953501859925603,0.016666666666666607
0.0004953601855925763,0.016666666666666607
0.0004953701851925923,0.0
0.0004953801847926083,0.016666666666666607
0.0004953901843926243,0.016666666666666607
0.0004954001839926404,0.016666666666666607
0.0004954101835926563,0.0
0.0004954201831926723,0.016666666666666607
0.0004954301827926884,0.016666666666666607
0.0004954401823927043,0.0
0.0004954501819927203,0.016666666666666607
0.0004954601815927363,0.016666666666666607
0.0004954701811927523,0.0
0.0004954801807927683,0.0
0.0004954901803927843,0.0
0.0004955001799928004,0.0
0.0004955101795928163,0.016666666666666607
0.0004955201791928323,0.016666666666666607
0.0004955301787928484,0.016666666666666607
0.0004955401783928643,0.0
0.0004955501779928803,0.0
0.0004955601775928963,0.0
0.0004955701771929123,0.016666666666666607
0.0004955801767929283,0.016666666666666607
0.0004955901763929443,0.016666666666666607
0.0004956001759929603,0.016666666666666607
0.0004956101755929763,0.016666666666666607
0.0004956201751929923,0.016666666666666607
0.0004956301747930084,0.016666666666666607
0.0004956401743930243,0.016666666666666607
0.0004956501739930403,0.016666666666666607
0.0004956601735930563,0.016666666666666607
0.0004956701731930723,0.0
0.0004956801727930883,0.016666666666666607
0.0004956901723931043,0.016666666666666607
0.0004957001719931203,0.0
0.0004957101715931363,0.0
0.0004957201711931523,0.016666666666666607
0.0004957301707931683,0.0
0.0004957401703931843,0.016666666666666607
0.0004957501699932003,0.016666666666666607
0.0004957601695932164,0.016666666666666607
0.0004957701691932323,0.016666666666666607
0.0004957801687932483,0.016666666666666607
0.0004957901683932643,0.016666666666666607
0.0004958001679932803,0.016666666666666607
0.0004958101675932963,0.016666666666666607
0.0004958201671933123,0.016666666666666607
0.0004958301667933283,0.016666666666666607
0.0004958401663933443,0.016666666666666607
0.0004958501659933603,0.016666666666666607
0.0004958601655933763,0.016666666666666607
0.0004958701651933923,0.0
0.0004958801647934083,0.016666666666666607
0.0004958901643934242,0.0
0.0004959001639934403,0.016666666666666607
0.0004959101635934563,0.0
0.0004959201631934723,0.016666666666666607
0.0004959301627934883,0.0
0.0004959401623935043,0.016666666666666607
0.0004959501619935203,0.016666666666666607
0.0004959601615935363,0.016666666666666607
0.0004959701611935523,0.0
0.0004959801607935683,0.0
0.0004959901603935842,0.0
0.0004960001599936003,0.016666666666666607
0.0004960101595936163,0.0
0.0004960201591936322,0.0
0.0004960301587936483,0.0
0.0004960401583936643,0.0
0.0004960501579936803,0.016666666666666607
0.0004960601575936963,0.016666666666666607
0.0004960701571937123,0.016666666666666607
0.0004960801567937283,0.016666666666666607
0.0004960901563937442,0.016666666666666607
0.0004961001559937603,0.016666666666666607
0.0004961101555937763,0.0
0.0004961201551937922,0.016666666666666607
0.0004961301547938083,0.0
0.0004961401543938243,0.016666666666666607
0.0004961501539938402,0.016666666666666607
0.0004961601535938563,0.016666666666666607
0.0004961701531938723,0.016666666666666607
0.0004961801527938883,0.0
0.0004961901523939042,0.0
0.0004962001519939203,0.0
0.0004962101515939363,0.016666666666666607
0.0004962201511939522,0.016666666666666607
0.0004962301507939683,0.016666666666666607
0.0004962401503939843,0.016666666666666607
0.0004962501499940002,0.0
0.0004962601495940163,0.016666666666666607
0.0004962701491940323,0.0
0.0004962801487940482,0.016666666666666607
0.0004962901483940642,0.0
0.0004963001479940803,0.016666666666666607
0.0004963101475940963,0.016666666666666607
0.0004963201471941122,0.016666666666666607
0.0004963301467941283,0.016666666666666607
0.0004963401463941443,0.0
0.0004963501459941602,0.0
0.0004963601455941763,0.016666666666666607
0.0004963701451941923,0.0
0.0004963801447942082,0.016666666666666607
0.0004963901443942242,0.0
0.0004964001439942403,0.016666666666666607
0.0004964101435942562,0.0
0.0004964201431942722,0.016666666666666607
0.0004964301427942883,0.0
0.0004964401423943043,0.0
0.0004964501419943202,0.016666666666666607
0.0004964601415943363,0.016666666666666607
0.0004964701411943523,0.016666666666666607
0.0004964801407943682,0.0
0.0004964901403943842,0.016666666666666607
0.0004965001399944003,0.016666666666666607
0.0004965101395944162,0.016666666666666607
0.0004965201391944322,0.016666666666666607
0.0004965301387944483,0.016666666666666607
0.0004965401383944643,0.016666666666666607
0.0004965501379944802,0.016666666666666607
0.0004965601375944963,0.016666666666666607
0.0004965701371945123,0.016666666666666607
0.0004965801367945282,0.016666666666666607
0.0004965901363945442,0.016666666666666607
0.0004966001359945603,0.016666666666666607
0.0004966101355945762,0.016666666666666607
0.0004966201351945922,0.016666666666666607
0.0004966301347946083,0.0
0.0004966401343946242,0.016666666666666607
0.0004966501339946402,0.0
0.0004966601335946563,0.016666666666666607
0.0004966701331946723,0.016666666666666607
0.0004966801327946882,0.016666666666666607
0.0004966901323947043,0.016666666666666607
0.0004967001319947203,0.016666666666666607
0.0004967101315947362,0.016666666666666607
0.0004967201311947522,0.016666666666666607
0.0004967301307947683,0.0
0.0004967401303947842,0.016666666666666607
0.0004967501299948002,0.016666666666666607
0.0004967601295948163,0.016666666666666607
0.0004967701291948322,0.0
0.0004967801287948482,0.0
0.0004967901283948643,0.0
0.0004968001279948803,0.016666666666666607
0.0004968101275948962,0.0
0.0004968201271949122,0.0
0.0004968301267949283,0.016666666666666607
0.0004968401263949442,0.0
0.0004968501259949602,0.016666666666666607
0.0004968601255949763,0.0
0.0004968701251949922,0.016666666666666607
0.0004968801247950082,0.016666666666666607
0.0004968901243950243,0.016666666666666607
0.0004969001239950402,0.016666666666666607
0.0004969101235950562,0.0
0.0004969201231950722,0.016666666666666607
0.0004969301227950883,0.0
0.0004969401223951042,0.016666666666666607
0.0004969501219951202,0.016666666666666607
0.0004969601215951363,0.0
0.0004969701211951522,0.016666666666666607
0.0004969801207951682,0.0
0.0004969901203951843,0.0
0.0004970001199952002,0.016666666666666607
0.0004970101195952162,0.016666666666666607
0.0004970201191952322,0.016666666666666607
0.0004970301187952482,0.016666666666666607
0.0004970401183952642,0.016666666666666607
0.0004970501179952802,0.016666666666666607
0.0004970601175952963,0.0
0.0004970701171953122,0.0
0.0004970801167953282,0.016666666666666607
0.0004970901163953443,0.0
0.0004971001159953602,0.016666666666666607
0.0004971101155953762,0.016666666666666607
0.0004971201151953922,0.016666666666666607
0.0004971301147954082,0.016666666666666607
0.0004971401143954242,0.0
0.0004971501139954402,0.0
0.0004971601135954562,0.0
0.0004971701131954722,0.016666666666666607
0.0004971801127954882,0.016666666666666607
0.0004971901123955043,0.016666666666666607
0.0004972001119955202,0.0
0.0004972101115955362,0.016666666666666607
0.0004972201111955522,0.016666666666666607
0.0004972301107955682,0.0
0.0004972401103955842,0.0
0.0004972501099956002,0.016666666666666607
0.0004972601095956162,0.016666666666666607
0.0004972701091956322,0.016666666666666607
0.0004972801087956482,0.016666666666666607
0.0004972901083956642,0.0
0.0004973001079956802,0.016666666666666607
0.0004973101075956962,0.016666666666666607
0.0004973201071957121,0.016666666666666607
0.0004973301067957282,0.016666666666666607
0.0004973401063957442,0.016666666666666607
0.0004973501059957602,0.016666666666666607
0.0004973601055957762,0.0
0.0004973701051957922,0.016666666666666607
0.0004973801047958082,0.016666666666666607
0.0004973901043958242,0.016666666666666607
0.0004974001039958402,0.016666666666666607
0.0004974101035958562,0.0
0.0004974201031958721,0.016666666666666607
0.0004974301027958882,0.016666666666666607
0.0004974401023959042,0.016666666666666607
0.0004974501019959201,0.016666666666666607
0.0004974601015959362,0.016666666666666607
0.0004974701011959522,0.0
0.0004974801007959682,0.016666666666666607
0.0004974901003959842,0.016666666666666607
0.0004975000999960002,0.0
0.0004975100995960162,0.0
0.0004975200991960321,0.0
0.0004975300987960482,0.0
0.0004975400983960642,0.0
0.0004975500979960801,0.0
0.0004975600975960962,0.016666666666666607
0.0004975700971961122,0.0
0.0004975800967961281,0.016666666666666607
0.0004975900963961442,0.016666666666666607
0.0004976000959961602,0.016666666666666607
0.0004976100955961762,0.0
0.0004976200951961922,0.016666666666666607
0.0004976300947962082,0.016666666666666607
0.0004976400943962242,0.016666666666666607
0.0004976500939962401,0.016666666666666607
0.0004976600935962562,0.016666666666666607
0.0004976700931962722,0.016666666666666607
0.0004976800927962881,0.016666666666666607
0.0004976900923963042,0.016666666666666607
0.0004977000919963202,0.016666666666666607
0.0004977100915963362,0.0
0.0004977200911963522,0.016666666666666607
0.0004977300907963682,0.016666666666666607
0.0004977400903963842,0.016666666666666607
0.0004977500899964001,0.0
0.0004977600895964162,0.0
0.0004977700891964322,0.016666666666666607
0.0004977800887964481,0.016666666666666607
0.0004977900883964642,0.016666666666666607
0.0004978000879964802,0.016666666666666607
0.0004978100875964961,0.016666666666666607
0.0004978200871965122,0.0
0.0004978300867965282,0.016666666666666607
0.0004978400863965442,0.016666666666666607
0.0004978500859965601,0.016666666666666607
0.0004978600855965762,0.0
0.0004978700851965922,0.016666666666666607
0.0004978800847966081,0.016666666666666607
0.0004978900843966242,0.016666666666666607
0.0004979000839966402,0.0
0.0004979100835966561,0.016666666666666607
0.0004979200831966722,0.0
0.0004979300827966882,0.016666666666666607
0.0004979400823967041,0.016666666666666607
0.0004979500819967201,0.0
0.0004979600815967362,0.016666666666666607
0.0004979700811967522,0.016666666666666607
0.0004979800807967681,0.0
0.0004979900803967842,0.0
0.0004980000799968002,0.016666666666666607
0.0004980100795968161,0.016666666666666607
0.0004980200791968322,0.016666666666666607
0.0004980300787968482,0.016666666666666607
0.0004980400783968641,0.0
0.0004980500779968801,0.016666666666666607
0.0004980600775968962,0.0
0.0004980700771969121,0.0
0.0004980800767969281,0.0
0.0004980900763969442,0.016666666666666607
0.0004981000759969602,0.0
0.0004981100755969761,0.0
0.0004981200751969922,0.0
0.0004981300747970082,0.016666666666666607
0.0004981400743970241,0.016666666666666607
0.0004981500739970401,0.016666666666666607
0.0004981600735970562,0.016666666666666607
0.0004981700731970721,0.016666666666666607
0.0004981800727970881,0.016666666666666607
0.0004981900723971042,0.016666666666666607
0.0004982000719971201,0.0
0.0004982100715971361,0.016666666666666607
0.0004982200711971522,0.016666666666666607
0.0004982300707971682,0.0
0.0004982400703971841,0.0
0.0004982500699972001,0.016666666666666607
0.0004982600695972162,0.016666666666666607
0.0004982700691972321,0.016666666666666607
0.0004982800687972481,0.016666666666666607
0.0004982900683972642,0.016666666666666607
0.0004983000679972801,0.016666666666666607
0.0004983100675972961,0.016666666666666607
0.0004983200671973122,0.016666666666666607
0.0004983300667973281,0.016666666666666607
0.0004983400663973441,0.0
0.0004983500659973601,0.016666666666666607
0.0004983600655973762,0.016666666666666607
0.0004983700651973921,0.016666666666666607
0.0004983800647974081,0.016666666666666607
0.0004983900643974242,0.016666666666666607
0.0004984000639974401,0.016666666666666607
0.0004984100635974561,0.0
0.0004984200631974722,0.016666666666666607
0.0004984300627974881,0.016666666666666607
0.0004984400623975041,0.016666666666666607
0.0004984500619975201,0.016666666666666607
0.0004984600615975361,0.016666666666666607
0.0004984700611975521,0.0
0.0004984800607975681,0.016666666666666607
0.0004984900603975842,0.016666666666666607
0.0004985000599976001,0.016666666666666607
0.0004985100595976161,0.016666666666666607
0.0004985200591976322,0.016666666666666607
0.0004985300587976481,0.016666666666666607
0.0004985400583976641,0.016666666666666607
0.0004985500579976802,0.016666666666666607
0.0004985600575976961,0.016666666666666607
0.0004985700571977121,0.016666666666666607
0.0004985800567977281,0.016666666666666607
0.0004985900563977441,0.0
0.0004986000559977601,0.016666666666666607
0.0004986100555977761,0.016666666666666607
0.0004986200551977922,0.0
0.0004986300547978081,0.0
0.0004986400543978241,0.016666666666666607
0.0004986500539978402,0.016666666666666607
0.0004986600535978561,0.016666666666666607
0.0004986700531978721,0.016666666666666607
0.0004986800527978881,0.016666666666666607
0.0004986900523979041,0.0
0.0004987000519979201,0.0
0.0004987100515979361,0.0
0.0004987200511979522,0.016666666666666607
0.0004987300507979681,0.016666666666666607
0.0004987400503979841,0.016666666666666607
0.0004987500499980002,0.016666666666666607
0.0004987600495980161,0.016666666666666607
0.0004987700491980321,0.0
0.0004987800487980481,0.016666666666666607
0.0004987900483980641,0.0
0.0004988000479980801,0.016666666666666607
0.0004988100475980961,0.016666666666666607
0.0004988200471981121,0.016666666666666607
0.0004988300467981281,0.016666666666666607
0.0004988400463981441,0.016666666666666607
0.0004988500459981602,0.0
0.0004988600455981761,0.0
0.0004988700451981921,0.0
0.000498880044798208,0.016666666666666607
0.0004988900443982241,0.016666666666666607
0.0004989000439982401,0.016666666666666607
0.0004989100435982561,0.016666666666666607
0.0004989200431982721,0.0
0.0004989300427982881,0.016666666666666607
0.0004989400423983041,0.016666666666666607
0.0004989500419983201,0.016666666666666607
0.0004989600415983361,0.016666666666666607
0.0004989700411983521,0.0
0.000498980040798368,0.016666666666666607
0.0004989900403983841,0.016666666666666607
0.0004990000399984001,0.016666666666666607
0.000499010039598416,0.0
0.0004990200391984321,0.016666666666666607
0.0004990300387984481,0.016666666666666607
0.0004990400383984641,0.016666666666666607
0.0004990500379984801,0.016666666666666607
0.0004990600375984961,0.0
0.0004990700371985121,0.016666666666666607
0.000499080036798528,0.016666666666666607
0.0004990900363985441,0.016666666666666607
0.0004991000359985601,0.016666666666666607
0.000499110035598576,0.016666666666666607
0.0004991200351985921,0.016666666666666607
0.0004991300347986081,0.016666666666666607
0.000499140034398624,0.016666666666666607
0.0004991500339986401,0.016666666666666607
0.0004991600335986561,0.016666666666666607
0.0004991700331986721,0.016666666666666607
0.000499180032798688,0.016666666666666607
0.0004991900323987041,0.0
0.0004992000319987201,0.016666666666666607
0.000499210031598736,0.016666666666666607
0.0004992200311987521,0.016666666666666607
0.0004992300307987681,0.0
0.000499240030398784,0.016666666666666607
0.0004992500299988001,0.016666666666666607
0.0004992600295988161,0.016666666666666607
0.0004992700291988321,0.016666666666666607
0.000499280028798848,0.016666666666666607
0.0004992900283988641,0.016666666666666607
0.0004993000279988801,0.0
0.000499310027598896,0.0
0.0004993200271989121,0.016666666666666607
0.0004993300267989281,0.0
0.000499340026398944,0.016666666666666607
0.0004993500259989601,0.016666666666666607
0.0004993600255989761,0.0
0.000499370025198992,0.0
0.000499380024799008,0.0
0.0004993900243990241,0.016666666666666607
0.0004994000239990401,0.016666666666666607
0.000499410023599056,0.016666666666666607
0.0004994200231990721,0.016666666666666607
0.0004994300227990881,0.0
0.000499440022399104,0.016666666666666607
0.0004994500219991201,0.016666666666666607
0.0004994600215991361,0.016666666666666607
0.000499470021199152,0.016666666666666607
0.0004994800207991681,0.016666666666666607
0.0004994900203991841,0.016666666666666607
0.0004995000199992,0.0
0.000499510019599216,0.0
0.0004995200191992321,0.016666666666666607
0.0004995300187992481,0.016666666666666607
0.000499540018399264,0.016666666666666607
0.0004995500179992801,0.016666666666666607
0.0004995600175992961,0.016666666666666607
0.000499570017199312,0.016666666666666607
0.0004995800167993281,0.016666666666666607
0.0004995900163993441,0.0
0.00049960001599936,0.016666666666666607
0.000499610015599376,0.016666666666666607
0.0004996200151993921,0.016666666666666607
0.000499630014799408,0.016666666666666607
0.000499640014399424,0.016666666666666607
0.0004996500139994401,0.0
0.0004996600135994561,0.016666666666666607
0.000499670013199472,0.0
0.0004996800127994881,0.016666666666666607
0.0004996900123995041,0.0
0.00049970001199952,0.0
0.000499710011599536,0.0
0.0004997200111995521,0.016666666666666607
0.000499730010799568,0.0
0.000499740010399584,0.016666666666666607
0.0004997500099996001,0.016666666666666607
0.000499760009599616,0.016666666666666607
0.000499770009199632,0.016666666666666607
0.0004997800087996481,0.016666666666666607
0.0004997900083996641,0.016666666666666607
0.00049980000799968,0.016666666666666607
0.000499810007599696,0.016666666666666607
0.0004998200071997121,0.016666666666666607
0.000499830006799728,0.016666666666666607
0.000499840006399744,0.0
0.0004998500059997601,0.016666666666666607
0.000499860005599776,0.016666666666666607
0.000499870005199792,0.016666666666666607
0.0004998800047998081,0.0
0.000499890004399824,0.016666666666666607
0.00049990000399984,0.016666666666666607
0.000499910003599856,0.033333333333333215
0.0004999200031998721,0.016666666666666607
0.000499930002799888,0.0
0.000499940002399904,0.016666666666666607
0.0004999500019999201,0.016666666666666607
0.000499960001599936,0.0
0.000499970001199952,0.016666666666666607
0.0004999800007999681,0.016666666666666607
0.000499990000399984,0.0
