Time (s),Amplitude (V)
0.0,0.0166666666666666
9.999600000028946e-09,0.0166666666666666
1.9999200000003683e-08,0.0166666666666666
2.999880000003263e-08,0.0166666666666666
3.9998400000007366e-08,0.0166666666666666
4.999800000003631e-08,0.0
5.99976001000287e-08,0.0
6.999720010000344e-08,0.0166666666666666
7.999680010003238e-08,0.0166666666666666
8.999640010000712e-08,0.0166666666666666
9.999600010003606e-08,0.0166666666666666
1.099956001000108e-07,0.0166666666666666
1.199952002000032e-07,0.0166666666666666
1.2999480020003213e-07,0.0166666666666666
1.3999440020000687e-07,0.0
1.4999400020003582e-07,0.0
1.5999360020001055e-07,0.0166666666666666
1.699932002000395e-07,0.0166666666666666
1.7999280030003189e-07,0.0166666666666666
1.8999240030000662e-07,0.0166666666666666
1.9999200030003557e-07,0.0166666666666666
2.099916003000103e-07,0.0
2.1999120030003925e-07,0.0
2.29990800300014e-07,0.0166666666666666
2.3999040030004293e-07,0.0166666666666666
2.499900004000353e-07,0.0166666666666666
2.5998960040001006e-07,0.0166666666666666
2.69989200400039e-07,0.0
2.7998880040001374e-07,0.0
2.899884004000427e-07,0.0
2.999880004000174e-07,0.0166666666666666
3.099876005000098e-07,0.0166666666666666
3.1998720050003876e-07,0.0166666666666666
3.299868005000135e-07,0.0
3.3998640050004244e-07,0.0
3.499860005000172e-07,0.0166666666666666
3.599856004999919e-07,0.0166666666666666
3.699852006000385e-07,0.0166666666666666
3.7998480060001324e-07,0.0166666666666666
3.899844006000422e-07,0.0
3.9998400060001693e-07,0.0166666666666666
4.0998360059999166e-07,0.0
4.199832006000206e-07,0.0
4.29982800700013e-07,0.0166666666666666
4.3998240070004194e-07,0.0166666666666666
4.499820007000167e-07,0.0
4.599816006999914e-07,0.0166666666666666
4.6998120070002036e-07,0.0
4.799808006999951e-07,0.0
4.89980400700024e-07,0.0166666666666666
4.999800008000164e-07,0.0166666666666666
5.099796007999912e-07,0.0
5.199792008000201e-07,0.0166666666666666
5.299788007999949e-07,0.0
5.399784008000238e-07,0.0166666666666666
5.499780007999985e-07,0.0
5.599776008999909e-07,0.0166666666666666
5.699772009000199e-07,0.0
5.799768008999946e-07,0.0
5.899764009000236e-07,0.0166666666666666
5.999760008999983e-07,0.0333333333333332
6.099756009000272e-07,0.0166666666666666
6.199752010000196e-07,0.0166666666666666
6.299748009999944e-07,0.0166666666666666
6.399744010000233e-07,0.0166666666666666
6.49974000999998e-07,0.0166666666666666
6.59973601000027e-07,0.0166666666666666
6.699732010000017e-07,0.0166666666666666
6.799728010999941e-07,0.0
6.899724011000231e-07,0.0
6.999720010999978e-07,0.0
7.099716011000267e-07,0.0166666666666666
7.199712011000015e-07,0.0
7.299708011000304e-07,0.0166666666666666
7.399704011000052e-07,0.0
7.499700011999975e-07,0.0
7.599696012000265e-07,0.0
7.699692012000012e-07,0.0166666666666666
7.799688012000302e-07,0.0166666666666666
7.899684012000049e-07,0.0166666666666666
7.999680012000339e-07,0.0166666666666666
8.099676013000262e-07,0.0166666666666666
8.19967201300001e-07,0.0
8.299668013000299e-07,0.0166666666666666
8.399664013000047e-07,0.0166666666666666
8.499660013000336e-07,0.0166666666666666
8.599656013000083e-07,0.0166666666666666
8.699652014000007e-07,0.0166666666666666
8.799648014000297e-07,0.0166666666666666
8.899644014000044e-07,0.0166666666666666
8.999640014000334e-07,0.0166666666666666
9.099636014000081e-07,0.0
9.19963201400037e-07,0.0166666666666666
9.299628015000294e-07,0.0166666666666666
9.399624015000042e-07,0.0166666666666666
9.499620015000331e-07,0.0
9.599616015000078e-07,0.0166666666666666
9.699612015000368e-07,0.0
9.799608015000115e-07,0.0166666666666666
9.899604015000405e-07,0.0
9.999600016000329e-07,0.0166666666666666
1.0099596016000076e-06,0.0166666666666666
1.0199592016000365e-06,0.0166666666666666
1.0299588016000113e-06,0.0166666666666666
1.0399584016000402e-06,0.0
1.049958001600015e-06,0.0166666666666666
1.0599576017000074e-06,0.0166666666666666
1.0699572017000363e-06,0.0
1.079956801700011e-06,0.0166666666666666
1.08995640170004e-06,0.0166666666666666
1.0999560017000147e-06,0.0
1.1099556017000437e-06,0.0
1.119955201800036e-06,0.0
1.1299548018000108e-06,0.0166666666666666
1.1399544018000397e-06,0.0166666666666666
1.1499540018000145e-06,0.0
1.1599536018000434e-06,0.0
1.1699532018000182e-06,0.0
1.1799528019000105e-06,0.0
1.1899524019000395e-06,0.0166666666666666
1.1999520019000142e-06,0.0166666666666666
1.2099516019000432e-06,0.0
1.219951201900018e-06,0.0166666666666666
1.2299508018999926e-06,0.0
1.2399504019000216e-06,0.0
1.249950002000014e-06,0.0
1.259949602000043e-06,0.0166666666666666
1.2699492020000177e-06,0.0166666666666666
1.2799488019999924e-06,0.0166666666666666
1.2899484020000213e-06,0.0
1.299948001999996e-06,0.0166666666666666
1.3099476021000427e-06,0.0166666666666666
1.3199472021000174e-06,0.0166666666666666
1.3299468020999921e-06,0.0166666666666666
1.339946402100021e-06,0.0
1.3499460020999958e-06,0.0166666666666666
1.3599456021000248e-06,0.0166666666666666
1.3699452022000172e-06,0.0
1.379944802199992e-06,0.0166666666666666
1.3899444022000208e-06,0.0166666666666666
1.3999440021999956e-06,0.0166666666666666
1.4099436022000245e-06,0.0166666666666666
1.4199432021999993e-06,0.0166666666666666
1.4299428022999917e-06,0.0
1.4399424023000206e-06,0.0166666666666666
1.4499420022999953e-06,0.0166666666666666
1.4599416023000243e-06,0.0166666666666666
1.469941202299999e-06,0.0
1.479940802300028e-06,0.0166666666666666
1.4899404023000027e-06,0.0166666666666666
1.499940002399995e-06,0.0166666666666666
1.509939602400024e-06,0.0166666666666666
1.5199392023999988e-06,0.0
1.5299388024000277e-06,0.0
1.5399384024000025e-06,0.0166666666666666
1.5499380024000314e-06,0.0
1.5599376025000238e-06,0.0
1.5699372024999985e-06,0.0166666666666666
1.5799368025000275e-06,0.0166666666666666
1.5899364025000022e-06,0.0166666666666666
1.5999360025000312e-06,0.0166666666666666
1.6099356025000059e-06,0.0
1.6199352025999983e-06,0.0166666666666666
1.6299348026000272e-06,0.0166666666666666
1.639934402600002e-06,0.0166666666666666
1.649934002600031e-06,0.0
1.6599336026000056e-06,0.0166666666666666
1.6699332026000346e-06,0.0
1.679932802700027e-06,0.0166666666666666
1.6899324027000017e-06,0.0166666666666666
1.6999320027000307e-06,0.0333333333333332
1.7099316027000054e-06,0.0
1.7199312027000343e-06,0.0166666666666666
1.729930802700009e-06,0.0166666666666666
1.739930402700038e-06,0.0166666666666666
1.7499300028000304e-06,0.0166666666666666
1.7599296028000051e-06,0.0166666666666666
1.769929202800034e-06,0.0166666666666666
1.7799288028000088e-06,0.0166666666666666
1.7899284028000378e-06,0.0166666666666666
1.7999280028000125e-06,0.0166666666666666
1.809927602900005e-06,0.0
1.8199272029000338e-06,0.0
1.8299268029000086e-06,0.0
1.8399264029000375e-06,0.0166666666666666
1.8499260029000123e-06,0.0
1.8599256029000412e-06,0.0
1.8699252030000336e-06,0.0166666666666666
1.8799248030000083e-06,0.0166666666666666
1.8899244030000373e-06,0.0
1.899924003000012e-06,0.0
1.909923603000041e-06,0.0
1.9199232030000157e-06,0.0166666666666666
1.929922803100008e-06,0.0
1.939922403100037e-06,0.0166666666666666
1.9499220031000118e-06,0.0
1.9599216031000407e-06,0.0166666666666666
1.9699212031000154e-06,0.0166666666666666
1.97992080309999e-06,0.0166666666666666
1.989920403100019e-06,0.0166666666666666
1.9999200032000115e-06,0.0
2.0099196032000405e-06,0.0
2.019919203200015e-06,0.0
2.02991880319999e-06,0.0
2.039918403200019e-06,0.0166666666666666
2.0499180031999936e-06,0.0166666666666666
2.0599176033000402e-06,0.0166666666666666
2.069917203300015e-06,0.0
2.0799168032999897e-06,0.0
2.0899164033000186e-06,0.0
2.0999160032999934e-06,0.0
2.1099156033000223e-06,0.0
2.1199152034000147e-06,0.0166666666666666
2.1299148034000437e-06,0.0
2.1399144034000184e-06,0.0
2.149914003399993e-06,0.0166666666666666
2.159913603400022e-06,0.0166666666666666
2.169913203399997e-06,0.0
2.1799128035000434e-06,0.0166666666666666
2.189912403500018e-06,0.0
2.199912003499993e-06,0.0166666666666666
2.209911603500022e-06,0.0166666666666666
2.2199112034999966e-06,0.0166666666666666
2.2299108035000255e-06,0.0166666666666666
2.2399104035000002e-06,0.0
2.2499100035999926e-06,0.0
2.2599096036000216e-06,0.0
2.2699092035999963e-06,0.0
2.2799088036000253e-06,0.0166666666666666
2.2899084036e-06,0.0166666666666666
2.299908003600029e-06,0.0
2.3099076037000213e-06,0.0166666666666666
2.319907203699996e-06,0.0166666666666666
2.329906803700025e-06,0.0166666666666666
2.3399064036999997e-06,0.0
2.3499060037000287e-06,0.0166666666666666
2.3599056037000034e-06,0.0166666666666666
2.369905203799996e-06,0.0166666666666666
2.3799048038000248e-06,0.0166666666666666
2.3899044037999995e-06,0.0
2.3999040038000284e-06,0.0
2.409903603800003e-06,0.0
2.419903203800032e-06,0.0166666666666666
2.4299028039000245e-06,0.0166666666666666
2.4399024038999993e-06,0.0166666666666666
2.449902003900028e-06,0.0
2.459901603900003e-06,0.0
2.469901203900032e-06,0.0
2.4799008039000066e-06,0.0
2.4899004039000356e-06,0.0166666666666666
2.499900004000028e-06,0.0166666666666666
2.5098996040000027e-06,0.0
2.5198992040000316e-06,0.0166666666666666
2.5298988040000064e-06,0.0166666666666666
2.5398984040000353e-06,0.0
2.54989800400001e-06,0.0166666666666666
2.5598976041000024e-06,0.0166666666666666
2.5698972041000314e-06,0.0
2.579896804100006e-06,0.0166666666666666
2.589896404100035e-06,0.0166666666666666
2.59989600410001e-06,0.0
2.6098956041000388e-06,0.0
2.619895204200031e-06,0.0
2.629894804200006e-06,0.0166666666666666
2.639894404200035e-06,0.0166666666666666
2.6498940042000096e-06,0.0166666666666666
2.6598936042000385e-06,0.0166666666666666
2.6698932042000132e-06,0.0
2.6798928043000056e-06,0.0166666666666666
2.6898924043000346e-06,0.0166666666666666
2.6998920043000093e-06,0.0166666666666666
2.7098916043000383e-06,0.0166666666666666
2.719891204300013e-06,0.0166666666666666
2.729890804300042e-06,0.0
2.7398904043000167e-06,0.0
2.749890004400009e-06,0.0
2.759889604400038e-06,0.0
2.7698892044000127e-06,0.0
2.7798888044000417e-06,0.0166666666666666
2.7898884044000164e-06,0.0
2.799888004399991e-06,0.0
2.8098876045000378e-06,0.0166666666666666
2.8198872045000125e-06,0.0166666666666666
2.8298868045000414e-06,0.0
2.839886404500016e-06,0.0166666666666666
2.849886004499991e-06,0.0
2.85988560450002e-06,0.0166666666666666
2.8698852046000123e-06,0.0
2.879884804600041e-06,0.0
2.889884404600016e-06,0.0166666666666666
2.8998840045999907e-06,0.0166666666666666
2.9098836046000196e-06,0.0166666666666666
2.9198832045999944e-06,0.0
2.929882804700041e-06,0.0166666666666666
2.9398824047000157e-06,0.0
2.9498820046999904e-06,0.0
2.9598816047000194e-06,0.0166666666666666
2.969881204699994e-06,0.0166666666666666
2.979880804700023e-06,0.0
2.9898804046999978e-06,0.0
2.99988000479999e-06,0.0166666666666666
3.009879604800019e-06,0.0166666666666666
3.019879204799994e-06,0.0
3.029878804800023e-06,0.0166666666666666
3.0398784047999975e-06,0.0
3.0498780048000265e-06,0.0166666666666666
3.059877604900019e-06,0.0
3.0698772048999936e-06,0.0166666666666666
3.0798768049000226e-06,0.0166666666666666
3.0898764048999973e-06,0.0166666666666666
3.0998760049000262e-06,0.0
3.109875604900001e-06,0.0
3.1198752049999934e-06,0.0166666666666666
3.1298748050000223e-06,0.0166666666666666
3.139874404999997e-06,0.0166666666666666
3.149874005000026e-06,0.0166666666666666
3.1598736050000007e-06,0.0166666666666666
3.1698732050000297e-06,0.0166666666666666
3.179872805100022e-06,0.0166666666666666
3.189872405099997e-06,0.0
3.1998720051000257e-06,0.0166666666666666
3.2098716051000005e-06,0.0166666666666666
3.2198712051000294e-06,0.0166666666666666
3.229870805100004e-06,0.0
3.239870405100033e-06,0.0166666666666666
3.2498700052000255e-06,0.0166666666666666
3.2598696052000002e-06,0.0
3.269869205200029e-06,0.0166666666666666
3.279868805200004e-06,0.0166666666666666
3.289868405200033e-06,0.0166666666666666
3.2998680052000076e-06,0.0166666666666666
3.3098676053e-06,0.0166666666666666
3.319867205300029e-06,0.0
3.3298668053000037e-06,0.0166666666666666
3.3398664053000326e-06,0.0166666666666666
3.3498660053000073e-06,0.0
3.3598656053000363e-06,0.0166666666666666
3.3698652054000287e-06,0.0
3.3798648054000034e-06,0.0166666666666666
3.3898644054000324e-06,0.0166666666666666
3.399864005400007e-06,0.0
3.409863605400036e-06,0.0
3.4198632054000108e-06,0.0166666666666666
3.429862805500003e-06,0.0166666666666666
3.439862405500032e-06,0.0166666666666666
3.449862005500007e-06,0.0166666666666666
3.459861605500036e-06,0.0166666666666666
3.4698612055000105e-06,0.0
3.4798608055000395e-06,0.0166666666666666
3.4898604055000142e-06,0.0166666666666666
3.4998600056000066e-06,0.0166666666666666
3.5098596056000356e-06,0.0
3.5198592056000103e-06,0.0
3.5298588056000392e-06,0.0166666666666666
3.539858405600014e-06,0.0166666666666666
3.549858005600043e-06,0.0166666666666666
3.5598576057000353e-06,0.0
3.56985720570001e-06,0.0166666666666666
3.579856805700039e-06,0.0
3.5898564057000137e-06,0.0
3.5998560057000427e-06,0.0
3.6098556057000174e-06,0.0
3.61985520580001e-06,0.0166666666666666
3.6298548058000387e-06,0.0166666666666666
3.6398544058000135e-06,0.0166666666666666
3.6498540058000424e-06,0.0166666666666666
3.659853605800017e-06,0.0166666666666666
3.669853205799992e-06,0.0
3.6798528059000385e-06,0.0166666666666666
3.6898524059000132e-06,0.0166666666666666
3.699852005900042e-06,0.0166666666666666
3.709851605900017e-06,0.0166666666666666
3.7198512058999916e-06,0.0166666666666666
3.7298508059000206e-06,0.0166666666666666
3.7398504058999953e-06,0.0166666666666666
3.749850006000042e-06,0.0
3.7598496060000167e-06,0.0166666666666666
3.7698492059999914e-06,0.0166666666666666
3.7798488060000203e-06,0.0166666666666666
3.789848405999995e-06,0.0166666666666666
3.799848006000024e-06,0.0166666666666666
3.8098476061000164e-06,0.0166666666666666
3.819847206099991e-06,0.0166666666666666
3.82984680610002e-06,0.0166666666666666
3.839846406099995e-06,0.0166666666666666
3.849846006100024e-06,0.0166666666666666
3.8598456060999985e-06,0.0
3.869845206199991e-06,0.0166666666666666
3.87984480620002e-06,0.0
3.889844406199995e-06,0.0166666666666666
3.8998440062000235e-06,0.0166666666666666
3.909843606199998e-06,0.0
3.919843206200027e-06,0.0166666666666666
3.92984280630002e-06,0.0166666666666666
3.939842406299994e-06,0.0166666666666666
3.949842006300023e-06,0.0166666666666666
3.959841606299998e-06,0.0166666666666666
3.969841206300027e-06,0.0166666666666666
3.979840806300002e-06,0.0166666666666666
3.989840406300031e-06,0.0166666666666666
3.999840006400023e-06,0.0166666666666666
4.009839606399998e-06,0.0166666666666666
4.019839206400027e-06,0.0166666666666666
4.0298388064000015e-06,0.0166666666666666
4.03983840640003e-06,0.0
4.049838006400005e-06,0.0166666666666666
4.0598376064999975e-06,0.0166666666666666
4.0698372065000265e-06,0.0
4.079836806500001e-06,0.0166666666666666
4.08983640650003e-06,0.0166666666666666
4.099836006500005e-06,0.0166666666666666
4.109835606500034e-06,0.0166666666666666
4.119835206600026e-06,0.0
4.129834806600001e-06,0.0166666666666666
4.13983440660003e-06,0.0166666666666666
4.149834006600005e-06,0.0166666666666666
4.159833606600034e-06,0.0166666666666666
4.169833206600008e-06,0.0166666666666666
4.179832806700001e-06,0.0166666666666666
4.18983240670003e-06,0.0166666666666666
4.199832006700004e-06,0.0166666666666666
4.209831606700033e-06,0.0
4.219831206700008e-06,0.0166666666666666
4.229830806700037e-06,0.0166666666666666
4.239830406700012e-06,0.0166666666666666
4.249830006800004e-06,0.0166666666666666
4.259829606800033e-06,0.0166666666666666
4.269829206800008e-06,0.0166666666666666
4.279828806800037e-06,0.0166666666666666
4.2898284068000115e-06,0.0166666666666666
4.2998280068000405e-06,0.0166666666666666
4.309827606900033e-06,0.0166666666666666
4.319827206900008e-06,0.0166666666666666
4.3298268069000365e-06,0.0166666666666666
4.339826406900011e-06,0.0
4.34982600690004e-06,0.0166666666666666
4.359825606900015e-06,0.0166666666666666
4.369825207000007e-06,0.0166666666666666
4.379824807000036e-06,0.0166666666666666
4.389824407000011e-06,0.0166666666666666
4.39982400700004e-06,0.0166666666666666
4.409823607000015e-06,0.0
4.419823207000044e-06,0.0
4.429822807100036e-06,0.0166666666666666
4.439822407100011e-06,0.0166666666666666
4.44982200710004e-06,0.0166666666666666
4.4598216071000145e-06,0.0
4.469821207100043e-06,0.0166666666666666
4.479820807100018e-06,0.0166666666666666
4.489820407099993e-06,0.0166666666666666
4.4998200072000395e-06,0.0166666666666666
4.509819607200014e-06,0.0166666666666666
4.519819207200043e-06,0.0166666666666666
4.529818807200018e-06,0.0166666666666666
4.539818407199993e-06,0.0166666666666666
4.5498180072000216e-06,0.0166666666666666
4.559817607300014e-06,0.0166666666666666
4.569817207300043e-06,0.0
4.579816807300018e-06,0.0166666666666666
4.589816407299992e-06,0.0166666666666666
4.599816007300021e-06,0.0166666666666666
4.609815607299996e-06,0.0
4.619815207400043e-06,0.0166666666666666
4.629814807400017e-06,0.0166666666666666
4.639814407399992e-06,0.0166666666666666
4.649814007400021e-06,0.0166666666666666
4.659813607399996e-06,0.0166666666666666
4.669813207400025e-06,0.0166666666666666
4.679812807500017e-06,0.0166666666666666
4.689812407499992e-06,0.0166666666666666
4.699812007500021e-06,0.0166666666666666
4.7098116074999956e-06,0.0166666666666666
4.7198112075000245e-06,0.0166666666666666
4.729810807499999e-06,0.0166666666666666
4.739810407500028e-06,0.0166666666666666
4.749810007600021e-06,0.0
4.759809607599995e-06,0.0
4.769809207600024e-06,0.0166666666666666
4.779808807599999e-06,0.0166666666666666
4.789808407600028e-06,0.0
4.799808007600003e-06,0.0166666666666666
4.809807607699995e-06,0.0166666666666666
4.819807207700024e-06,0.0
4.829806807699999e-06,0.0166666666666666
4.839806407700028e-06,0.0166666666666666
4.8498060077000024e-06,0.0166666666666666
4.859805607700031e-06,0.0166666666666666
4.869805207800024e-06,0.0
4.8798048077999985e-06,0.0166666666666666
4.8898044078000275e-06,0.0166666666666666
4.899804007800002e-06,0.0166666666666666
4.909803607800031e-06,0.0166666666666666
4.919803207800006e-06,0.0166666666666666
4.929802807899998e-06,0.0166666666666666
4.939802407900027e-06,0.0166666666666666
4.949802007900002e-06,0.0166666666666666
4.959801607900031e-06,0.0166666666666666
4.969801207900006e-06,0.0166666666666666
4.9798008079000346e-06,0.0166666666666666
4.989800407900009e-06,0.0166666666666666
4.999800008000002e-06,0.0166666666666666
5.009799608000031e-06,0.0166666666666666
5.019799208000005e-06,0.0166666666666666
5.029798808000034e-06,0.0
5.039798408000009e-06,0.0166666666666666
5.049798008000038e-06,0.0166666666666666
5.05979760810003e-06,0.0166666666666666
5.069797208100005e-06,0.0166666666666666
5.079796808100034e-06,0.0166666666666666
5.089796408100009e-06,0.0166666666666666
5.099796008100038e-06,0.0166666666666666
5.1097956081000125e-06,0.0166666666666666
5.119795208200005e-06,0.0166666666666666
5.129794808200034e-06,0.0166666666666666
5.1397944082000086e-06,0.0166666666666666
5.1497940082000375e-06,0.0166666666666666
5.159793608200012e-06,0.0166666666666666
5.169793208200041e-06,0.0166666666666666
5.179792808300034e-06,0.0166666666666666
5.189792408300008e-06,0.0166666666666666
5.199792008300037e-06,0.0166666666666666
5.209791608300012e-06,0.0166666666666666
5.219791208300041e-06,0.0166666666666666
5.229790808300016e-06,0.0166666666666666
5.23979040829999e-06,0.0166666666666666
5.249790008400037e-06,0.0166666666666666
5.259789608400012e-06,0.0166666666666666
5.269789208400041e-06,0.0166666666666666
5.2797888084000154e-06,0.0166666666666666
5.28978840839999e-06,0.0166666666666666
5.299788008400019e-06,0.0166666666666666
5.3097876085000115e-06,0.0166666666666666
5.3197872085000404e-06,0.0166666666666666
5.329786808500015e-06,0.0166666666666666
5.33978640849999e-06,0.0166666666666666
5.349786008500019e-06,0.0166666666666666
5.359785608499994e-06,0.0166666666666666
5.36978520860004e-06,0.0166666666666666
5.379784808600015e-06,0.0166666666666666
5.38978440859999e-06,0.0166666666666666
5.399784008600019e-06,0.0166666666666666
5.409783608599993e-06,0.0166666666666666
5.419783208600022e-06,0.0166666666666666
5.429782808700015e-06,0.0166666666666666
5.439782408700044e-06,0.0166666666666666
5.449782008700018e-06,0.0
5.459781608699993e-06,0.0166666666666666
5.469781208700022e-06,0.0166666666666666
5.479780808699997e-06,0.0166666666666666
5.489780408700026e-06,0.0
5.499780008800018e-06,0.0
5.509779608799993e-06,0.0166666666666666
5.519779208800022e-06,0.0166666666666666
5.5297788087999965e-06,0.0
5.5397784088000255e-06,0.0166666666666666
5.5497780088e-06,0.0166666666666666
5.559777608899993e-06,0.0166666666666666
5.5697772089000216e-06,0.0166666666666666
5.579776808899996e-06,0.0166666666666666
5.589776408900025e-06,0.0
5.5997760089e-06,0.0166666666666666
5.609775608900029e-06,0.0166666666666666
5.619775209000021e-06,0.0166666666666666
5.629774808999996e-06,0.0166666666666666
5.639774409000025e-06,0.0166666666666666
5.649774009e-06,0.0166666666666666
5.659773609000029e-06,0.0166666666666666
5.669773209000003e-06,0.0166666666666666
5.679772809099996e-06,0.0166666666666666
5.689772409100025e-06,0.0166666666666666
5.6997720090999995e-06,0.0166666666666666
5.7097716091000284e-06,0.0166666666666666
5.719771209100003e-06,0.0166666666666666
5.729770809100032e-06,0.0166666666666666
5.739770409100007e-06,0.0166666666666666
5.749770009199999e-06,0.0
5.759769609200028e-06,0.0166666666666666
5.769769209200003e-06,0.0166666666666666
5.779768809200032e-06,0.0
5.789768409200007e-06,0.0166666666666666
5.7997680092000355e-06,0.0
5.809767609300028e-06,0.0166666666666666
5.819767209300003e-06,0.0166666666666666
5.829766809300032e-06,0.0166666666666666
5.839766409300006e-06,0.0166666666666666
5.849766009300035e-06,0.0166666666666666
5.85976560930001e-06,0.0166666666666666
5.8697652094000024e-06,0.0166666666666666
5.879764809400031e-06,0.0166666666666666
5.889764409400006e-06,0.0166666666666666
5.899764009400035e-06,0.0
5.90976360940001e-06,0.0166666666666666
5.919763209400039e-06,0.0166666666666666
5.929762809500031e-06,0.0
5.939762409500006e-06,0.0166666666666666
5.949762009500035e-06,0.0
5.9597616095000095e-06,0.0166666666666666
5.9697612095000385e-06,0.0166666666666666
5.979760809500013e-06,0.0166666666666666
5.989760409500042e-06,0.0166666666666666
5.9997600096000346e-06,0.0166666666666666
6.009759609600009e-06,0.0166666666666666
6.019759209600038e-06,0.0166666666666666
6.029758809600013e-06,0.0166666666666666
6.039758409600042e-06,0.0166666666666666
6.049758009600017e-06,0.0166666666666666
6.059757609700009e-06,0.0166666666666666
6.069757209700038e-06,0.0166666666666666
6.079756809700013e-06,0.0166666666666666
6.089756409700042e-06,0.0166666666666666
6.099756009700016e-06,0.0166666666666666
6.109755609699991e-06,0.0166666666666666
6.119755209800038e-06,0.0166666666666666
6.1297548098000125e-06,0.0166666666666666
6.1397544098000414e-06,0.0166666666666666
6.149754009800016e-06,0.0166666666666666
6.159753609799991e-06,0.0
6.16975320980002e-06,0.0166666666666666
6.179752809900012e-06,0.0166666666666666
6.189752409900041e-06,0.0166666666666666
6.199752009900016e-06,0.0166666666666666
6.209751609899991e-06,0.0
6.21975120990002e-06,0.0166666666666666
6.229750809899994e-06,0.0166666666666666
6.239750409900023e-06,0.0166666666666666
6.249750010000016e-06,0.0
6.25974960999999e-06,0.0166666666666666
6.269749210000019e-06,0.0
6.279748809999994e-06,0.0166666666666666
6.289748410000023e-06,0.0
6.299748009999998e-06,0.0166666666666666
6.30974761009999e-06,0.0166666666666666
6.319747210100019e-06,0.0166666666666666
6.329746810099994e-06,0.0166666666666666
6.339746410100023e-06,0.0166666666666666
6.3497460100999975e-06,0.0166666666666666
6.3597456101000265e-06,0.0166666666666666
6.369745210200019e-06,0.0166666666666666
6.379744810199994e-06,0.0166666666666666
6.3897444102000225e-06,0.0
6.399744010199997e-06,0.0166666666666666
6.409743610200026e-06,0.0166666666666666
6.419743210200001e-06,0.0166666666666666
6.429742810299993e-06,0.0166666666666666
6.439742410300022e-06,0.0166666666666666
6.449742010299997e-06,0.0166666666666666
6.459741610300026e-06,0.0166666666666666
6.469741210300001e-06,0.0166666666666666
6.47974081030003e-06,0.0166666666666666
6.489740410300004e-06,0.0166666666666666
6.499740010399997e-06,0.0166666666666666
6.509739610400026e-06,0.0166666666666666
6.5197392104000005e-06,0.0
6.529738810400029e-06,0.0166666666666666
6.539738410400004e-06,0.0166666666666666
6.549738010400033e-06,0.0166666666666666
6.5597376105000255e-06,0.0166666666666666
6.5697372105e-06,0.0
6.579736810500029e-06,0.0
6.589736410500004e-06,0.0166666666666666
6.599736010500033e-06,0.0166666666666666
6.609735610500008e-06,0.0
6.6197352106e-06,0.0166666666666666
6.629734810600029e-06,0.0166666666666666
6.639734410600004e-06,0.0166666666666666
6.649734010600033e-06,0.0166666666666666
6.659733610600007e-06,0.0166666666666666
6.669733210600036e-06,0.0166666666666666
6.679732810700029e-06,0.0166666666666666
6.689732410700003e-06,0.0166666666666666
6.699732010700032e-06,0.0166666666666666
6.709731610700007e-06,0.0
6.719731210700036e-06,0.0166666666666666
6.729730810700011e-06,0.0
6.73973041070004e-06,0.0166666666666666
6.749730010800032e-06,0.0166666666666666
6.759729610800007e-06,0.0166666666666666
6.769729210800036e-06,0.0166666666666666
6.7797288108000105e-06,0.0
6.7897284108000395e-06,0.0166666666666666
6.799728010800014e-06,0.0166666666666666
6.809727610900007e-06,0.0166666666666666
6.8197272109000355e-06,0.0166666666666666
6.82972681090001e-06,0.0166666666666666
6.839726410900039e-06,0.0166666666666666
6.849726010900014e-06,0.0166666666666666
6.859725610900043e-06,0.0166666666666666
6.869725211000035e-06,0.0166666666666666
6.87972481100001e-06,0.0166666666666666
6.889724411000039e-06,0.0
6.899724011000014e-06,0.0166666666666666
6.909723611000043e-06,0.0
6.919723211000017e-06,0.0166666666666666
6.92972281110001e-06,0.0166666666666666
6.939722411100039e-06,0.0166666666666666
6.9497220111000135e-06,0.0166666666666666
6.959721611100042e-06,0.0166666666666666
6.969721211100017e-06,0.0166666666666666
6.979720811099992e-06,0.0166666666666666
6.989720411100021e-06,0.0166666666666666
6.999720011200013e-06,0.0166666666666666
7.009719611200042e-06,0.0166666666666666
7.019719211200017e-06,0.0166666666666666
7.029718811199992e-06,0.0166666666666666
7.039718411200021e-06,0.0166666666666666
7.049718011199995e-06,0.0166666666666666
7.059717611300042e-06,0.0166666666666666
7.069717211300017e-06,0.0166666666666666
7.079716811299991e-06,0.0166666666666666
7.08971641130002e-06,0.0166666666666666
7.099716011299995e-06,0.0166666666666666
7.109715611300024e-06,0.0166666666666666
7.119715211400016e-06,0.0166666666666666
7.129714811399991e-06,0.0166666666666666
7.13971441140002e-06,0.0166666666666666
7.149714011399995e-06,0.0166666666666666
7.159713611400024e-06,0.0166666666666666
7.1697132113999985e-06,0.0166666666666666
7.179712811499991e-06,0.0166666666666666
7.18971241150002e-06,0.0166666666666666
7.1997120114999946e-06,0.0166666666666666
7.2097116115000235e-06,0.0166666666666666
7.219711211499998e-06,0.0166666666666666
7.229710811500027e-06,0.0166666666666666
7.239710411500002e-06,0.0166666666666666
7.249710011599994e-06,0.0166666666666666
7.259709611600023e-06,0.0166666666666666
7.269709211599998e-06,0.0166666666666666
7.279708811600027e-06,0.0166666666666666
7.289708411600002e-06,0.0166666666666666
7.299708011600031e-06,0.0166666666666666
7.309707611700023e-06,0.0
7.319707211699998e-06,0.0166666666666666
7.329706811700027e-06,0.0166666666666666
7.3397064117000014e-06,0.0166666666666666
7.34970601170003e-06,0.0166666666666666
7.359705611700005e-06,0.0
7.3697052117999975e-06,0.0166666666666666
7.3797048118000265e-06,0.0166666666666666
7.389704411800001e-06,0.0166666666666666
7.39970401180003e-06,0.0166666666666666
7.409703611800005e-06,0.0166666666666666
7.419703211800034e-06,0.0166666666666666
7.429702811900026e-06,0.0166666666666666
7.439702411900001e-06,0.0166666666666666
7.44970201190003e-06,0.0333333333333332
7.459701611900005e-06,0.0166666666666666
7.4697012119000336e-06,0.0166666666666666
7.479700811900008e-06,0.0166666666666666
7.489700411900037e-06,0.0166666666666666
7.49970001200003e-06,0.0166666666666666
7.509699612000004e-06,0.0166666666666666
7.519699212000033e-06,0.0166666666666666
7.529698812000008e-06,0.0166666666666666
7.539698412000037e-06,0.0166666666666666
7.549698012000012e-06,0.0166666666666666
7.559697612100004e-06,0.0166666666666666
7.569697212100033e-06,0.0166666666666666
7.579696812100008e-06,0.0166666666666666
7.589696412100037e-06,0.0166666666666666
7.5996960121000115e-06,0.0166666666666666
7.6096956121000404e-06,0.0166666666666666
7.619695212200033e-06,0.0166666666666666
7.629694812200008e-06,0.0166666666666666
7.639694412200037e-06,0.0166666666666666
7.649694012200011e-06,0.0166666666666666
7.65969361220004e-06,0.0166666666666666
7.669693212200015e-06,0.0166666666666666
7.679692812300007e-06,0.0166666666666666
7.689692412300036e-06,0.0166666666666666
7.699692012300011e-06,0.0
7.70969161230004e-06,0.0
7.719691212300015e-06,0.0166666666666666
7.729690812300044e-06,0.0166666666666666
7.739690412300018e-06,0.0166666666666666
7.74969001240001e-06,0.0166666666666666
7.75968961240004e-06,0.0166666666666666
7.769689212400014e-06,0.0166666666666666
7.779688812400043e-06,0.0166666666666666
7.789688412400018e-06,0.0166666666666666
7.799688012399993e-06,0.0166666666666666
7.80968761250004e-06,0.0166666666666666
7.819687212500014e-06,0.0166666666666666
7.829686812500043e-06,0.0
7.839686412500018e-06,0.0166666666666666
7.849686012499993e-06,0.0
7.859685612500022e-06,0.0
7.869685212600014e-06,0.0166666666666666
7.879684812600043e-06,0.0166666666666666
7.889684412600018e-06,0.0166666666666666
7.899684012599992e-06,0.0166666666666666
7.909683612600021e-06,0.0166666666666666
7.919683212599996e-06,0.0166666666666666
7.929682812700043e-06,0.0166666666666666
7.939682412700017e-06,0.0166666666666666
7.949682012699992e-06,0.0166666666666666
7.959681612700021e-06,0.0166666666666666
7.969681212699996e-06,0.0166666666666666
7.979680812700025e-06,0.0166666666666666
7.9896804127e-06,0.0166666666666666
7.999680012799992e-06,0.0166666666666666
8.00967961280002e-06,0.0166666666666666
8.019679212799996e-06,0.0166666666666666
8.029678812800024e-06,0.0
8.0396784128e-06,0.0166666666666666
8.049678012800028e-06,0.0166666666666666
8.05967761290002e-06,0.0166666666666666
8.069677212899995e-06,0.0166666666666666
8.079676812900024e-06,0.0166666666666666
8.089676412899999e-06,0.0166666666666666
8.099676012900028e-06,0.0166666666666666
8.109675612900003e-06,0.0166666666666666
8.119675212999995e-06,0.0166666666666666
8.129674813000024e-06,0.0166666666666666
8.139674412999999e-06,0.0166666666666666
8.149674013000028e-06,0.0166666666666666
8.159673613000002e-06,0.0166666666666666
8.169673213000031e-06,0.0166666666666666
8.179672813100024e-06,0.0166666666666666
8.189672413099998e-06,0.0166666666666666
8.199672013100027e-06,0.0166666666666666
8.209671613100002e-06,0.0166666666666666
8.219671213100031e-06,0.0166666666666666
8.229670813100006e-06,0.0166666666666666
8.239670413100035e-06,0.0166666666666666
8.249670013200027e-06,0.0166666666666666
8.259669613200002e-06,0.0166666666666666
8.269669213200031e-06,0.0166666666666666
8.279668813200006e-06,0.0166666666666666
8.289668413200035e-06,0.0166666666666666
8.29966801320001e-06,0.0
8.309667613300002e-06,0.0166666666666666
8.31966721330003e-06,0.0166666666666666
8.329666813300005e-06,0.0
8.339666413300034e-06,0.0166666666666666
8.349666013300009e-06,0.0166666666666666
8.359665613300038e-06,0.0166666666666666
8.36966521340003e-06,0.0
8.379664813400005e-06,0.0166666666666666
8.389664413400034e-06,0.0166666666666666
8.399664013400009e-06,0.0166666666666666
8.409663613400038e-06,0.0166666666666666
8.419663213400012e-06,0.0166666666666666
8.429662813500005e-06,0.0
8.439662413500034e-06,0.0166666666666666
8.449662013500009e-06,0.0166666666666666
8.459661613500037e-06,0.0166666666666666
8.469661213500012e-06,0.0166666666666666
8.479660813500041e-06,0.0166666666666666
8.489660413500016e-06,0.0166666666666666
8.499660013600008e-06,0.0166666666666666
8.509659613600037e-06,0.0166666666666666
8.519659213600012e-06,0.0166666666666666
8.529658813600041e-06,0.0166666666666666
8.539658413600016e-06,0.0166666666666666
8.54965801359999e-06,0.0166666666666666
8.559657613700037e-06,0.0166666666666666
8.569657213700012e-06,0.0
8.57965681370004e-06,0.0166666666666666
8.589656413700015e-06,0.0166666666666666
8.59965601369999e-06,0.0166666666666666
8.609655613700019e-06,0.0166666666666666
8.619655213800011e-06,0.0166666666666666
8.62965481380004e-06,0.0166666666666666
8.639654413800015e-06,0.0166666666666666
8.64965401379999e-06,0.0
8.659653613800019e-06,0.0166666666666666
8.669653213799994e-06,0.0166666666666666
8.67965281390004e-06,0.0166666666666666
8.689652413900015e-06,0.0166666666666666
8.69965201389999e-06,0.0
8.709651613900019e-06,0.0166666666666666
8.719651213899993e-06,0.0166666666666666
8.729650813900022e-06,0.0166666666666666
8.739650413899997e-06,0.0166666666666666
8.749650014000044e-06,0.0
8.759649614000018e-06,0.0166666666666666
8.769649213999993e-06,0.0
8.779648814000022e-06,0.0166666666666666
8.789648413999997e-06,0.0166666666666666
8.799648014000026e-06,0.0166666666666666
8.809647614100018e-06,0.0166666666666666
8.819647214099993e-06,0.0166666666666666
8.829646814100022e-06,0.0166666666666666
8.839646414099997e-06,0.0
8.849646014100025e-06,0.0166666666666666
8.8596456141e-06,0.0166666666666666
8.869645214199993e-06,0.0166666666666666
8.879644814200022e-06,0.0166666666666666
8.889644414199996e-06,0.0
8.899644014200025e-06,0.0166666666666666
8.9096436142e-06,0.0166666666666666
8.919643214200029e-06,0.0166666666666666
8.929642814300021e-06,0.0166666666666666
8.939642414299996e-06,0.0
8.949642014300025e-06,0.0166666666666666
8.9596416143e-06,0.0166666666666666
8.969641214300029e-06,0.0166666666666666
8.979640814300003e-06,0.0166666666666666
8.989640414300032e-06,0.0166666666666666
8.999640014400025e-06,0.0166666666666666
9.0096396144e-06,0.0166666666666666
9.019639214400028e-06,0.0166666666666666
9.029638814400003e-06,0.0
9.039638414400032e-06,0.0
9.049638014400007e-06,0.0166666666666666
9.0596376145e-06,0.0166666666666666
9.069637214500028e-06,0.0166666666666666
9.079636814500003e-06,0.0
9.089636414500032e-06,0.0
9.099636014500007e-06,0.0166666666666666
9.109635614500036e-06,0.0
9.119635214600028e-06,0.0166666666666666
9.129634814600003e-06,0.0166666666666666
9.139634414600032e-06,0.0166666666666666
9.149634014600006e-06,0.0166666666666666
9.159633614600035e-06,0.0166666666666666
9.16963321460001e-06,0.0166666666666666
9.179632814700002e-06,0.0
9.189632414700031e-06,0.0
9.199632014700006e-06,0.0
9.209631614700035e-06,0.0166666666666666
9.21963121470001e-06,0.0166666666666666
9.229630814700039e-06,0.0166666666666666
9.239630414700013e-06,0.0166666666666666
9.249630014800006e-06,0.0166666666666666
9.259629614800035e-06,0.0166666666666666
9.26962921480001e-06,0.0166666666666666
9.279628814800038e-06,0.0166666666666666
9.289628414800013e-06,0.0166666666666666
9.299628014800042e-06,0.0166666666666666
9.309627614900035e-06,0.0166666666666666
9.31962721490001e-06,0.0166666666666666
9.329626814900038e-06,0.0166666666666666
9.339626414900013e-06,0.0166666666666666
9.349626014900042e-06,0.0166666666666666
9.359625614900017e-06,0.0166666666666666
9.369625215000009e-06,0.0166666666666666
9.379624815000038e-06,0.0166666666666666
9.389624415000013e-06,0.0166666666666666
9.399624015000042e-06,0.0166666666666666
9.409623615000016e-06,0.0166666666666666
9.419623214999991e-06,0.0166666666666666
9.429622815100038e-06,0.0166666666666666
9.439622415100012e-06,0.0166666666666666
9.449622015100041e-06,0.0166666666666666
9.459621615100016e-06,0.0166666666666666
9.469621215099991e-06,0.0
9.47962081510002e-06,0.0166666666666666
9.489620415099995e-06,0.0166666666666666
9.499620015200041e-06,0.0166666666666666
9.509619615200016e-06,0.0166666666666666
9.51961921519999e-06,0.0166666666666666
9.52961881520002e-06,0.0166666666666666
9.539618415199994e-06,0.0166666666666666
9.549618015200023e-06,0.0166666666666666
9.559617615300016e-06,0.0
9.56961721529999e-06,0.0166666666666666
9.57961681530002e-06,0.0166666666666666
9.589616415299994e-06,0.0166666666666666
9.599616015300023e-06,0.0
9.609615615299998e-06,0.0166666666666666
9.61961521539999e-06,0.0166666666666666
9.629614815400019e-06,0.0166666666666666
9.639614415399994e-06,0.0166666666666666
9.649614015400023e-06,0.0166666666666666
9.659613615399998e-06,0.0166666666666666
9.669613215400026e-06,0.0166666666666666
9.679612815500019e-06,0.0
9.689612415499994e-06,0.0166666666666666
9.699612015500023e-06,0.0166666666666666
9.709611615499997e-06,0.0166666666666666
9.719611215500026e-06,0.0166666666666666
9.729610815500001e-06,0.0166666666666666
9.73961041550003e-06,0.0166666666666666
9.749610015600022e-06,0.0166666666666666
9.759609615599997e-06,0.0166666666666666
9.769609215600026e-06,0.0166666666666666
9.7796088156e-06,0.0166666666666666
9.78960841560003e-06,0.0166666666666666
9.799608015600004e-06,0.0166666666666666
9.809607615699997e-06,0.0
9.819607215700026e-06,0.0166666666666666
9.8296068157e-06,0.0166666666666666
9.83960641570003e-06,0.0166666666666666
9.849606015700004e-06,0.0166666666666666
9.859605615700033e-06,0.0166666666666666
9.869605215800025e-06,0.0166666666666666
9.8796048158e-06,0.0166666666666666
9.889604415800029e-06,0.0166666666666666
9.899604015800004e-06,0.0166666666666666
9.909603615800033e-06,0.0166666666666666
9.919603215800008e-06,0.0166666666666666
9.9296028159e-06,0.0166666666666666
9.939602415900029e-06,0.0166666666666666
9.949602015900004e-06,0.0166666666666666
9.959601615900033e-06,0.0166666666666666
9.969601215900007e-06,0.0166666666666666
9.979600815900036e-06,0.0166666666666666
9.989600415900011e-06,0.0166666666666666
9.999600016000003e-06,0.0166666666666666
1.0009599616000032e-05,0.0166666666666666
1.0019599216000007e-05,0.0166666666666666
1.0029598816000036e-05,0.0166666666666666
1.003959841600001e-05,0.0166666666666666
1.004959801600004e-05,0.0
1.0059597616100032e-05,0.0166666666666666
1.0069597216100007e-05,0.0166666666666666
1.0079596816100036e-05,0.0166666666666666
1.008959641610001e-05,0.0166666666666666
1.009959601610004e-05,0.0166666666666666
1.0109595616100014e-05,0.0166666666666666
1.0119595216200007e-05,0.0166666666666666
1.0129594816200036e-05,0.0166666666666666
1.013959441620001e-05,0.0166666666666666
1.014959401620004e-05,0.0166666666666666
1.0159593616200014e-05,0.0166666666666666
1.0169593216200043e-05,0.0166666666666666
1.0179592816300035e-05,0.0166666666666666
1.018959241630001e-05,0.0166666666666666
1.0199592016300039e-05,0.0166666666666666
1.0209591616300014e-05,0.0166666666666666
1.0219591216300043e-05,0.0166666666666666
1.0229590816300017e-05,0.0166666666666666
1.0239590416299992e-05,0.0166666666666666
1.0249590016400039e-05,0.0
1.0259589616400013e-05,0.0166666666666666
1.0269589216400042e-05,0.0166666666666666
1.0279588816400017e-05,0.0166666666666666
1.0289588416399992e-05,0.0166666666666666
1.029958801640002e-05,0.0166666666666666
1.0309587616500013e-05,0.0166666666666666
1.0319587216500042e-05,0.0166666666666666
1.0329586816500017e-05,0.0166666666666666
1.0339586416499992e-05,0.0166666666666666
1.034958601650002e-05,0.0166666666666666
1.0359585616499995e-05,0.0166666666666666
1.0369585216600042e-05,0.0
1.0379584816600017e-05,0.0166666666666666
1.0389584416599991e-05,0.0166666666666666
1.039958401660002e-05,0.0166666666666666
1.0409583616599995e-05,0.0166666666666666
1.0419583216600024e-05,0.0166666666666666
1.0429582816700016e-05,0.0166666666666666
1.0439582416699991e-05,0.0166666666666666
1.044958201670002e-05,0.0166666666666666
1.0459581616699995e-05,0.0166666666666666
1.0469581216700024e-05,0.0166666666666666
1.0479580816699998e-05,0.0166666666666666
1.0489580416700027e-05,0.0166666666666666
1.049958001680002e-05,0.0166666666666666
1.0509579616799995e-05,0.0166666666666666
1.0519579216800024e-05,0.0166666666666666
1.0529578816799998e-05,0.0166666666666666
1.0539578416800027e-05,0.0166666666666666
1.0549578016800002e-05,0.0166666666666666
1.0559577616899994e-05,0.0166666666666666
1.0569577216900023e-05,0.0166666666666666
1.0579576816899998e-05,0.0166666666666666
1.0589576416900027e-05,0.0166666666666666
1.0599576016900002e-05,0.0
1.060957561690003e-05,0.0166666666666666
1.0619575217000023e-05,0.0166666666666666
1.0629574816999998e-05,0.0166666666666666
1.0639574417000027e-05,0.0166666666666666
1.0649574017000001e-05,0.0166666666666666
1.065957361700003e-05,0.0166666666666666
1.0669573217000005e-05,0.0
1.0679572817099997e-05,0.0166666666666666
1.0689572417100026e-05,0.0166666666666666
1.0699572017100001e-05,0.0166666666666666
1.070957161710003e-05,0.0166666666666666
1.0719571217100005e-05,0.0166666666666666
1.0729570817100034e-05,0.0166666666666666
1.0739570417100009e-05,0.0166666666666666
1.0749570017200001e-05,0.0166666666666666
1.075956961720003e-05,0.0166666666666666
1.0769569217200005e-05,0.0166666666666666
1.0779568817200034e-05,0.0166666666666666
1.0789568417200008e-05,0.0166666666666666
1.0799568017200037e-05,0.0166666666666666
1.080956761730003e-05,0.0166666666666666
1.0819567217300004e-05,0.0166666666666666
1.0829566817300033e-05,0.0166666666666666
1.0839566417300008e-05,0.0166666666666666
1.0849566017300037e-05,0.0166666666666666
1.0859565617300012e-05,0.0166666666666666
1.0869565217400004e-05,0.0166666666666666
1.0879564817400033e-05,0.0166666666666666
1.0889564417400008e-05,0.0166666666666666
1.0899564017400037e-05,0.0166666666666666
1.0909563617400011e-05,0.0166666666666666
1.091956321740004e-05,0.0166666666666666
1.0929562817500033e-05,0.0166666666666666
1.0939562417500008e-05,0.0166666666666666
1.0949562017500036e-05,0.0166666666666666
1.0959561617500011e-05,0.0166666666666666
1.096956121750004e-05,0.0166666666666666
1.0979560817500015e-05,0.0166666666666666
1.098956041749999e-05,0.0166666666666666
1.0999560017600036e-05,0.0166666666666666
1.1009559617600011e-05,0.0166666666666666
1.101955921760004e-05,0.0166666666666666
1.1029558817600015e-05,0.0166666666666666
1.1039558417600044e-05,0.0166666666666666
1.1049558017600018e-05,0.0166666666666666
1.105955761770001e-05,0.0166666666666666
1.106955721770004e-05,0.0166666666666666
1.1079556817700014e-05,0.0166666666666666
1.1089556417700043e-05,0.0166666666666666
1.1099556017700018e-05,0.0166666666666666
1.1109555617699993e-05,0.0166666666666666
1.111955521780004e-05,0.0166666666666666
1.1129554817800014e-05,0.0166666666666666
1.1139554417800043e-05,0.0166666666666666
1.1149554017800018e-05,0.0166666666666666
1.1159553617799993e-05,0.0166666666666666
1.1169553217800022e-05,0.0166666666666666
1.1179552817900014e-05,0.0166666666666666
1.1189552417900043e-05,0.0166666666666666
1.1199552017900018e-05,0.0166666666666666
1.1209551617899992e-05,0.0166666666666666
1.1219551217900021e-05,0.0166666666666666
1.1229550817899996e-05,0.0166666666666666
1.1239550417900025e-05,0.0333333333333332
1.1249550018000017e-05,0.0166666666666666
1.1259549617999992e-05,0.0166666666666666
1.1269549218000021e-05,0.0166666666666666
1.1279548817999996e-05,0.0166666666666666
1.1289548418000025e-05,0.0166666666666666
1.1299548018e-05,0.0166666666666666
1.1309547618099992e-05,0.0166666666666666
1.131954721810002e-05,0.0166666666666666
1.1329546818099996e-05,0.0166666666666666
1.1339546418100024e-05,0.0
1.13495460181e-05,0.0166666666666666
1.1359545618100028e-05,0.0166666666666666
1.136954521820002e-05,0.0166666666666666
1.1379544818199995e-05,0.0166666666666666
1.1389544418200024e-05,0.0166666666666666
1.1399544018199999e-05,0.0166666666666666
1.1409543618200028e-05,0.0166666666666666
1.1419543218200003e-05,0.0166666666666666
1.1429542818299995e-05,0.0166666666666666
1.1439542418300024e-05,0.0166666666666666
1.1449542018299999e-05,0.0166666666666666
1.1459541618300028e-05,0.0166666666666666
1.1469541218300002e-05,0.0166666666666666
1.1479540818300031e-05,0.0166666666666666
1.1489540418300006e-05,0.0166666666666666
1.1499540018399998e-05,0.0166666666666666
1.1509539618400027e-05,0.0166666666666666
1.1519539218400002e-05,0.0166666666666666
1.1529538818400031e-05,0.0166666666666666
1.1539538418400006e-05,0.0166666666666666
1.1549538018400035e-05,0.0166666666666666
1.1559537618500027e-05,0.0166666666666666
1.1569537218500002e-05,0.0333333333333332
1.1579536818500031e-05,0.0
1.1589536418500006e-05,0.0166666666666666
1.1599536018500035e-05,0.0166666666666666
1.160953561850001e-05,0.0166666666666666
1.1619535218600002e-05,0.0166666666666666
1.162953481860003e-05,0.0166666666666666
1.1639534418600005e-05,0.0
1.1649534018600034e-05,0.0166666666666666
1.1659533618600009e-05,0.0166666666666666
1.1669533218600038e-05,0.0166666666666666
1.167953281870003e-05,0.0166666666666666
1.1689532418700005e-05,0.0333333333333332
1.1699532018700034e-05,0.0166666666666666
1.1709531618700009e-05,0.0166666666666666
1.1719531218700038e-05,0.0166666666666666
1.1729530818700012e-05,0.0166666666666666
1.1739530418700041e-05,0.0166666666666666
1.1749530018800034e-05,0.0166666666666666
1.1759529618800009e-05,0.0166666666666666
1.1769529218800037e-05,0.0166666666666666
1.1779528818800012e-05,0.0166666666666666
1.1789528418800041e-05,0.0166666666666666
1.1799528018800016e-05,0.0333333333333332
1.1809527618900008e-05,0.0166666666666666
1.1819527218900037e-05,0.0166666666666666
1.1829526818900012e-05,0.0166666666666666
1.1839526418900041e-05,0.0166666666666666
1.1849526018900016e-05,0.0166666666666666
1.185952561889999e-05,0.0166666666666666
1.1869525219000037e-05,0.0166666666666666
1.1879524819000012e-05,0.0166666666666666
1.188952441900004e-05,0.0166666666666666
1.1899524019000015e-05,0.0166666666666666
1.190952361899999e-05,0.0
1.1919523219000019e-05,0.0166666666666666
1.1929522819100011e-05,0.0166666666666666
1.193952241910004e-05,0.0166666666666666
1.1949522019100015e-05,0.0166666666666666
1.195952161909999e-05,0.0166666666666666
1.1969521219100019e-05,0.0166666666666666
1.1979520819099994e-05,0.0166666666666666
1.1989520419100023e-05,0.0166666666666666
1.1999520019200015e-05,0.0166666666666666
1.200951961919999e-05,0.0166666666666666
1.2019519219200019e-05,0.0166666666666666
1.2029518819199993e-05,0.0166666666666666
1.2039518419200022e-05,0.0166666666666666
1.2049518019199997e-05,0.0166666666666666
1.2059517619300044e-05,0.0166666666666666
1.2069517219300018e-05,0.0166666666666666
1.2079516819299993e-05,0.0166666666666666
1.2089516419300022e-05,0.0333333333333332
1.2099516019299997e-05,0.0166666666666666
1.2109515619300026e-05,0.0166666666666666
1.2119515219400018e-05,0.0166666666666666
1.2129514819399993e-05,0.0166666666666666
1.2139514419400022e-05,0.0166666666666666
1.2149514019399997e-05,0.0166666666666666
1.2159513619400025e-05,0.0166666666666666
1.21695132194e-05,0.0166666666666666
1.2179512819499993e-05,0.0166666666666666
1.2189512419500022e-05,0.0166666666666666
1.2199512019499996e-05,0.0166666666666666
1.2209511619500025e-05,0.0166666666666666
1.22195112195e-05,0.0166666666666666
1.2229510819500029e-05,0.0166666666666666
1.2239510419500004e-05,0.0166666666666666
1.2249510019599996e-05,0.0166666666666666
1.2259509619600025e-05,0.0
1.22695092196e-05,0.0166666666666666
1.2279508819600029e-05,0.0166666666666666
1.2289508419600003e-05,0.0166666666666666
1.2299508019600032e-05,0.0
1.2309507619700025e-05,0.0
1.23195072197e-05,0.0166666666666666
1.2329506819700028e-05,0.0166666666666666
1.2339506419700003e-05,0.0166666666666666
1.2349506019700032e-05,0.0166666666666666
1.2359505619700007e-05,0.0166666666666666
1.23695052198e-05,0.0
1.2379504819800028e-05,0.0166666666666666
1.2389504419800003e-05,0.0166666666666666
1.2399504019800032e-05,0.0166666666666666
1.2409503619800007e-05,0.0166666666666666
1.2419503219800036e-05,0.0166666666666666
1.2429502819900028e-05,0.0166666666666666
1.2439502419900003e-05,0.0166666666666666
1.2449502019900032e-05,0.0166666666666666
1.2459501619900006e-05,0.0166666666666666
1.2469501219900035e-05,0.0166666666666666
1.247950081990001e-05,0.0166666666666666
1.2489500419900039e-05,0.0166666666666666
1.2499500020000031e-05,0.0166666666666666
1.2509499620000006e-05,0.0166666666666666
1.2519499220000035e-05,0.0166666666666666
1.252949882000001e-05,0.0166666666666666
1.2539498420000039e-05,0.0333333333333332
1.2549498020000013e-05,0.0166666666666666
1.2559497620100006e-05,0.0166666666666666
1.2569497220100035e-05,0.0166666666666666
1.257949682010001e-05,0.0166666666666666
1.2589496420100038e-05,0.0166666666666666
1.2599496020100013e-05,0.0166666666666666
1.2609495620100042e-05,0.0166666666666666
1.2619495220200035e-05,0.0166666666666666
1.262949482020001e-05,0.0166666666666666
1.2639494420200038e-05,0.0166666666666666
1.2649494020200013e-05,0.0
1.2659493620200042e-05,0.0166666666666666
1.2669493220200017e-05,0.0166666666666666
1.2679492820300009e-05,0.0166666666666666
1.2689492420300038e-05,0.0166666666666666
1.2699492020300013e-05,0.0166666666666666
1.2709491620300042e-05,0.0166666666666666
1.2719491220300016e-05,0.0166666666666666
1.2729490820299991e-05,0.0166666666666666
1.273949042030002e-05,0.0166666666666666
1.2749490020400012e-05,0.0166666666666666
1.2759489620400041e-05,0.0166666666666666
1.2769489220400016e-05,0.0166666666666666
1.2779488820399991e-05,0.0166666666666666
1.278948842040002e-05,0.0
1.2799488020399995e-05,0.0333333333333332
1.2809487620500041e-05,0.0166666666666666
1.2819487220500016e-05,0.0
1.282948682049999e-05,0.0166666666666666
1.283948642050002e-05,0.0166666666666666
1.2849486020499994e-05,0.0166666666666666
1.2859485620500023e-05,0.0166666666666666
1.2869485220600016e-05,0.0166666666666666
1.287948482059999e-05,0.0333333333333332
1.288948442060002e-05,0.0166666666666666
1.2899484020599994e-05,0.0166666666666666
1.2909483620600023e-05,0.0166666666666666
1.2919483220599998e-05,0.0166666666666666
1.292948282069999e-05,0.0166666666666666
1.2939482420700019e-05,0.0166666666666666
1.2949482020699994e-05,0.0166666666666666
1.2959481620700023e-05,0.0
1.2969481220699997e-05,0.0166666666666666
1.2979480820700026e-05,0.0
1.2989480420700001e-05,0.0166666666666666
1.2999480020799994e-05,0.0166666666666666
1.3009479620800023e-05,0.0166666666666666
1.3019479220799997e-05,0.0166666666666666
1.3029478820800026e-05,0.0166666666666666
1.3039478420800001e-05,0.0166666666666666
1.304947802080003e-05,0.0166666666666666
1.3059477620900022e-05,0.0166666666666666
1.3069477220899997e-05,0.0166666666666666
1.3079476820900026e-05,0.0166666666666666
1.30894764209e-05,0.0166666666666666
1.309947602090003e-05,0.0
1.3109475620900004e-05,0.0166666666666666
1.3119475220999997e-05,0.0166666666666666
1.3129474821000026e-05,0.0166666666666666
1.3139474421e-05,0.0166666666666666
1.314947402100003e-05,0.0166666666666666
1.3159473621000004e-05,0.0166666666666666
1.3169473221000033e-05,0.0
1.3179472821100025e-05,0.0166666666666666
1.31894724211e-05,0.0166666666666666
1.3199472021100029e-05,0.0166666666666666
1.3209471621100004e-05,0.0166666666666666
1.3219471221100033e-05,0.0166666666666666
1.3229470821100008e-05,0.0
1.3239470421100036e-05,0.0
1.3249470021200029e-05,0.0166666666666666
1.3259469621200004e-05,0.0166666666666666
1.3269469221200033e-05,0.0166666666666666
1.3279468821200007e-05,0.0166666666666666
1.3289468421200036e-05,0.0166666666666666
1.3299468021200011e-05,0.0
1.3309467621300003e-05,0.0
1.3319467221300032e-05,0.0166666666666666
1.3329466821300007e-05,0.0166666666666666
1.3339466421300036e-05,0.0166666666666666
1.334946602130001e-05,0.0166666666666666
1.335946562130004e-05,0.0166666666666666
1.3369465221400032e-05,0.0166666666666666
1.3379464821400007e-05,0.0166666666666666
1.3389464421400036e-05,0.0166666666666666
1.339946402140001e-05,0.0166666666666666
1.340946362140004e-05,0.0166666666666666
1.3419463221400014e-05,0.0166666666666666
1.3429462821500007e-05,0.0
1.3439462421500036e-05,0.0166666666666666
1.344946202150001e-05,0.0166666666666666
1.345946162150004e-05,0.0166666666666666
1.3469461221500014e-05,0.0166666666666666
1.3479460821500043e-05,0.0166666666666666
1.3489460421500018e-05,0.0166666666666666
1.349946002160001e-05,0.0166666666666666
1.3509459621600039e-05,0.0166666666666666
1.3519459221600014e-05,0.0166666666666666
1.3529458821600043e-05,0.0166666666666666
1.3539458421600017e-05,0.0166666666666666
1.3549458021599992e-05,0.0166666666666666
1.3559457621700039e-05,0.0166666666666666
1.3569457221700013e-05,0.0166666666666666
1.3579456821700042e-05,0.0166666666666666
1.3589456421700017e-05,0.0166666666666666
1.3599456021699992e-05,0.0166666666666666
1.360945562170002e-05,0.0166666666666666
1.3619455221800013e-05,0.0166666666666666
1.3629454821800042e-05,0.0166666666666666
1.3639454421800017e-05,0.0166666666666666
1.3649454021799992e-05,0.0166666666666666
1.365945362180002e-05,0.0166666666666666
1.3669453221799995e-05,0.0166666666666666
1.3679452821900042e-05,0.0166666666666666
1.3689452421900017e-05,0.0166666666666666
1.3699452021899991e-05,0.0166666666666666
1.370945162190002e-05,0.0166666666666666
1.3719451221899995e-05,0.0166666666666666
1.3729450821900024e-05,0.0166666666666666
1.3739450421899999e-05,0.0166666666666666
1.3749450021999991e-05,0.0166666666666666
1.375944962200002e-05,0.0166666666666666
1.3769449221999995e-05,0.0166666666666666
1.3779448822000024e-05,0.0166666666666666
1.3789448421999998e-05,0.0166666666666666
1.3799448022000027e-05,0.0
1.380944762210002e-05,0.0166666666666666
1.3819447222099995e-05,0.0166666666666666
1.3829446822100023e-05,0.0166666666666666
1.3839446422099998e-05,0.0166666666666666
1.3849446022100027e-05,0.0166666666666666
1.3859445622100002e-05,0.0
1.3869445222199994e-05,0.0166666666666666
1.3879444822200023e-05,0.0166666666666666
1.3889444422199998e-05,0.0166666666666666
1.3899444022200027e-05,0.0166666666666666
1.3909443622200002e-05,0.0
1.391944322220003e-05,0.0166666666666666
1.3929442822300023e-05,0.0166666666666666
1.3939442422299998e-05,0.0166666666666666
1.3949442022300027e-05,0.0166666666666666
1.3959441622300001e-05,0.0166666666666666
1.396944122230003e-05,0.0166666666666666
1.3979440822300005e-05,0.0166666666666666
1.3989440422300034e-05,0.0166666666666666
1.3999440022400026e-05,0.0166666666666666
1.4009439622400001e-05,0.0166666666666666
1.401943922240003e-05,0.0166666666666666
1.4029438822400005e-05,0.0166666666666666
1.4039438422400034e-05,0.0166666666666666
1.4049438022400009e-05,0.0166666666666666
1.4059437622500001e-05,0.0166666666666666
1.406943722250003e-05,0.0166666666666666
1.4079436822500005e-05,0.0166666666666666
1.4089436422500034e-05,0.0166666666666666
1.4099436022500008e-05,0.0166666666666666
1.4109435622500037e-05,0.0166666666666666
1.411943522260003e-05,0.0
1.4129434822600004e-05,0.0166666666666666
1.4139434422600033e-05,0.0166666666666666
1.4149434022600008e-05,0.0
1.4159433622600037e-05,0.0166666666666666
1.4169433222600012e-05,0.0166666666666666
1.4179432822700004e-05,0.0166666666666666
1.4189432422700033e-05,0.0166666666666666
1.4199432022700008e-05,0.0166666666666666
1.4209431622700037e-05,0.0166666666666666
1.4219431222700011e-05,0.0166666666666666
1.422943082270004e-05,0.0166666666666666
1.4239430422700015e-05,0.0166666666666666
1.4249430022800008e-05,0.0
1.4259429622800036e-05,0.0166666666666666
1.4269429222800011e-05,0.0166666666666666
1.427942882280004e-05,0.0166666666666666
1.4289428422800015e-05,0.0
1.429942802279999e-05,0.0166666666666666
1.4309427622900036e-05,0.0166666666666666
1.4319427222900011e-05,0.0333333333333332
1.432942682290004e-05,0.0
1.4339426422900015e-05,0.0166666666666666
1.4349426022900044e-05,0.0166666666666666
1.4359425622900018e-05,0.0166666666666666
1.436942522300001e-05,0.0166666666666666
1.437942482300004e-05,0.0166666666666666
1.4389424423000014e-05,0.0166666666666666
1.4399424023000043e-05,0.0166666666666666
1.4409423623000018e-05,0.0166666666666666
1.4419423222999993e-05,0.0166666666666666
1.442942282310004e-05,0.0166666666666666
1.4439422423100014e-05,0.0166666666666666
1.4449422023100043e-05,0.0166666666666666
1.4459421623100018e-05,0.0166666666666666
1.4469421223099993e-05,0.0166666666666666
1.4479420823100022e-05,0.0166666666666666
1.4489420423099996e-05,0.0166666666666666
1.4499420023200043e-05,0.0166666666666666
1.4509419623200018e-05,0.0166666666666666
1.4519419223199992e-05,0.0166666666666666
1.4529418823200021e-05,0.0166666666666666
1.4539418423199996e-05,0.0166666666666666
1.4549418023200025e-05,0.0166666666666666
1.4559417623300017e-05,0.0
1.4569417223299992e-05,0.0166666666666666
1.4579416823300021e-05,0.0
1.4589416423299996e-05,0.0
1.4599416023300025e-05,0.0166666666666666
1.46094156233e-05,0.0166666666666666
1.4619415223399992e-05,0.0166666666666666
1.462941482340002e-05,0.0166666666666666
1.4639414423399996e-05,0.0166666666666666
1.4649414023400024e-05,0.0166666666666666
1.46594136234e-05,0.0166666666666666
1.4669413223400028e-05,0.0166666666666666
1.467941282350002e-05,0.0166666666666666
1.4689412423499995e-05,0.0166666666666666
1.4699412023500024e-05,0.0166666666666666
1.4709411623499999e-05,0.0166666666666666
1.4719411223500028e-05,0.0166666666666666
1.4729410823500003e-05,0.0
1.4739410423500032e-05,0.0166666666666666
1.4749410023600024e-05,0.0
1.4759409623599999e-05,0.0166666666666666
1.4769409223600028e-05,0.0166666666666666
1.4779408823600002e-05,0.0166666666666666
1.4789408423600031e-05,0.0166666666666666
1.4799408023600006e-05,0.0166666666666666
1.4809407623699998e-05,0.0166666666666666
1.4819407223700027e-05,0.0166666666666666
1.4829406823700002e-05,0.0166666666666666
1.4839406423700031e-05,0.0166666666666666
1.4849406023700006e-05,0.0166666666666666
1.4859405623700035e-05,0.0166666666666666
1.4869405223800027e-05,0.0166666666666666
1.4879404823800002e-05,0.0166666666666666
1.488940442380003e-05,0.0166666666666666
1.4899404023800006e-05,0.0166666666666666
1.4909403623800035e-05,0.0166666666666666
1.491940322380001e-05,0.0166666666666666
1.4929402823900002e-05,0.0166666666666666
1.493940242390003e-05,0.0166666666666666
1.4949402023900005e-05,0.0166666666666666
1.4959401623900034e-05,0.0166666666666666
1.4969401223900009e-05,0.0166666666666666
1.4979400823900038e-05,0.0166666666666666
1.4989400423900013e-05,0.0166666666666666
1.4999400024000005e-05,0.0166666666666666
1.5009399624000034e-05,0.0166666666666666
1.5019399224000009e-05,0.0166666666666666
1.5029398824000038e-05,0.0166666666666666
1.5039398424000012e-05,0.0166666666666666
1.5049398024000041e-05,0.0166666666666666
1.5059397624100034e-05,0.0166666666666666
1.5069397224100009e-05,0.0166666666666666
1.5079396824100037e-05,0.0166666666666666
1.5089396424100012e-05,0.0166666666666666
1.5099396024100041e-05,0.0166666666666666
1.5109395624100016e-05,0.0166666666666666
1.5119395224200008e-05,0.0166666666666666
1.5129394824200037e-05,0.0166666666666666
1.5139394424200012e-05,0.0166666666666666
1.5149394024200041e-05,0.0166666666666666
1.5159393624200016e-05,0.0166666666666666
1.516939322419999e-05,0.0
1.5179392824300037e-05,0.0166666666666666
1.5189392424300012e-05,0.0166666666666666
1.519939202430004e-05,0.0166666666666666
1.5209391624300015e-05,0.0
1.521939122429999e-05,0.0166666666666666
1.5229390824300019e-05,0.0166666666666666
1.5239390424299994e-05,0.0166666666666666
1.524939002440004e-05,0.0166666666666666
1.5259389624400015e-05,0.0166666666666666
1.526938922439999e-05,0.0166666666666666
1.527938882440002e-05,0.0166666666666666
1.5289388424399994e-05,0.0166666666666666
1.5299388024400023e-05,0.0333333333333332
1.5309387624500015e-05,0.0166666666666666
1.531938722449999e-05,0.0166666666666666
1.532938682450002e-05,0.0166666666666666
1.5339386424499993e-05,0.0166666666666666
1.5349386024500022e-05,0.0166666666666666
1.5359385624499997e-05,0.0166666666666666
1.5369385224600044e-05,0.0
1.537938482460002e-05,0.0166666666666666
1.5389384424599993e-05,0.0
1.5399384024600022e-05,0.0166666666666666
1.5409383624599997e-05,0.0
1.5419383224600026e-05,0.0166666666666666
1.5429382824700018e-05,0.0166666666666666
1.5439382424699993e-05,0.0166666666666666
1.5449382024700022e-05,0.0166666666666666
1.5459381624699996e-05,0.0166666666666666
1.5469381224700025e-05,0.0166666666666666
1.54793808247e-05,0.0166666666666666
1.548938042470003e-05,0.0166666666666666
1.549938002480002e-05,0.0166666666666666
1.5509379624799996e-05,0.0166666666666666
1.5519379224800025e-05,0.0166666666666666
1.55293788248e-05,0.0166666666666666
1.553937842480003e-05,0.0166666666666666
1.5549378024800004e-05,0.0166666666666666
1.5559377624899996e-05,0.0166666666666666
1.5569377224900025e-05,0.0166666666666666
1.55793768249e-05,0.0166666666666666
1.558937642490003e-05,0.0
1.5599376024900003e-05,0.0166666666666666
1.5609375624900032e-05,0.0166666666666666
1.5619375225000025e-05,0.0333333333333332
1.5629374825e-05,0.0166666666666666
1.563937442500003e-05,0.0166666666666666
1.5649374025000003e-05,0.0
1.5659373625000032e-05,0.0166666666666666
1.5669373225000007e-05,0.0166666666666666
1.56793728251e-05,0.0166666666666666
1.5689372425100028e-05,0.0166666666666666
1.5699372025100003e-05,0.0166666666666666
1.5709371625100032e-05,0.0166666666666666
1.5719371225100007e-05,0.0166666666666666
1.5729370825100036e-05,0.0
1.573937042510001e-05,0.0166666666666666
1.5749370025200003e-05,0.0166666666666666
1.575936962520003e-05,0.0166666666666666
1.5769369225200006e-05,0.0166666666666666
1.5779368825200035e-05,0.0166666666666666
1.578936842520001e-05,0.0166666666666666
1.579936802520004e-05,0.0
1.580936762530003e-05,0.0166666666666666
1.5819367225300006e-05,0.0333333333333332
1.5829366825300035e-05,0.0333333333333332
1.583936642530001e-05,0.0166666666666666
1.584936602530004e-05,0.0
1.5859365625300013e-05,0.0
1.5869365225400006e-05,0.0166666666666666
1.5879364825400035e-05,0.0166666666666666
1.588936442540001e-05,0.0333333333333332
1.589936402540004e-05,0.0166666666666666
1.5909363625400013e-05,0.0166666666666666
1.5919363225400042e-05,0.0166666666666666
1.5929362825500035e-05,0.0166666666666666
1.593936242550001e-05,0.0166666666666666
1.5949362025500038e-05,0.0166666666666666
1.5959361625500013e-05,0.0166666666666666
1.5969361225500042e-05,0.0166666666666666
1.5979360825500017e-05,0.0166666666666666
1.598936042549999e-05,0.0166666666666666
1.5999360025600038e-05,0.0166666666666666
1.6009359625600013e-05,0.0166666666666666
1.601935922560004e-05,0.0166666666666666
1.6029358825600016e-05,0.0166666666666666
1.603935842559999e-05,0.0166666666666666
1.604935802560002e-05,0.0166666666666666
1.6059357625700012e-05,0.0166666666666666
1.606935722570004e-05,0.0166666666666666
1.6079356825700016e-05,0.0166666666666666
1.608935642569999e-05,0.0166666666666666
1.609935602570002e-05,0.0166666666666666
1.6109355625699995e-05,0.0166666666666666
1.611935522580004e-05,0.0166666666666666
1.6129354825800016e-05,0.0166666666666666
1.613935442579999e-05,0.0166666666666666
1.614935402580002e-05,0.0
1.6159353625799994e-05,0.0166666666666666
1.6169353225800023e-05,0.0166666666666666
1.6179352825900016e-05,0.0166666666666666
1.618935242589999e-05,0.0166666666666666
1.619935202590002e-05,0.0166666666666666
1.6209351625899994e-05,0.0
1.6219351225900023e-05,0.0166666666666666
1.6229350825899998e-05,0.0166666666666666
1.6239350425900027e-05,0.0166666666666666
1.624935002600002e-05,0.0333333333333332
1.6259349625999994e-05,0.0166666666666666
1.6269349226000023e-05,0.0
1.6279348825999997e-05,0.0166666666666666
1.6289348426000026e-05,0.0166666666666666
1.6299348026e-05,0.0166666666666666
1.6309347626099994e-05,0.0166666666666666
1.6319347226100022e-05,0.0166666666666666
1.6329346826099997e-05,0.0166666666666666
1.6339346426100026e-05,0.0
1.63493460261e-05,0.0166666666666666
1.635934562610003e-05,0.0
1.6369345226200022e-05,0.0166666666666666
1.6379344826199997e-05,0.0166666666666666
1.6389344426200026e-05,0.0166666666666666
1.63993440262e-05,0.0166666666666666
1.640934362620003e-05,0.0166666666666666
1.6419343226200004e-05,0.0166666666666666
1.6429342826299997e-05,0.0166666666666666
1.6439342426300026e-05,0.0166666666666666
1.64493420263e-05,0.0166666666666666
1.645934162630003e-05,0.0166666666666666
1.6469341226300004e-05,0.0
1.6479340826300033e-05,0.0166666666666666
1.6489340426300008e-05,0.0166666666666666
1.64993400264e-05,0.0
1.650933962640003e-05,0.0166666666666666
1.6519339226400004e-05,0.0166666666666666
1.6529338826400033e-05,0.0166666666666666
1.6539338426400008e-05,0.0166666666666666
1.6549338026400036e-05,0.0166666666666666
1.655933762650003e-05,0.0
1.6569337226500004e-05,0.0166666666666666
1.6579336826500033e-05,0.0166666666666666
1.6589336426500007e-05,0.0166666666666666
1.6599336026500036e-05,0.0166666666666666
1.660933562650001e-05,0.0166666666666666
1.6619335226600003e-05,0.0
1.6629334826600032e-05,0.0166666666666666
1.6639334426600007e-05,0.0166666666666666
1.6649334026600036e-05,0.0166666666666666
1.665933362660001e-05,0.0166666666666666
1.666933322660004e-05,0.0166666666666666
1.6679332826700032e-05,0.0333333333333332
1.6689332426700007e-05,0.0166666666666666
1.6699332026700036e-05,0.0166666666666666
1.670933162670001e-05,0.0166666666666666
1.671933122670004e-05,0.0333333333333332
1.6729330826700014e-05,0.0166666666666666
1.6739330426700043e-05,0.0166666666666666
1.6749330026800035e-05,0.0166666666666666
1.675932962680001e-05,0.0166666666666666
1.676932922680004e-05,0.0166666666666666
1.6779328826800014e-05,0.0166666666666666
1.6789328426800043e-05,0.0166666666666666
1.6799328026800018e-05,0.0
1.680932762690001e-05,0.0166666666666666
1.681932722690004e-05,0.0166666666666666
1.6829326826900014e-05,0.0166666666666666
1.6839326426900043e-05,0.0166666666666666
1.6849326026900017e-05,0.0166666666666666
1.6859325626899992e-05,0.0166666666666666
1.686932522700004e-05,0.0166666666666666
1.6879324827000013e-05,0.0166666666666666
1.6889324427000042e-05,0.0166666666666666
1.6899324027000017e-05,0.0166666666666666
1.6909323626999992e-05,0.0166666666666666
1.691932322700002e-05,0.0166666666666666
1.6929322827100013e-05,0.0166666666666666
1.6939322427100042e-05,0.0166666666666666
1.6949322027100017e-05,0.0166666666666666
1.695932162709999e-05,0.0166666666666666
1.696932122710002e-05,0.0166666666666666
1.6979320827099995e-05,0.0166666666666666
1.6989320427100024e-05,0.0166666666666666
1.6999320027200017e-05,0.0166666666666666
1.700931962719999e-05,0.0166666666666666
1.701931922720002e-05,0.0166666666666666
1.7029318827199995e-05,0.0166666666666666
1.7039318427200024e-05,0.0166666666666666
1.70493180272e-05,0.0166666666666666
1.705931762729999e-05,0.0166666666666666
1.706931722730002e-05,0.0166666666666666
1.7079316827299995e-05,0.0166666666666666
1.7089316427300024e-05,0.0166666666666666
1.70993160273e-05,0.0166666666666666
1.7109315627300027e-05,0.0166666666666666
1.711931522740002e-05,0.0166666666666666
1.7129314827399995e-05,0.0166666666666666
1.7139314427400023e-05,0.0
1.7149314027399998e-05,0.0
1.7159313627400027e-05,0.0
1.7169313227400002e-05,0.0166666666666666
1.7179312827499994e-05,0.0166666666666666
1.7189312427500023e-05,0.0166666666666666
1.7199312027499998e-05,0.0166666666666666
1.7209311627500027e-05,0.0
1.72193112275e-05,0.0
1.722931082750003e-05,0.0166666666666666
1.7239310427500005e-05,0.0166666666666666
1.7249310027599998e-05,0.0166666666666666
1.7259309627600027e-05,0.0166666666666666
1.72693092276e-05,0.0166666666666666
1.727930882760003e-05,0.0166666666666666
1.7289308427600005e-05,0.0166666666666666
1.7299308027600034e-05,0.0166666666666666
1.7309307627700026e-05,0.0166666666666666
1.73193072277e-05,0.0166666666666666
1.732930682770003e-05,0.0166666666666666
1.7339306427700005e-05,0.0166666666666666
1.7349306027700034e-05,0.0166666666666666
1.735930562770001e-05,0.0166666666666666
1.73693052278e-05,0.0
1.737930482780003e-05,0.0166666666666666
1.7389304427800005e-05,0.0166666666666666
1.7399304027800034e-05,0.0166666666666666
1.7409303627800008e-05,0.0166666666666666
1.7419303227800037e-05,0.0166666666666666
1.742930282790003e-05,0.0166666666666666
1.7439302427900004e-05,0.0166666666666666
1.7449302027900033e-05,0.0166666666666666
1.7459301627900008e-05,0.0166666666666666
1.7469301227900037e-05,0.0166666666666666
1.7479300827900012e-05,0.0166666666666666
1.748930042790004e-05,0.0166666666666666
1.7499300028000033e-05,0.0166666666666666
1.7509299628000008e-05,0.0166666666666666
1.7519299228000037e-05,0.0166666666666666
1.752929882800001e-05,0.0
1.753929842800004e-05,0.0166666666666666
1.7549298028000015e-05,0.0166666666666666
1.7559297628100008e-05,0.0166666666666666
1.7569297228100036e-05,0.0166666666666666
1.757929682810001e-05,0.0166666666666666
1.758929642810004e-05,0.0166666666666666
1.7599296028100015e-05,0.0166666666666666
1.760929562809999e-05,0.0166666666666666
1.7619295228200036e-05,0.0166666666666666
1.762929482820001e-05,0.0166666666666666
1.763929442820004e-05,0.0166666666666666
1.7649294028200015e-05,0.0166666666666666
1.7659293628200044e-05,0.0166666666666666
1.766929322820002e-05,0.0166666666666666
1.767929282830001e-05,0.0166666666666666
1.768929242830004e-05,0.0166666666666666
1.7699292028300014e-05,0.0166666666666666
1.7709291628300043e-05,0.0166666666666666
1.7719291228300018e-05,0.0166666666666666
1.7729290828299993e-05,0.0166666666666666
1.7739290428300022e-05,0.0166666666666666
1.7749290028400014e-05,0.0166666666666666
1.7759289628400043e-05,0.0166666666666666
1.7769289228400018e-05,0.0166666666666666
1.7779288828399993e-05,0.0166666666666666
1.778928842840002e-05,0.0166666666666666
1.7799288028399996e-05,0.0166666666666666
1.7809287628500043e-05,0.0166666666666666
1.7819287228500018e-05,0.0166666666666666
1.7829286828499992e-05,0.0166666666666666
1.783928642850002e-05,0.0166666666666666
1.7849286028499996e-05,0.0166666666666666
1.7859285628500025e-05,0.0166666666666666
1.7869285228600017e-05,0.0166666666666666
1.7879284828599992e-05,0.0166666666666666
1.788928442860002e-05,0.0166666666666666
1.7899284028599996e-05,0.0
1.7909283628600025e-05,0.0166666666666666
1.79192832286e-05,0.0333333333333332
1.7929282828699992e-05,0.0166666666666666
1.793928242870002e-05,0.0166666666666666
1.7949282028699996e-05,0.0166666666666666
1.7959281628700024e-05,0.0166666666666666
1.79692812287e-05,0.0166666666666666
1.7979280828700028e-05,0.0166666666666666
1.7989280428700003e-05,0.0166666666666666
1.7999280028799995e-05,0.0166666666666666
1.8009279628800024e-05,0.0166666666666666
1.80192792288e-05,0.0166666666666666
1.8029278828800028e-05,0.0166666666666666
1.8039278428800003e-05,0.0166666666666666
1.804927802880003e-05,0.0166666666666666
1.8059277628900024e-05,0.0166666666666666
1.80692772289e-05,0.0166666666666666
1.8079276828900028e-05,0.0166666666666666
1.8089276428900002e-05,0.0166666666666666
1.809927602890003e-05,0.0166666666666666
1.8109275628900006e-05,0.0166666666666666
1.8119275229e-05,0.0166666666666666
1.8129274829000027e-05,0.0166666666666666
1.8139274429000002e-05,0.0166666666666666
1.814927402900003e-05,0.0166666666666666
1.8159273629000006e-05,0.0166666666666666
1.8169273229000035e-05,0.0166666666666666
1.8179272829100027e-05,0.0166666666666666
1.8189272429100002e-05,0.0166666666666666
1.819927202910003e-05,0.0166666666666666
1.8209271629100006e-05,0.0166666666666666
1.8219271229100035e-05,0.0166666666666666
1.822927082910001e-05,0.0166666666666666
1.8239270429100038e-05,0.0166666666666666
1.824927002920003e-05,0.0166666666666666
1.8259269629200005e-05,0.0166666666666666
1.8269269229200034e-05,0.0166666666666666
1.827926882920001e-05,0.0166666666666666
1.8289268429200038e-05,0.0166666666666666
1.8299268029200013e-05,0.0166666666666666
1.8309267629300005e-05,0.0166666666666666
1.8319267229300034e-05,0.0166666666666666
1.832926682930001e-05,0.0
1.8339266429300038e-05,0.0166666666666666
1.8349266029300012e-05,0.0
1.835926562930004e-05,0.0166666666666666
1.8369265229400034e-05,0.0166666666666666
1.837926482940001e-05,0.0166666666666666
1.8389264429400037e-05,0.0166666666666666
1.8399264029400012e-05,0.0166666666666666
1.840926362940004e-05,0.0
1.8419263229400016e-05,0.0166666666666666
1.8429262829500008e-05,0.0166666666666666
1.8439262429500037e-05,0.0166666666666666
1.8449262029500012e-05,0.0166666666666666
1.845926162950004e-05,0.0166666666666666
1.8469261229500016e-05,0.0
1.847926082949999e-05,0.0166666666666666
1.848926042950002e-05,0.0166666666666666
1.849926002960001e-05,0.0
1.850925962960004e-05,0.0166666666666666
1.8519259229600015e-05,0.0166666666666666
1.852925882959999e-05,0.0166666666666666
1.853925842960002e-05,0.0166666666666666
1.8549258029599994e-05,0.0166666666666666
1.855925762970004e-05,0.0166666666666666
1.8569257229700015e-05,0.0166666666666666
1.857925682969999e-05,0.0166666666666666
1.858925642970002e-05,0.0166666666666666
1.8599256029699994e-05,0.0166666666666666
1.8609255629700022e-05,0.0
1.8619255229800015e-05,0.0166666666666666
1.862925482979999e-05,0.0166666666666666
1.863925442980002e-05,0.0166666666666666
1.8649254029799993e-05,0.0166666666666666
1.8659253629800022e-05,0.0166666666666666
1.8669253229799997e-05,0.0166666666666666
1.8679252829900044e-05,0.0166666666666666
1.868925242990002e-05,0.0166666666666666
1.8699252029899993e-05,0.0166666666666666
1.8709251629900022e-05,0.0166666666666666
1.8719251229899997e-05,0.0166666666666666
1.8729250829900026e-05,0.0166666666666666
1.87392504299e-05,0.0166666666666666
1.8749250029999993e-05,0.0
1.8759249630000022e-05,0.0166666666666666
1.8769249229999996e-05,0.0166666666666666
1.8779248830000025e-05,0.0166666666666666
1.878924843e-05,0.0166666666666666
1.879924803000003e-05,0.0166666666666666
1.880924763010002e-05,0.0166666666666666
1.8819247230099996e-05,0.0166666666666666
1.8829246830100025e-05,0.0166666666666666
1.88392464301e-05,0.0166666666666666
1.884924603010003e-05,0.0166666666666666
1.8859245630100004e-05,0.0166666666666666
1.8869245230199996e-05,0.0166666666666666
1.8879244830200025e-05,0.0166666666666666
1.88892444302e-05,0.0166666666666666
1.889924403020003e-05,0.0166666666666666
1.8909243630200003e-05,0.0166666666666666
1.8919243230200032e-05,0.0166666666666666
1.8929242830300025e-05,0.0166666666666666
1.89392424303e-05,0.0166666666666666
1.894924203030003e-05,0.0166666666666666
1.8959241630300003e-05,0.0166666666666666
1.8969241230300032e-05,0.0
1.8979240830300007e-05,0.0166666666666666
1.8989240430300036e-05,0.0166666666666666
1.8999240030400028e-05,0.0166666666666666
1.9009239630400003e-05,0.0166666666666666
1.9019239230400032e-05,0.0166666666666666
1.9029238830400007e-05,0.0166666666666666
1.9039238430400035e-05,0.0166666666666666
1.904923803040001e-05,0.0166666666666666
1.9059237630500003e-05,0.0166666666666666
1.906923723050003e-05,0.0166666666666666
1.9079236830500006e-05,0.0
1.9089236430500035e-05,0.0166666666666666
1.909923603050001e-05,0.0166666666666666
1.910923563050004e-05,0.0166666666666666
1.911923523060003e-05,0.0166666666666666
1.9129234830600006e-05,0.0166666666666666
1.9139234430600035e-05,0.0
1.914923403060001e-05,0.0166666666666666
1.915923363060004e-05,0.0166666666666666
1.9169233230600013e-05,0.0166666666666666
1.9179232830700006e-05,0.0166666666666666
1.9189232430700035e-05,0.0166666666666666
1.919923203070001e-05,0.0166666666666666
1.920923163070004e-05,0.0166666666666666
1.9219231230700013e-05,0.0166666666666666
1.9229230830700042e-05,0.0166666666666666
1.9239230430700017e-05,0.0166666666666666
1.924923003080001e-05,0.0166666666666666
1.9259229630800038e-05,0.0166666666666666
1.9269229230800013e-05,0.0
1.9279228830800042e-05,0.0166666666666666
1.9289228430800017e-05,0.0166666666666666
1.929922803079999e-05,0.0166666666666666
1.9309227630900038e-05,0.0166666666666666
1.9319227230900013e-05,0.0166666666666666
1.932922683090004e-05,0.0166666666666666
1.9339226430900016e-05,0.0166666666666666
1.934922603089999e-05,0.0166666666666666
1.935922563090002e-05,0.0166666666666666
1.9369225231000012e-05,0.0
1.937922483100004e-05,0.0166666666666666
1.9389224431000016e-05,0.0166666666666666
1.939922403099999e-05,0.0166666666666666
1.940922363100002e-05,0.0166666666666666
1.9419223230999995e-05,0.0166666666666666
1.942922283110004e-05,0.0166666666666666
1.9439222431100016e-05,0.0166666666666666
1.944922203109999e-05,0.0
1.945922163110002e-05,0.0166666666666666
1.9469221231099994e-05,0.0166666666666666
1.9479220831100023e-05,0.0166666666666666
1.9489220431099998e-05,0.0166666666666666
1.949922003119999e-05,0.0166666666666666
1.950921963120002e-05,0.0166666666666666
1.9519219231199994e-05,0.0166666666666666
1.9529218831200023e-05,0.0333333333333332
1.9539218431199998e-05,0.0166666666666666
1.9549218031200027e-05,0.0166666666666666
1.955921763130002e-05,0.0166666666666666
1.9569217231299994e-05,0.0166666666666666
1.9579216831300023e-05,0.0166666666666666
1.9589216431299997e-05,0.0166666666666666
1.9599216031300026e-05,0.0166666666666666
1.96092156313e-05,0.0166666666666666
1.9619215231399994e-05,0.0
1.9629214831400022e-05,0.0166666666666666
1.9639214431399997e-05,0.0166666666666666
1.9649214031400026e-05,0.0166666666666666
1.96592136314e-05,0.0166666666666666
1.966921323140003e-05,0.0
1.9679212831500022e-05,0.0166666666666666
1.9689212431499997e-05,0.0166666666666666
1.9699212031500026e-05,0.0
1.97092116315e-05,0.0166666666666666
1.971921123150003e-05,0.0166666666666666
1.9729210831500004e-05,0.0166666666666666
1.9739210431500033e-05,0.0166666666666666
1.9749210031600026e-05,0.0166666666666666
1.97592096316e-05,0.0166666666666666
1.976920923160003e-05,0.0166666666666666
1.9779208831600004e-05,0.0166666666666666
1.9789208431600033e-05,0.0166666666666666
1.9799208031600008e-05,0.0166666666666666
1.98092076317e-05,0.0166666666666666
1.981920723170003e-05,0.0166666666666666
1.9829206831700004e-05,0.0166666666666666
1.9839206431700033e-05,0.0166666666666666
1.9849206031700008e-05,0.0166666666666666
1.9859205631700036e-05,0.0166666666666666
1.986920523180003e-05,0.0
1.9879204831800004e-05,0.0166666666666666
1.9889204431800033e-05,0.0166666666666666
1.9899204031800007e-05,0.0166666666666666
1.9909203631800036e-05,0.0166666666666666
1.991920323180001e-05,0.0166666666666666
1.9929202831900003e-05,0.0166666666666666
1.9939202431900032e-05,0.0166666666666666
1.9949202031900007e-05,0.0166666666666666
1.9959201631900036e-05,0.0166666666666666
1.996920123190001e-05,0.0166666666666666
1.997920083190004e-05,0.0166666666666666
1.9989200431900014e-05,0.0166666666666666
1.9999200032000007e-05,0.0166666666666666
2.0009199632000036e-05,0.0166666666666666
2.001919923200001e-05,0.0166666666666666
2.002919883200004e-05,0.0166666666666666
2.0039198432000014e-05,0.0166666666666666
2.0049198032000043e-05,0.0166666666666666
2.0059197632100035e-05,0.0166666666666666
2.006919723210001e-05,0.0166666666666666
2.007919683210004e-05,0.0166666666666666
2.0089196432100014e-05,0.0166666666666666
2.0099196032100043e-05,0.0166666666666666
2.0109195632100018e-05,0.0166666666666666
2.011919523220001e-05,0.0166666666666666
2.012919483220004e-05,0.0166666666666666
2.0139194432200014e-05,0.0166666666666666
2.0149194032200043e-05,0.0166666666666666
2.0159193632200017e-05,0.0166666666666666
2.0169193232199992e-05,0.0
2.017919283230004e-05,0.0166666666666666
2.0189192432300013e-05,0.0166666666666666
2.0199192032300042e-05,0.0166666666666666
2.0209191632300017e-05,0.0166666666666666
2.0219191232299992e-05,0.0166666666666666
2.022919083230002e-05,0.0166666666666666
2.0239190432299995e-05,0.0166666666666666
2.0249190032400042e-05,0.0166666666666666
2.0259189632400017e-05,0.0166666666666666
2.026918923239999e-05,0.0166666666666666
2.027918883240002e-05,0.0166666666666666
2.0289188432399995e-05,0.0166666666666666
2.0299188032400024e-05,0.0166666666666666
2.0309187632500017e-05,0.0166666666666666
2.031918723249999e-05,0.0166666666666666
2.032918683250002e-05,0.0166666666666666
2.0339186432499995e-05,0.0166666666666666
2.0349186032500024e-05,0.0166666666666666
2.03591856325e-05,0.0333333333333332
2.036918523259999e-05,0.0166666666666666
2.037918483260002e-05,0.0
2.0389184432599995e-05,0.0
2.0399184032600024e-05,0.0166666666666666
2.04091836326e-05,0.0166666666666666
2.0419183232600027e-05,0.0166666666666666
2.042918283270002e-05,0.0166666666666666
2.0439182432699995e-05,0.0166666666666666
2.0449182032700023e-05,0.0166666666666666
2.0459181632699998e-05,0.0166666666666666
2.0469181232700027e-05,0.0166666666666666
2.0479180832700002e-05,0.0166666666666666
2.048918043270003e-05,0.0166666666666666
2.0499180032800023e-05,0.0166666666666666
2.0509179632799998e-05,0.0166666666666666
2.0519179232800027e-05,0.0166666666666666
2.05291788328e-05,0.0166666666666666
2.053917843280003e-05,0.0166666666666666
2.0549178032800005e-05,0.0
2.0559177632899998e-05,0.0166666666666666
2.0569177232900027e-05,0.0166666666666666
2.05791768329e-05,0.0166666666666666
2.058917643290003e-05,0.0166666666666666
2.0599176032900005e-05,0.0166666666666666
2.0609175632900034e-05,0.0166666666666666
2.0619175233000026e-05,0.0166666666666666
2.0629174833e-05,0.0166666666666666
2.063917443300003e-05,0.0166666666666666
2.0649174033000005e-05,0.0166666666666666
2.0659173633000034e-05,0.0166666666666666
2.066917323300001e-05,0.0166666666666666
2.06791728331e-05,0.0166666666666666
2.068917243310003e-05,0.0
2.0699172033100005e-05,0.0166666666666666
2.0709171633100034e-05,0.0166666666666666
2.0719171233100008e-05,0.0166666666666666
2.0729170833100037e-05,0.0166666666666666
2.0739170433100012e-05,0.0166666666666666
2.0749170033200004e-05,0.0
2.0759169633200033e-05,0.0166666666666666
2.0769169233200008e-05,0.0166666666666666
2.0779168833200037e-05,0.0166666666666666
2.078916843320001e-05,0.0
2.079916803320004e-05,0.0166666666666666
2.0809167633300033e-05,0.0166666666666666
2.0819167233300008e-05,0.0166666666666666
2.0829166833300037e-05,0.0
2.083916643330001e-05,0.0166666666666666
2.084916603330004e-05,0.0166666666666666
2.0859165633300015e-05,0.0166666666666666
2.0869165233400008e-05,0.0166666666666666
2.0879164833400036e-05,0.0166666666666666
2.088916443340001e-05,0.0166666666666666
2.089916403340004e-05,0.0166666666666666
2.0909163633400015e-05,0.0166666666666666
2.091916323339999e-05,0.0166666666666666
2.0929162833500036e-05,0.0166666666666666
2.093916243350001e-05,0.0
2.094916203350004e-05,0.0166666666666666
2.0959161633500015e-05,0.0166666666666666
2.0969161233500044e-05,0.0333333333333332
2.0979160833500018e-05,0.0166666666666666
2.0989160433499993e-05,0.0166666666666666
2.099916003360004e-05,0.0166666666666666
2.1009159633600014e-05,0.0166666666666666
2.1019159233600043e-05,0.0166666666666666
2.1029158833600018e-05,0.0166666666666666
2.1039158433599993e-05,0.0166666666666666
2.1049158033600022e-05,0.0166666666666666
2.1059157633700014e-05,0.0
2.1069157233700043e-05,0.0166666666666666
2.1079156833700018e-05,0.0166666666666666
2.1089156433699993e-05,0.0166666666666666
2.109915603370002e-05,0.0166666666666666
2.1109155633699996e-05,0.0166666666666666
2.1119155233800043e-05,0.0166666666666666
2.1129154833800018e-05,0.0166666666666666
2.1139154433799992e-05,0.0166666666666666
2.114915403380002e-05,0.0166666666666666
2.1159153633799996e-05,0.0
2.1169153233800025e-05,0.0166666666666666
2.1179152833900017e-05,0.0166666666666666
2.1189152433899992e-05,0.0166666666666666
2.119915203390002e-05,0.0166666666666666
2.1209151633899996e-05,0.0166666666666666
2.1219151233900025e-05,0.0166666666666666
2.12291508339e-05,0.0166666666666666
2.123915043390003e-05,0.0166666666666666
2.124915003400002e-05,0.0166666666666666
2.1259149633999995e-05,0.0166666666666666
2.1269149234000024e-05,0.0166666666666666
2.1279148834e-05,0.0166666666666666
2.1289148434000028e-05,0.0166666666666666
2.1299148034000003e-05,0.0166666666666666
2.1309147634099995e-05,0.0166666666666666
2.1319147234100024e-05,0.0166666666666666
2.13291468341e-05,0.0166666666666666
2.1339146434100028e-05,0.0166666666666666
2.1349146034100003e-05,0.0166666666666666
2.135914563410003e-05,0.0166666666666666
2.1369145234200024e-05,0.0166666666666666
2.13791448342e-05,0.0166666666666666
2.1389144434200028e-05,0.0166666666666666
2.1399144034200002e-05,0.0166666666666666
2.140914363420003e-05,0.0166666666666666
2.1419143234200006e-05,0.0166666666666666
2.14291428343e-05,0.0166666666666666
2.1439142434300027e-05,0.0166666666666666
2.1449142034300002e-05,0.0166666666666666
2.145914163430003e-05,0.0166666666666666
2.1469141234300006e-05,0.0166666666666666
2.1479140834300035e-05,0.0166666666666666
2.148914043430001e-05,0.0166666666666666
2.1499140034400002e-05,0.0166666666666666
2.150913963440003e-05,0.0166666666666666
2.1519139234400006e-05,0.0333333333333332
2.1529138834400034e-05,0.0166666666666666
2.153913843440001e-05,0.0166666666666666
2.1549138034400038e-05,0.0166666666666666
2.155913763450003e-05,0.0166666666666666
2.1569137234500005e-05,0.0166666666666666
2.1579136834500034e-05,0.0166666666666666
2.158913643450001e-05,0.0166666666666666
2.1599136034500038e-05,0.0166666666666666
2.1609135634500013e-05,0.0166666666666666
2.1619135234600005e-05,0.0166666666666666
2.1629134834600034e-05,0.0166666666666666
2.163913443460001e-05,0.0166666666666666
2.1649134034600038e-05,0.0166666666666666
2.1659133634600012e-05,0.0166666666666666
2.166913323460004e-05,0.0166666666666666
2.1679132834700034e-05,0.0166666666666666
2.168913243470001e-05,0.0166666666666666
2.1699132034700037e-05,0.0166666666666666
2.1709131634700012e-05,0.0166666666666666
2.171913123470004e-05,0.0166666666666666
2.1729130834700016e-05,0.0166666666666666
2.173913043469999e-05,0.0166666666666666
2.1749130034800037e-05,0.0166666666666666
2.1759129634800012e-05,0.0166666666666666
2.176912923480004e-05,0.0166666666666666
2.1779128834800016e-05,0.0166666666666666
2.178912843479999e-05,0.0166666666666666
2.179912803480002e-05,0.0
2.180912763490001e-05,0.0166666666666666
2.181912723490004e-05,0.0166666666666666
2.1829126834900015e-05,0.0166666666666666
2.183912643489999e-05,0.0166666666666666
2.184912603490002e-05,0.0166666666666666
2.1859125634899994e-05,0.0166666666666666
2.186912523500004e-05,0.0166666666666666
2.1879124835000015e-05,0.0
2.188912443499999e-05,0.0166666666666666
2.189912403500002e-05,0.0166666666666666
2.1909123634999994e-05,0.0166666666666666
2.1919123235000022e-05,0.0
2.1929122835100015e-05,0.0166666666666666
2.193912243509999e-05,0.0166666666666666
2.194912203510002e-05,0.0166666666666666
2.1959121635099993e-05,0.0166666666666666
2.1969121235100022e-05,0.0166666666666666
2.1979120835099997e-05,0.0166666666666666
2.1989120435100026e-05,0.0
2.1999120035200018e-05,0.0166666666666666
2.2009119635199993e-05,0.0
2.2019119235200022e-05,0.0166666666666666
2.2029118835199997e-05,0.0166666666666666
2.2039118435200026e-05,0.0166666666666666
2.20491180352e-05,0.0166666666666666
2.2059117635299993e-05,0.0166666666666666
2.2069117235300022e-05,0.0166666666666666
2.2079116835299996e-05,0.0166666666666666
2.2089116435300025e-05,0.0166666666666666
2.20991160353e-05,0.0166666666666666
2.210911563530003e-05,0.0166666666666666
2.211911523540002e-05,0.0166666666666666
2.2129114835399996e-05,0.0166666666666666
2.2139114435400025e-05,0.0166666666666666
2.21491140354e-05,0.0166666666666666
2.215911363540003e-05,0.0166666666666666
2.2169113235400004e-05,0.0166666666666666
2.2179112835499996e-05,0.0166666666666666
2.2189112435500025e-05,0.0166666666666666
2.21991120355e-05,0.0166666666666666
2.220911163550003e-05,0.0
2.2219111235500003e-05,0.0166666666666666
2.2229110835500032e-05,0.0166666666666666
2.2239110435500007e-05,0.0166666666666666
2.22491100356e-05,0.0166666666666666
2.225910963560003e-05,0.0166666666666666
2.2269109235600003e-05,0.0166666666666666
2.2279108835600032e-05,0.0166666666666666
2.2289108435600007e-05,0.0166666666666666
2.2299108035600036e-05,0.0166666666666666
2.2309107635700028e-05,0.0166666666666666
2.2319107235700003e-05,0.0166666666666666
2.2329106835700032e-05,0.0
2.2339106435700007e-05,0.0166666666666666
2.2349106035700035e-05,0.0166666666666666
2.235910563570001e-05,0.0166666666666666
2.2369105235800003e-05,0.0166666666666666
2.237910483580003e-05,0.0166666666666666
2.2389104435800006e-05,0.0166666666666666
2.2399104035800035e-05,0.0166666666666666
2.240910363580001e-05,0.0
2.241910323580004e-05,0.0166666666666666
2.242910283590003e-05,0.0166666666666666
2.2439102435900006e-05,0.0166666666666666
2.2449102035900035e-05,0.0166666666666666
2.245910163590001e-05,0.0166666666666666
2.246910123590004e-05,0.0166666666666666
2.2479100835900013e-05,0.0166666666666666
2.2489100435900042e-05,0.0166666666666666
2.2499100036000035e-05,0.0333333333333332
2.250909963600001e-05,0.0166666666666666
2.251909923600004e-05,0.0166666666666666
2.2529098836000013e-05,0.0166666666666666
2.2539098436000042e-05,0.0166666666666666
2.2549098036000017e-05,0.0166666666666666
2.255909763610001e-05,0.0166666666666666
2.2569097236100038e-05,0.0166666666666666
2.2579096836100013e-05,0.0166666666666666
2.2589096436100042e-05,0.0
2.2599096036100017e-05,0.0166666666666666
2.260909563609999e-05,0.0166666666666666
2.2619095236200038e-05,0.0166666666666666
2.2629094836200013e-05,0.0
2.263909443620004e-05,0.0166666666666666
2.2649094036200016e-05,0.0333333333333332
2.265909363619999e-05,0.0166666666666666
2.266909323620002e-05,0.0166666666666666
2.2679092836300012e-05,0.0166666666666666
2.268909243630004e-05,0.0166666666666666
2.2699092036300016e-05,0.0166666666666666
2.270909163629999e-05,0.0166666666666666
2.271909123630002e-05,0.0166666666666666
2.2729090836299995e-05,0.0166666666666666
2.2739090436300023e-05,0.0166666666666666
2.2749090036400016e-05,0.0166666666666666
2.275908963639999e-05,0.0166666666666666
2.276908923640002e-05,0.0166666666666666
2.2779088836399994e-05,0.0166666666666666
2.2789088436400023e-05,0.0166666666666666
2.2799088036399998e-05,0.0166666666666666
2.280908763649999e-05,0.0166666666666666
2.281908723650002e-05,0.0166666666666666
2.2829086836499994e-05,0.0166666666666666
2.2839086436500023e-05,0.0166666666666666
2.2849086036499998e-05,0.0166666666666666
2.2859085636500027e-05,0.0166666666666666
2.286908523660002e-05,0.0166666666666666
2.2879084836599994e-05,0.0166666666666666
2.2889084436600023e-05,0.0166666666666666
2.2899084036599997e-05,0.0166666666666666
2.2909083636600026e-05,0.0166666666666666
2.29190832366e-05,0.0166666666666666
2.2929082836699994e-05,0.0166666666666666
2.2939082436700022e-05,0.0166666666666666
2.2949082036699997e-05,0.0166666666666666
2.2959081636700026e-05,0.0166666666666666
2.29690812367e-05,0.0166666666666666
2.297908083670003e-05,0.0166666666666666
2.2989080436700005e-05,0.0
2.2999080036799997e-05,0.0166666666666666
2.3009079636800026e-05,0.0166666666666666
2.30190792368e-05,0.0166666666666666
2.302907883680003e-05,0.0166666666666666
2.3039078436800004e-05,0.0166666666666666
2.3049078036800033e-05,0.0166666666666666
2.3059077636900026e-05,0.0166666666666666
2.30690772369e-05,0.0166666666666666
2.307907683690003e-05,0.0166666666666666
2.3089076436900004e-05,0.0166666666666666
2.3099076036900033e-05,0.0166666666666666
2.3109075636900008e-05,0.0333333333333332
2.3119075237e-05,0.0166666666666666
2.312907483700003e-05,0.0166666666666666
2.3139074437000004e-05,0.0166666666666666
2.3149074037000033e-05,0.0166666666666666
2.3159073637000008e-05,0.0333333333333332
2.3169073237000036e-05,0.0166666666666666
2.317907283710003e-05,0.0166666666666666
2.3189072437100004e-05,0.0166666666666666
2.3199072037100033e-05,0.0166666666666666
2.3209071637100007e-05,0.0166666666666666
2.3219071237100036e-05,0.0166666666666666
2.322907083710001e-05,0.0166666666666666
2.323907043710004e-05,0.0166666666666666
2.3249070037200032e-05,0.0166666666666666
2.3259069637200007e-05,0.0166666666666666
2.3269069237200036e-05,0.0166666666666666
2.327906883720001e-05,0.0166666666666666
2.328906843720004e-05,0.0166666666666666
2.3299068037200014e-05,0.0166666666666666
2.3309067637300007e-05,0.0
2.3319067237300036e-05,0.0166666666666666
2.332906683730001e-05,0.0166666666666666
2.333906643730004e-05,0.0166666666666666
2.3349066037300014e-05,0.0166666666666666
2.3359065637300043e-05,0.0166666666666666
2.3369065237400035e-05,0.0166666666666666
2.337906483740001e-05,0.0166666666666666
2.338906443740004e-05,0.0166666666666666
2.3399064037400014e-05,0.0166666666666666
2.3409063637400043e-05,0.0
2.3419063237400018e-05,0.0166666666666666
2.342906283750001e-05,0.0166666666666666
2.343906243750004e-05,0.0166666666666666
2.3449062037500014e-05,0.0166666666666666
2.3459061637500043e-05,0.0166666666666666
2.3469061237500017e-05,0.0166666666666666
2.3479060837499992e-05,0.0166666666666666
2.348906043750002e-05,0.0166666666666666
2.3499060037600013e-05,0.0166666666666666
2.3509059637600042e-05,0.0166666666666666
2.3519059237600017e-05,0.0166666666666666
2.3529058837599992e-05,0.0
2.353905843760002e-05,0.0166666666666666
2.3549058037599995e-05,0.0166666666666666
2.3559057637700042e-05,0.0166666666666666
2.3569057237700017e-05,0.0166666666666666
2.357905683769999e-05,0.0166666666666666
2.358905643770002e-05,0.0166666666666666
2.3599056037699995e-05,0.0166666666666666
2.3609055637700024e-05,0.0166666666666666
2.3619055237800017e-05,0.0
2.362905483779999e-05,0.0166666666666666
2.363905443780002e-05,0.0166666666666666
2.3649054037799995e-05,0.0166666666666666
2.3659053637800024e-05,0.0166666666666666
2.36690532378e-05,0.0166666666666666
2.367905283789999e-05,0.0166666666666666
2.368905243790002e-05,0.0166666666666666
2.3699052037899995e-05,0.0166666666666666
2.3709051637900024e-05,0.0
2.37190512379e-05,0.0166666666666666
2.3729050837900027e-05,0.0166666666666666
2.3739050437900002e-05,0.0166666666666666
2.3749050037999994e-05,0.0166666666666666
2.3759049638000023e-05,0.0166666666666666
2.3769049237999998e-05,0.0166666666666666
2.3779048838000027e-05,0.0166666666666666
2.3789048438000002e-05,0.0166666666666666
2.379904803800003e-05,0.0166666666666666
2.3809047638100023e-05,0.0166666666666666
2.3819047238099998e-05,0.0166666666666666
2.3829046838100027e-05,0.0166666666666666
2.38390464381e-05,0.0166666666666666
2.384904603810003e-05,0.0166666666666666
2.3859045638100005e-05,0.0166666666666666
2.3869045238199998e-05,0.0166666666666666
2.3879044838200027e-05,0.0166666666666666
2.38890444382e-05,0.0166666666666666
2.389904403820003e-05,0.0166666666666666
2.3909043638200005e-05,0.0166666666666666
2.3919043238200034e-05,0.0166666666666666
2.3929042838300026e-05,0.0166666666666666
2.39390424383e-05,0.0166666666666666
2.394904203830003e-05,0.0166666666666666
2.3959041638300005e-05,0.0166666666666666
2.3969041238300034e-05,0.0166666666666666
2.397904083830001e-05,0.0166666666666666
2.3989040438300037e-05,0.0166666666666666
2.399904003840003e-05,0.0166666666666666
2.4009039638400005e-05,0.0166666666666666
2.4019039238400033e-05,0.0166666666666666
2.4029038838400008e-05,0.0166666666666666
2.4039038438400037e-05,0.0166666666666666
2.4049038038400012e-05,0.0166666666666666
2.4059037638500004e-05,0.0166666666666666
2.4069037238500033e-05,0.0166666666666666
2.4079036838500008e-05,0.0166666666666666
2.4089036438500037e-05,0.0166666666666666
2.409903603850001e-05,0.0166666666666666
2.410903563850004e-05,0.0166666666666666
2.4119035238600033e-05,0.0166666666666666
2.4129034838600008e-05,0.0166666666666666
2.4139034438600037e-05,0.0166666666666666
2.414903403860001e-05,0.0166666666666666
2.415903363860004e-05,0.0166666666666666
2.4169033238600015e-05,0.0166666666666666
2.4179032838700007e-05,0.0166666666666666
2.4189032438700036e-05,0.0166666666666666
2.419903203870001e-05,0.0166666666666666
2.420903163870004e-05,0.0166666666666666
2.4219031238700015e-05,0.0166666666666666
2.422903083869999e-05,0.0166666666666666
2.423903043870002e-05,0.0166666666666666
2.424903003880001e-05,0.0166666666666666
2.425902963880004e-05,0.0166666666666666
2.4269029238800015e-05,0.0166666666666666
2.4279028838800044e-05,0.0166666666666666
2.4289028438800018e-05,0.0166666666666666
2.4299028038799993e-05,0.0166666666666666
2.430902763890004e-05,0.0166666666666666
2.4319027238900014e-05,0.0166666666666666
2.4329026838900043e-05,0.0166666666666666
2.4339026438900018e-05,0.0166666666666666
2.4349026038899993e-05,0.0
2.4359025638900022e-05,0.0166666666666666
2.4369025239000014e-05,0.0166666666666666
2.4379024839000043e-05,0.0166666666666666
2.4389024439000018e-05,0.0166666666666666
2.4399024038999993e-05,0.0166666666666666
2.440902363900002e-05,0.0166666666666666
2.4419023238999996e-05,0.0166666666666666
2.4429022839100043e-05,0.0166666666666666
2.4439022439100018e-05,0.0166666666666666
2.4449022039099992e-05,0.0166666666666666
2.445902163910002e-05,0.0166666666666666
2.4469021239099996e-05,0.0166666666666666
2.4479020839100025e-05,0.0166666666666666
2.44890204391e-05,0.0166666666666666
2.4499020039199992e-05,0.0
2.450901963920002e-05,0.0166666666666666
2.4519019239199996e-05,0.0166666666666666
2.4529018839200025e-05,0.0166666666666666
2.45390184392e-05,0.0166666666666666
2.454901803920003e-05,0.0166666666666666
2.455901763930002e-05,0.0166666666666666
2.4569017239299995e-05,0.0166666666666666
2.4579016839300024e-05,0.0333333333333332
2.45890164393e-05,0.0
2.4599016039300028e-05,0.0166666666666666
2.4609015639300003e-05,0.0166666666666666
2.4619015239399995e-05,0.0333333333333332
2.4629014839400024e-05,0.0166666666666666
2.46390144394e-05,0.0166666666666666
2.4649014039400028e-05,0.0166666666666666
2.4659013639400003e-05,0.0166666666666666
2.466901323940003e-05,0.0
2.4679012839500024e-05,0.0166666666666666
2.46890124395e-05,0.0166666666666666
2.4699012039500028e-05,0.0166666666666666
2.4709011639500002e-05,0.0166666666666666
2.471901123950003e-05,0.0166666666666666
2.4729010839500006e-05,0.0166666666666666
2.4739010439500035e-05,0.0
2.4749010039600027e-05,0.0
2.4759009639600002e-05,0.0166666666666666
2.476900923960003e-05,0.0166666666666666
2.4779008839600006e-05,0.0166666666666666
2.4789008439600035e-05,0.0166666666666666
2.479900803960001e-05,0.0166666666666666
2.4809007639700002e-05,0.0166666666666666
2.481900723970003e-05,0.0166666666666666
2.4829006839700006e-05,0.0166666666666666
2.4839006439700034e-05,0.0166666666666666
2.484900603970001e-05,0.0166666666666666
2.4859005639700038e-05,0.0166666666666666
2.486900523980003e-05,0.0166666666666666
2.4879004839800005e-05,0.0166666666666666
2.4889004439800034e-05,0.0166666666666666
2.489900403980001e-05,0.0166666666666666
2.4909003639800038e-05,0.0166666666666666
2.4919003239800013e-05,0.0166666666666666
2.4929002839900005e-05,0.0166666666666666
2.4939002439900034e-05,0.0166666666666666
2.494900203990001e-05,0.0166666666666666
2.4959001639900038e-05,0.0166666666666666
2.4969001239900012e-05,0.0166666666666666
2.497900083990004e-05,0.0166666666666666
2.4989000439900016e-05,0.0166666666666666
2.499900004000001e-05,0.0166666666666666
2.5008999640000037e-05,0.0166666666666666
2.5018999240000012e-05,0.0166666666666666
2.502899884000004e-05,0.0166666666666666
2.5038998440000016e-05,0.0166666666666666
2.504899803999999e-05,0.0166666666666666
2.5058997640100037e-05,0.0166666666666666
2.5068997240100012e-05,0.0
2.507899684010004e-05,0.0333333333333332
2.5088996440100016e-05,0.0166666666666666
2.509899604009999e-05,0.0166666666666666
2.510899564010002e-05,0.0166666666666666
2.511899524020001e-05,0.0166666666666666
2.512899484020004e-05,0.0166666666666666
2.5138994440200015e-05,0.0166666666666666
2.514899404019999e-05,0.0166666666666666
2.515899364020002e-05,0.0166666666666666
2.5168993240199994e-05,0.0166666666666666
2.517899284030004e-05,0.0
2.5188992440300015e-05,0.0166666666666666
2.519899204029999e-05,0.0166666666666666
2.520899164030002e-05,0.0166666666666666
2.5218991240299994e-05,0.0166666666666666
2.5228990840300022e-05,0.0166666666666666
2.5238990440299997e-05,0.0166666666666666
2.524899004039999e-05,0.0166666666666666
2.525898964040002e-05,0.0166666666666666
2.5268989240399993e-05,0.0166666666666666
2.5278988840400022e-05,0.0166666666666666
2.5288988440399997e-05,0.0166666666666666
2.5298988040400026e-05,0.0166666666666666
2.5308987640500018e-05,0.0166666666666666
2.5318987240499993e-05,0.0166666666666666
2.5328986840500022e-05,0.0166666666666666
2.5338986440499997e-05,0.0166666666666666
2.5348986040500026e-05,0.0166666666666666
2.53589856405e-05,0.0166666666666666
2.5368985240599993e-05,0.0
2.5378984840600022e-05,0.0166666666666666
2.5388984440599996e-05,0.0
2.5398984040600025e-05,0.0166666666666666
2.54089836406e-05,0.0
2.541898324060003e-05,0.0166666666666666
2.542898284070002e-05,0.0166666666666666
2.5438982440699996e-05,0.0166666666666666
2.5448982040700025e-05,0.0166666666666666
2.54589816407e-05,0.0166666666666666
2.546898124070003e-05,0.0166666666666666
2.5478980840700004e-05,0.0166666666666666
2.5488980440700033e-05,0.0166666666666666
2.5498980040800025e-05,0.0166666666666666
2.55089796408e-05,0.0166666666666666
2.551897924080003e-05,0.0166666666666666
2.5528978840800003e-05,0.0166666666666666
2.5538978440800032e-05,0.0166666666666666
2.5548978040800007e-05,0.0166666666666666
2.55589776409e-05,0.0166666666666666
2.556897724090003e-05,0.0166666666666666
2.5578976840900003e-05,0.0166666666666666
2.5588976440900032e-05,0.0166666666666666
2.5598976040900007e-05,0.0166666666666666
2.5608975640900036e-05,0.0
2.5618975241000028e-05,0.0166666666666666
2.5628974841000003e-05,0.0166666666666666
2.5638974441000032e-05,0.0166666666666666
2.5648974041000007e-05,0.0166666666666666
2.5658973641000035e-05,0.0166666666666666
2.566897324100001e-05,0.0166666666666666
2.5678972841100003e-05,0.0166666666666666
2.568897244110003e-05,0.0166666666666666
2.5698972041100006e-05,0.0166666666666666
2.5708971641100035e-05,0.0166666666666666
2.571897124110001e-05,0.0166666666666666
2.572897084110004e-05,0.0166666666666666
2.5738970441100014e-05,0.0166666666666666
2.5748970041200006e-05,0.0
2.5758969641200035e-05,0.0166666666666666
2.576896924120001e-05,0.0166666666666666
2.577896884120004e-05,0.0166666666666666
2.5788968441200013e-05,0.0166666666666666
2.5798968041200042e-05,0.0166666666666666
2.5808967641300035e-05,0.0166666666666666
2.581896724130001e-05,0.0166666666666666
2.582896684130004e-05,0.0166666666666666
2.5838966441300013e-05,0.0166666666666666
2.5848966041300042e-05,0.0166666666666666
2.5858965641300017e-05,0.0166666666666666
2.586896524140001e-05,0.0
2.5878964841400038e-05,0.0166666666666666
2.5888964441400013e-05,0.0166666666666666
2.5898964041400042e-05,0.0166666666666666
2.5908963641400017e-05,0.0
2.591896324139999e-05,0.0166666666666666
2.5928962841500038e-05,0.0166666666666666
2.5938962441500013e-05,0.0166666666666666
2.594896204150004e-05,0.0166666666666666
2.5958961641500016e-05,0.0
2.596896124149999e-05,0.0
2.597896084150002e-05,0.0166666666666666
2.5988960441499995e-05,0.0166666666666666
2.599896004160004e-05,0.0166666666666666
2.6008959641600016e-05,0.0166666666666666
2.601895924159999e-05,0.0166666666666666
2.602895884160002e-05,0.0166666666666666
2.6038958441599994e-05,0.0166666666666666
2.6048958041600023e-05,0.0166666666666666
2.6058957641700016e-05,0.0166666666666666
2.606895724169999e-05,0.0166666666666666
2.607895684170002e-05,0.0166666666666666
2.6088956441699994e-05,0.0166666666666666
2.6098956041700023e-05,0.0166666666666666
2.6108955641699998e-05,0.0166666666666666
2.611895524179999e-05,0.0166666666666666
2.612895484180002e-05,0.0166666666666666
2.6138954441799994e-05,0.0166666666666666
2.6148954041800023e-05,0.0166666666666666
2.6158953641799998e-05,0.0166666666666666
2.6168953241800027e-05,0.0166666666666666
2.617895284190002e-05,0.0333333333333332
2.6188952441899994e-05,0.0166666666666666
2.6198952041900023e-05,0.0166666666666666
2.6208951641899997e-05,0.0166666666666666
2.6218951241900026e-05,0.0166666666666666
2.62289508419e-05,0.0166666666666666
2.623895044190003e-05,0.0166666666666666
2.6248950042000022e-05,0.0166666666666666
2.6258949641999997e-05,0.0166666666666666
2.6268949242000026e-05,0.0166666666666666
2.6278948842e-05,0.0166666666666666
2.628894844200003e-05,0.0166666666666666
2.6298948042000005e-05,0.0166666666666666
2.6308947642099997e-05,0.0166666666666666
2.6318947242100026e-05,0.0166666666666666
2.63289468421e-05,0.0
2.633894644210003e-05,0.0166666666666666
2.6348946042100004e-05,0.0166666666666666
2.6358945642100033e-05,0.0166666666666666
2.6368945242200026e-05,0.0166666666666666
2.63789448422e-05,0.0
2.638894444220003e-05,0.0166666666666666
2.6398944042200004e-05,0.0166666666666666
2.6408943642200033e-05,0.0166666666666666
2.6418943242200008e-05,0.0166666666666666
2.64289428423e-05,0.0166666666666666
2.643894244230003e-05,0.0
2.6448942042300004e-05,0.0166666666666666
2.6458941642300033e-05,0.0166666666666666
2.6468941242300007e-05,0.0166666666666666
2.6478940842300036e-05,0.0166666666666666
2.648894044230001e-05,0.0166666666666666
2.6498940042400004e-05,0.0166666666666666
2.6508939642400033e-05,0.0166666666666666
2.6518939242400007e-05,0.0166666666666666
2.6528938842400036e-05,0.0166666666666666
2.653893844240001e-05,0.0166666666666666
2.654893804240004e-05,0.0166666666666666
2.6558937642500032e-05,0.0166666666666666
2.6568937242500007e-05,0.0166666666666666
2.6578936842500036e-05,0.0166666666666666
2.658893644250001e-05,0.0166666666666666
2.659893604250004e-05,0.0166666666666666
2.6608935642500014e-05,0.0166666666666666
2.6618935242600007e-05,0.0166666666666666
2.6628934842600036e-05,0.0166666666666666
2.663893444260001e-05,0.0166666666666666
2.664893404260004e-05,0.0166666666666666
2.6658933642600014e-05,0.0166666666666666
2.6668933242600043e-05,0.0166666666666666
2.6678932842700035e-05,0.0166666666666666
2.668893244270001e-05,0.0166666666666666
2.669893204270004e-05,0.0166666666666666
2.6708931642700014e-05,0.0166666666666666
2.6718931242700043e-05,0.0166666666666666
2.6728930842700018e-05,0.0166666666666666
2.6738930442699992e-05,0.0166666666666666
2.674893004280004e-05,0.0166666666666666
2.6758929642800014e-05,0.0166666666666666
2.6768929242800043e-05,0.0166666666666666
2.6778928842800017e-05,0.0166666666666666
2.6788928442799992e-05,0.0166666666666666
2.679892804280002e-05,0.0166666666666666
2.6808927642900013e-05,0.0166666666666666
2.6818927242900042e-05,0.0166666666666666
2.6828926842900017e-05,0.0166666666666666
2.6838926442899992e-05,0.0166666666666666
2.684892604290002e-05,0.0166666666666666
2.6858925642899995e-05,0.0166666666666666
2.6868925243000042e-05,0.0166666666666666
2.6878924843000017e-05,0.0166666666666666
2.688892444299999e-05,0.0166666666666666
2.689892404300002e-05,0.0166666666666666
2.6908923642999995e-05,0.0166666666666666
2.6918923243000024e-05,0.0166666666666666
2.6928922843100017e-05,0.0
2.693892244309999e-05,0.0166666666666666
2.694892204310002e-05,0.0166666666666666
2.6958921643099995e-05,0.0166666666666666
2.6968921243100024e-05,0.0166666666666666
2.69789208431e-05,0.0166666666666666
2.6988920443100028e-05,0.0166666666666666
2.699892004320002e-05,0.0166666666666666
2.7008919643199995e-05,0.0166666666666666
2.7018919243200024e-05,0.0166666666666666
2.70289188432e-05,0.0166666666666666
2.7038918443200027e-05,0.0166666666666666
2.7048918043200002e-05,0.0166666666666666
2.7058917643299994e-05,0.0166666666666666
2.7068917243300023e-05,0.0166666666666666
2.7078916843299998e-05,0.0333333333333332
2.7088916443300027e-05,0.0166666666666666
2.7098916043300002e-05,0.0166666666666666
2.710891564330003e-05,0.0
2.7118915243400023e-05,0.0166666666666666
2.7128914843399998e-05,0.0166666666666666
2.7138914443400027e-05,0.0333333333333332
2.71489140434e-05,0.0166666666666666
2.715891364340003e-05,0.0166666666666666
2.7168913243400005e-05,0.0
2.7178912843499998e-05,0.0
2.7188912443500027e-05,0.0
2.71989120435e-05,0.0166666666666666
2.720891164350003e-05,0.0166666666666666
2.7218911243500005e-05,0.0166666666666666
2.7228910843500034e-05,0.0
2.723891044350001e-05,0.0
2.72489100436e-05,0.0166666666666666
2.725890964360003e-05,0.0166666666666666
2.7268909243600005e-05,0.0333333333333332
2.7278908843600034e-05,0.0166666666666666
2.728890844360001e-05,0.0166666666666666
2.7298908043600037e-05,0.0166666666666666
2.730890764370003e-05,0.0166666666666666
2.7318907243700005e-05,0.0166666666666666
2.7328906843700033e-05,0.0166666666666666
2.7338906443700008e-05,0.0333333333333332
2.7348906043700037e-05,0.0
2.7358905643700012e-05,0.0
2.7368905243800004e-05,0.0166666666666666
2.7378904843800033e-05,0.0166666666666666
2.7388904443800008e-05,0.0166666666666666
2.7398904043800037e-05,0.0166666666666666
2.740890364380001e-05,0.0166666666666666
2.741890324380004e-05,0.0166666666666666
2.7428902843900033e-05,0.0
2.7438902443900008e-05,0.0166666666666666
2.7448902043900037e-05,0.0166666666666666
2.745890164390001e-05,0.0166666666666666
2.746890124390004e-05,0.0166666666666666
2.7478900843900015e-05,0.0166666666666666
2.748890044389999e-05,0.0166666666666666
2.7498900044000036e-05,0.0166666666666666
2.750889964400001e-05,0.0166666666666666
2.751889924400004e-05,0.0166666666666666
2.7528898844000015e-05,0.0
2.753889844399999e-05,0.0166666666666666
2.754889804400002e-05,0.0166666666666666
2.755889764410001e-05,0.0166666666666666
2.756889724410004e-05,0.0166666666666666
2.7578896844100015e-05,0.0166666666666666
2.7588896444100044e-05,0.0166666666666666
2.7598896044100018e-05,0.0166666666666666
2.7608895644099993e-05,0.0166666666666666
2.761889524420004e-05,0.0166666666666666
2.7628894844200014e-05,0.0166666666666666
2.7638894444200043e-05,0.0166666666666666
2.7648894044200018e-05,0.0166666666666666
2.7658893644199993e-05,0.0166666666666666
2.7668893244200022e-05,0.0
2.7678892844300014e-05,0.0333333333333332
2.7688892444300043e-05,0.0
2.7698892044300018e-05,0.0166666666666666
2.7708891644299993e-05,0.0166666666666666
2.771889124430002e-05,0.0166666666666666
2.7728890844299996e-05,0.0166666666666666
2.7738890444300025e-05,0.0166666666666666
2.7748890044400018e-05,0.0166666666666666
2.7758889644399992e-05,0.0166666666666666
2.776888924440002e-05,0.0166666666666666
2.7778888844399996e-05,0.0166666666666666
2.7788888444400025e-05,0.0166666666666666
2.77988880444e-05,0.0166666666666666
2.7808887644499992e-05,0.0166666666666666
2.781888724450002e-05,0.0166666666666666
2.7828886844499996e-05,0.0166666666666666
2.7838886444500025e-05,0.0166666666666666
2.78488860445e-05,0.0166666666666666
2.785888564450003e-05,0.0166666666666666
2.786888524460002e-05,0.0166666666666666
2.7878884844599995e-05,0.0166666666666666
2.7888884444600024e-05,0.0166666666666666
2.78988840446e-05,0.0166666666666666
2.7908883644600028e-05,0.0166666666666666
2.7918883244600003e-05,0.0166666666666666
2.7928882844699995e-05,0.0166666666666666
2.7938882444700024e-05,0.0166666666666666
2.79488820447e-05,0.0
2.7958881644700028e-05,0.0166666666666666
2.7968881244700003e-05,0.0166666666666666
2.797888084470003e-05,0.0166666666666666
2.7988880444700006e-05,0.0
2.79988800448e-05,0.0166666666666666
2.8008879644800028e-05,0.0
2.8018879244800002e-05,0.0166666666666666
2.802887884480003e-05,0.0166666666666666
2.8038878444800006e-05,0.0166666666666666
2.8048878044800035e-05,0.0166666666666666
2.8058877644900027e-05,0.0166666666666666
2.8068877244900002e-05,0.0166666666666666
2.807887684490003e-05,0.0166666666666666
2.8088876444900006e-05,0.0166666666666666
2.8098876044900035e-05,0.0166666666666666
2.810887564490001e-05,0.0166666666666666
2.8118875245000002e-05,0.0333333333333332
2.812887484500003e-05,0.0166666666666666
2.8138874445000006e-05,0.0166666666666666
2.8148874045000034e-05,0.0166666666666666
2.815887364500001e-05,0.0166666666666666
2.8168873245000038e-05,0.0166666666666666
2.817887284510003e-05,0.0166666666666666
2.8188872445100005e-05,0.0166666666666666
2.8198872045100034e-05,0.0166666666666666
2.820887164510001e-05,0.0166666666666666
2.8218871245100038e-05,0.0166666666666666
2.8228870845100013e-05,0.0166666666666666
2.823887044510004e-05,0.0166666666666666
2.8248870045200034e-05,0.0166666666666666
2.825886964520001e-05,0.0166666666666666
2.8268869245200038e-05,0.0166666666666666
2.8278868845200012e-05,0.0166666666666666
2.828886844520004e-05,0.0
2.8298868045200016e-05,0.0166666666666666
2.830886764530001e-05,0.0166666666666666
2.8318867245300037e-05,0.0166666666666666
2.8328866845300012e-05,0.0166666666666666
2.833886644530004e-05,0.0166666666666666
2.8348866045300016e-05,0.0
2.835886564529999e-05,0.0166666666666666
2.8368865245400037e-05,0.0166666666666666
2.8378864845400012e-05,0.0166666666666666
2.838886444540004e-05,0.0166666666666666
2.8398864045400016e-05,0.0166666666666666
2.840886364539999e-05,0.0166666666666666
2.841886324540002e-05,0.0166666666666666
2.842886284550001e-05,0.0166666666666666
2.843886244550004e-05,0.0166666666666666
2.8448862045500015e-05,0.0166666666666666
2.845886164549999e-05,0.0166666666666666
2.846886124550002e-05,0.0166666666666666
2.8478860845499994e-05,0.0166666666666666
2.8488860445500023e-05,0.0166666666666666
2.8498860045600015e-05,0.0
2.850885964559999e-05,0.0166666666666666
2.851885924560002e-05,0.0166666666666666
2.8528858845599993e-05,0.0166666666666666
2.8538858445600022e-05,0.0166666666666666
2.8548858045599997e-05,0.0
2.8558857645700044e-05,0.0
2.856885724570002e-05,0.0166666666666666
2.8578856845699993e-05,0.0166666666666666
2.8588856445700022e-05,0.0166666666666666
2.8598856045699997e-05,0.0166666666666666
2.8608855645700026e-05,0.0166666666666666
2.8618855245800018e-05,0.0166666666666666
2.8628854845799993e-05,0.0166666666666666
2.8638854445800022e-05,0.0166666666666666
2.8648854045799997e-05,0.0166666666666666
2.8658853645800026e-05,0.0166666666666666
2.86688532458e-05,0.0166666666666666
2.8678852845899993e-05,0.0166666666666666
2.8688852445900022e-05,0.0166666666666666
2.8698852045899996e-05,0.0166666666666666
2.8708851645900025e-05,0.0166666666666666
2.87188512459e-05,0.0166666666666666
2.872885084590003e-05,0.0166666666666666
2.8738850445900004e-05,0.0166666666666666
2.8748850045999996e-05,0.0166666666666666
2.8758849646000025e-05,0.0166666666666666
2.8768849246e-05,0.0166666666666666
2.877884884600003e-05,0.0166666666666666
2.8788848446000004e-05,0.0166666666666666
2.8798848046000032e-05,0.0166666666666666
2.8808847646100025e-05,0.0166666666666666
2.88188472461e-05,0.0166666666666666
2.882884684610003e-05,0.0166666666666666
2.8838846446100003e-05,0.0166666666666666
2.8848846046100032e-05,0.0166666666666666
2.8858845646100007e-05,0.0166666666666666
2.88688452462e-05,0.0166666666666666
2.887884484620003e-05,0.0166666666666666
2.8888844446200003e-05,0.0166666666666666
2.8898844046200032e-05,0.0333333333333332
2.8908843646200007e-05,0.0166666666666666
2.8918843246200036e-05,0.0166666666666666
2.8928842846300028e-05,0.0166666666666666
2.8938842446300003e-05,0.0166666666666666
2.8948842046300032e-05,0.0166666666666666
2.8958841646300006e-05,0.0166666666666666
2.8968841246300035e-05,0.0166666666666666
2.897884084630001e-05,0.0166666666666666
2.898884044630004e-05,0.0
2.899884004640003e-05,0.0166666666666666
2.9008839646400006e-05,0.0166666666666666
2.9018839246400035e-05,0.0166666666666666
2.902883884640001e-05,0.0166666666666666
2.903883844640004e-05,0.0166666666666666
2.9048838046400014e-05,0.0166666666666666
2.9058837646500006e-05,0.0166666666666666
2.9068837246500035e-05,0.0166666666666666
2.907883684650001e-05,0.0166666666666666
2.908883644650004e-05,0.0166666666666666
2.9098836046500013e-05,0.0166666666666666
2.9108835646500042e-05,0.0166666666666666
2.9118835246600035e-05,0.0166666666666666
2.912883484660001e-05,0.0166666666666666
2.913883444660004e-05,0.0166666666666666
2.9148834046600013e-05,0.0166666666666666
2.9158833646600042e-05,0.0166666666666666
2.9168833246600017e-05,0.0166666666666666
2.917883284670001e-05,0.0166666666666666
2.9188832446700038e-05,0.0
2.9198832046700013e-05,0.0
2.9208831646700042e-05,0.0166666666666666
2.9218831246700017e-05,0.0166666666666666
2.922883084669999e-05,0.0166666666666666
2.923883044670002e-05,0.0166666666666666
2.9248830046800013e-05,0.0166666666666666
2.925882964680004e-05,0.0166666666666666
2.9268829246800016e-05,0.0166666666666666
2.927882884679999e-05,0.0166666666666666
2.928882844680002e-05,0.0166666666666666
2.9298828046799995e-05,0.0166666666666666
2.930882764690004e-05,0.0166666666666666
2.9318827246900016e-05,0.0166666666666666
2.932882684689999e-05,0.0166666666666666
2.933882644690002e-05,0.0166666666666666
2.9348826046899994e-05,0.0
2.9358825646900023e-05,0.0166666666666666
2.9368825247000016e-05,0.0166666666666666
2.937882484699999e-05,0.0166666666666666
2.938882444700002e-05,0.0
2.9398824046999994e-05,0.0166666666666666
2.9408823647000023e-05,0.0166666666666666
2.9418823246999998e-05,0.0166666666666666
2.942882284709999e-05,0.0166666666666666
2.943882244710002e-05,0.0166666666666666
2.9448822047099994e-05,0.0
2.9458821647100023e-05,0.0333333333333332
2.9468821247099998e-05,0.0166666666666666
2.9478820847100027e-05,0.0166666666666666
2.94888204471e-05,0.0166666666666666
2.9498820047199994e-05,0.0
2.9508819647200023e-05,0.0
2.9518819247199997e-05,0.0166666666666666
2.9528818847200026e-05,0.0166666666666666
2.95388184472e-05,0.0166666666666666
2.954881804720003e-05,0.0166666666666666
2.9558817647300022e-05,0.0166666666666666
2.9568817247299997e-05,0.0166666666666666
2.9578816847300026e-05,0.0166666666666666
2.95888164473e-05,0.0
2.959881604730003e-05,0.0166666666666666
2.9608815647300005e-05,0.0
2.9618815247399997e-05,0.0
2.9628814847400026e-05,0.0166666666666666
2.96388144474e-05,0.0166666666666666
2.964881404740003e-05,0.0166666666666666
2.9658813647400004e-05,0.0166666666666666
2.9668813247400033e-05,0.0166666666666666
2.9678812847500026e-05,0.0166666666666666
2.96888124475e-05,0.0166666666666666
2.969881204750003e-05,0.0166666666666666
2.9708811647500004e-05,0.0166666666666666
2.9718811247500033e-05,0.0166666666666666
2.9728810847500008e-05,0.0166666666666666
2.9738810447500037e-05,0.0166666666666666
2.974881004760003e-05,0.0166666666666666
2.9758809647600004e-05,0.0166666666666666
2.9768809247600033e-05,0.0166666666666666
2.9778808847600007e-05,0.0166666666666666
2.9788808447600036e-05,0.0166666666666666
2.979880804760001e-05,0.0166666666666666
2.9808807647700004e-05,0.0166666666666666
2.9818807247700032e-05,0.0166666666666666
2.9828806847700007e-05,0.0166666666666666
2.9838806447700036e-05,0.0166666666666666
2.984880604770001e-05,0.0166666666666666
2.985880564770004e-05,0.0166666666666666
2.9868805247800032e-05,0.0166666666666666
2.9878804847800007e-05,0.0166666666666666
2.9888804447800036e-05,0.0166666666666666
2.989880404780001e-05,0.0166666666666666
2.990880364780004e-05,0.0166666666666666
2.9918803247800014e-05,0.0166666666666666
2.9928802847900007e-05,0.0
2.9938802447900036e-05,0.0166666666666666
2.994880204790001e-05,0.0
2.995880164790004e-05,0.0166666666666666
2.9968801247900014e-05,0.0166666666666666
2.9978800847900043e-05,0.0166666666666666
2.9988800447900018e-05,0.0166666666666666
2.999880004800001e-05,0.0166666666666666
3.000879964800004e-05,0.0166666666666666
3.0018799248000014e-05,0.0166666666666666
3.0028798848000043e-05,0.0166666666666666
3.0038798448000018e-05,0.0
3.0048798047999992e-05,0.0
3.005879764810004e-05,0.0166666666666666
3.0068797248100014e-05,0.0
3.0078796848100043e-05,0.0166666666666666
3.0088796448100017e-05,0.0166666666666666
3.0098796048099992e-05,0.0166666666666666
3.010879564810002e-05,0.0
3.0118795248200013e-05,0.0166666666666666
3.0128794848200042e-05,0.0166666666666666
3.0138794448200017e-05,0.0166666666666666
3.0148794048199992e-05,0.0166666666666666
3.015879364820002e-05,0.0166666666666666
3.0168793248199995e-05,0.0166666666666666
3.0178792848300042e-05,0.0166666666666666
3.0188792448300017e-05,0.0166666666666666
3.019879204829999e-05,0.0166666666666666
3.020879164830002e-05,0.0
3.0218791248299995e-05,0.0166666666666666
3.0228790848300024e-05,0.0166666666666666
3.02387904483e-05,0.0166666666666666
3.024879004839999e-05,0.0166666666666666
3.025878964840002e-05,0.0166666666666666
3.0268789248399995e-05,0.0
3.0278788848400024e-05,0.0166666666666666
3.02887884484e-05,0.0166666666666666
3.0298788048400028e-05,0.0166666666666666
3.030878764850002e-05,0.0166666666666666
3.0318787248499995e-05,0.0166666666666666
3.0328786848500024e-05,0.0166666666666666
3.03387864485e-05,0.0166666666666666
3.0348786048500027e-05,0.0166666666666666
3.0358785648500002e-05,0.0166666666666666
3.0368785248599994e-05,0.0166666666666666
3.0378784848600023e-05,0.0166666666666666
3.0388784448599998e-05,0.0166666666666666
3.0398784048600027e-05,0.0166666666666666
3.0408783648600002e-05,0.0166666666666666
3.041878324860003e-05,0.0166666666666666
3.0428782848700023e-05,0.0166666666666666
3.0438782448699998e-05,0.0166666666666666
3.0448782048700027e-05,0.0166666666666666
3.04587816487e-05,0.0166666666666666
3.046878124870003e-05,0.0166666666666666
3.0478780848700005e-05,0.0166666666666666
3.0488780448700034e-05,0.0166666666666666
3.0498780048800027e-05,0.0
3.05087796488e-05,0.0166666666666666
3.051877924880003e-05,0.0166666666666666
3.0528778848800005e-05,0.0166666666666666
3.0538778448800034e-05,0.0166666666666666
3.054877804880001e-05,0.0166666666666666
3.05587776489e-05,0.0166666666666666
3.056877724890003e-05,0.0166666666666666
3.0578776848900005e-05,0.0166666666666666
3.0588776448900034e-05,0.0166666666666666
3.059877604890001e-05,0.0166666666666666
3.060877564890004e-05,0.0166666666666666
3.061877524900003e-05,0.0166666666666666
3.0628774849000005e-05,0.0
3.0638774449000033e-05,0.0166666666666666
3.064877404900001e-05,0.0166666666666666
3.065877364900004e-05,0.0333333333333332
3.066877324900001e-05,0.0166666666666666
3.0678772849100004e-05,0.0166666666666666
3.068877244910003e-05,0.0
3.069877204910001e-05,0.0
3.070877164910004e-05,0.0166666666666666
3.071877124910001e-05,0.0166666666666666
3.072877084910004e-05,0.0166666666666666
3.0738770449100015e-05,0.0
3.074877004920001e-05,0.0
3.075876964920004e-05,0.0
3.076876924920001e-05,0.0166666666666666
3.077876884920004e-05,0.0166666666666666
3.0788768449200015e-05,0.0166666666666666
3.079876804919999e-05,0.0333333333333332
3.0808767649300036e-05,0.0166666666666666
3.081876724930001e-05,0.0166666666666666
3.082876684930004e-05,0.0
3.0838766449300015e-05,0.0166666666666666
3.0848766049300044e-05,0.0166666666666666
3.085876564930002e-05,0.0333333333333332
3.086876524940001e-05,0.0166666666666666
3.087876484940004e-05,0.0
3.0888764449400015e-05,0.0
3.0898764049400044e-05,0.0
3.090876364940002e-05,0.0166666666666666
3.091876324939999e-05,0.0166666666666666
3.092876284950004e-05,0.0333333333333332
3.0938762449500014e-05,0.0166666666666666
3.094876204950004e-05,0.0
3.095876164950002e-05,0.0
3.096876124949999e-05,0.0166666666666666
3.097876084950002e-05,0.0166666666666666
3.0988760449499996e-05,0.0166666666666666
3.099876004960004e-05,0.0
3.100875964960002e-05,0.0
3.101875924959999e-05,0.0
3.102875884960002e-05,0.0
3.1038758449599996e-05,0.0166666666666666
3.1048758049600025e-05,0.0166666666666666
3.105875764970002e-05,0.0
3.106875724969999e-05,0.0166666666666666
3.107875684970002e-05,0.0166666666666666
3.1088756449699996e-05,0.0166666666666666
3.1098756049700025e-05,0.0166666666666666
3.11087556497e-05,0.0
3.111875524979999e-05,0.0166666666666666
3.112875484980002e-05,0.0166666666666666
3.1138754449799996e-05,0.0
3.1148754049800025e-05,0.0166666666666666
3.11587536498e-05,0.0333333333333332
3.116875324980003e-05,0.0166666666666666
3.117875284990002e-05,0.0166666666666666
3.1188752449899995e-05,0.0
3.1198752049900024e-05,0.0166666666666666
3.12087516499e-05,0.0166666666666666
3.121875124990003e-05,0.0166666666666666
3.12287508499e-05,0.0166666666666666
3.123875044990003e-05,0.0
3.1248750050000024e-05,0.0
3.125874965e-05,0.0166666666666666
3.126874925000003e-05,0.0166666666666666
3.127874885e-05,0.0333333333333332
3.128874845000003e-05,0.0166666666666666
3.1298748050000006e-05,0.0
3.13087476501e-05,0.0
3.131874725010003e-05,0.0
3.13287468501e-05,0.0166666666666666
3.133874645010003e-05,0.0166666666666666
3.1348746050100006e-05,0.0166666666666666
3.1358745650100035e-05,0.0
3.136874525020003e-05,0.0
3.13787448502e-05,0.0166666666666666
3.138874445020003e-05,0.0
3.1398744050200006e-05,0.0166666666666666
3.1408743650200035e-05,0.0166666666666666
3.141874325020001e-05,0.0
3.14287428503e-05,0.0
3.143874245030003e-05,0.0166666666666666
3.1448742050300005e-05,0.0
3.1458741650300034e-05,0.0166666666666666
3.146874125030001e-05,0.0166666666666666
3.147874085030004e-05,0.0166666666666666
3.148874045030001e-05,0.0166666666666666
3.1498740050400005e-05,0.0166666666666666
3.1508739650400034e-05,0.0166666666666666
3.151873925040001e-05,0.0166666666666666
3.152873885040004e-05,0.0166666666666666
3.153873845040001e-05,0.0166666666666666
3.154873805040004e-05,0.0
3.1558737650500034e-05,0.0166666666666666
3.156873725050001e-05,0.0
3.157873685050004e-05,0.0166666666666666
3.158873645050001e-05,0.0166666666666666
3.159873605050004e-05,0.0166666666666666
3.1608735650500016e-05,0.0
3.161873525060001e-05,0.0166666666666666
3.162873485060004e-05,0.0
3.163873445060001e-05,0.0166666666666666
3.164873405060004e-05,0.0
3.1658733650600016e-05,0.0166666666666666
3.166873325059999e-05,0.0
3.167873285070004e-05,0.0166666666666666
3.168873245070001e-05,0.0166666666666666
3.169873205070004e-05,0.0166666666666666
3.1708731650700016e-05,0.0166666666666666
3.171873125069999e-05,0.0166666666666666
3.172873085070002e-05,0.0166666666666666
3.1738730450699994e-05,0.0166666666666666
3.174873005080004e-05,0.0166666666666666
3.1758729650800015e-05,0.0166666666666666
3.176872925079999e-05,0.0166666666666666
3.177872885080002e-05,0.0166666666666666
3.1788728450799994e-05,0.0166666666666666
3.179872805080002e-05,0.0166666666666666
3.1808727650900015e-05,0.0166666666666666
3.181872725089999e-05,0.0166666666666666
3.182872685090002e-05,0.0166666666666666
3.1838726450899993e-05,0.0166666666666666
3.184872605090002e-05,0.0166666666666666
3.18587256509e-05,0.0166666666666666
3.1868725251000044e-05,0.0
3.187872485100002e-05,0.0166666666666666
3.188872445099999e-05,0.0
3.189872405100002e-05,0.0
3.1908723651e-05,0.0166666666666666
3.1918723251000026e-05,0.0166666666666666
3.192872285110002e-05,0.0166666666666666
3.193872245109999e-05,0.0166666666666666
3.194872205110002e-05,0.0166666666666666
3.19587216511e-05,0.0
3.1968721251100026e-05,0.0166666666666666
3.19787208511e-05,0.0166666666666666
3.198872045110003e-05,0.0166666666666666
3.199872005120002e-05,0.0166666666666666
3.2008719651199996e-05,0.0
3.2018719251200025e-05,0.0166666666666666
3.20287188512e-05,0.0166666666666666
3.203871845120003e-05,0.0166666666666666
3.2048718051200004e-05,0.0166666666666666
3.2058717651299996e-05,0.0166666666666666
3.2068717251300025e-05,0.0166666666666666
3.20787168513e-05,0.0166666666666666
3.208871645130003e-05,0.0166666666666666
3.2098716051300004e-05,0.0
3.210871565130003e-05,0.0166666666666666
3.2118715251400025e-05,0.0166666666666666
3.21287148514e-05,0.0166666666666666
3.213871445140003e-05,0.0
3.21487140514e-05,0.0166666666666666
3.215871365140003e-05,0.0166666666666666
3.216871325140001e-05,0.0166666666666666
3.21787128515e-05,0.0166666666666666
3.218871245150003e-05,0.0166666666666666
3.21987120515e-05,0.0166666666666666
3.220871165150003e-05,0.0166666666666666
3.221871125150001e-05,0.0166666666666666
3.2228710851500036e-05,0.0
3.223871045150001e-05,0.0166666666666666
3.22487100516e-05,0.0166666666666666
3.225870965160003e-05,0.0166666666666666
3.2268709251600006e-05,0.0166666666666666
3.2278708851600035e-05,0.0166666666666666
3.228870845160001e-05,0.0166666666666666
3.229870805160004e-05,0.0166666666666666
3.230870765170003e-05,0.0166666666666666
3.2318707251700006e-05,0.0
3.2328706851700035e-05,0.0166666666666666
3.233870645170001e-05,0.0166666666666666
3.234870605170004e-05,0.0166666666666666
3.2358705651700014e-05,0.0166666666666666
3.2368705251800006e-05,0.0166666666666666
3.2378704851800035e-05,0.0166666666666666
3.238870445180001e-05,0.0
3.239870405180004e-05,0.0166666666666666
3.240870365180001e-05,0.0
3.241870325180004e-05,0.0166666666666666
3.2428702851900035e-05,0.0166666666666666
3.243870245190001e-05,0.0166666666666666
3.244870205190004e-05,0.0166666666666666
3.245870165190001e-05,0.0166666666666666
3.246870125190004e-05,0.0166666666666666
3.247870085190002e-05,0.0166666666666666
3.248870045189999e-05,0.0166666666666666
3.249870005200004e-05,0.0166666666666666
3.250869965200001e-05,0.0166666666666666
3.251869925200004e-05,0.0166666666666666
3.2528698852000017e-05,0.0166666666666666
3.253869845199999e-05,0.0166666666666666
3.254869805200002e-05,0.0166666666666666
3.255869765210001e-05,0.0166666666666666
3.256869725210004e-05,0.0
3.2578696852100016e-05,0.0166666666666666
3.258869645209999e-05,0.0166666666666666
3.259869605210002e-05,0.0166666666666666
3.2608695652099995e-05,0.0166666666666666
3.261869525220004e-05,0.0166666666666666
3.2628694852200016e-05,0.0
3.263869445219999e-05,0.0166666666666666
3.264869405220002e-05,0.0166666666666666
3.2658693652199994e-05,0.0166666666666666
3.2668693252200023e-05,0.0166666666666666
3.2678692852300016e-05,0.0166666666666666
3.268869245229999e-05,0.0166666666666666
3.269869205230002e-05,0.0166666666666666
3.2708691652299994e-05,0.0
3.271869125230002e-05,0.0
3.27286908523e-05,0.0166666666666666
3.273869045230003e-05,0.0166666666666666
3.274869005240002e-05,0.0
3.2758689652399994e-05,0.0166666666666666
3.276868925240002e-05,0.0166666666666666
3.27786888524e-05,0.0166666666666666
3.2788688452400027e-05,0.0
3.27986880524e-05,0.0166666666666666
3.2808687652499994e-05,0.0
3.281868725250002e-05,0.0166666666666666
3.28286868525e-05,0.0166666666666666
3.2838686452500026e-05,0.0166666666666666
3.28486860525e-05,0.0166666666666666
3.285868565250003e-05,0.0
3.286868525260002e-05,0.0
3.28786848526e-05,0.0166666666666666
3.2888684452600026e-05,0.0166666666666666
3.28986840526e-05,0.0166666666666666
3.290868365260003e-05,0.0333333333333332
3.2918683252600005e-05,0.0166666666666666
3.29286828527e-05,0.0166666666666666
3.2938682452700026e-05,0.0166666666666666
3.29486820527e-05,0.0166666666666666
3.295868165270003e-05,0.0166666666666666
3.2968681252700004e-05,0.0166666666666666
3.297868085270003e-05,0.0166666666666666
3.298868045270001e-05,0.0166666666666666
3.29986800528e-05,0.0166666666666666
3.300867965280003e-05,0.0
3.3018679252800004e-05,0.0166666666666666
3.302867885280003e-05,0.0166666666666666
3.303867845280001e-05,0.0166666666666666
3.304867805280004e-05,0.0166666666666666
3.305867765290003e-05,0.0
3.3068677252900004e-05,0.0166666666666666
3.307867685290003e-05,0.0166666666666666
3.308867645290001e-05,0.0166666666666666
3.3098676052900036e-05,0.0166666666666666
3.310867565290001e-05,0.0166666666666666
3.3118675253000004e-05,0.0166666666666666
3.312867485300003e-05,0.0166666666666666
3.313867445300001e-05,0.0166666666666666
3.3148674053000036e-05,0.0166666666666666
3.315867365300001e-05,0.0166666666666666
3.316867325300004e-05,0.0166666666666666
3.317867285310003e-05,0.0
3.318867245310001e-05,0.0
3.3198672053100036e-05,0.0166666666666666
3.320867165310001e-05,0.0166666666666666
3.321867125310004e-05,0.0166666666666666
3.3228670853100014e-05,0.0166666666666666
3.323867045310004e-05,0.0166666666666666
3.3248670053200036e-05,0.0166666666666666
3.325866965320001e-05,0.0166666666666666
3.326866925320004e-05,0.0166666666666666
3.3278668853200014e-05,0.0166666666666666
3.328866845320004e-05,0.0166666666666666
3.329866805320002e-05,0.0166666666666666
3.330866765330001e-05,0.0166666666666666
3.331866725330004e-05,0.0166666666666666
3.3328666853300014e-05,0.0
3.333866645330004e-05,0.0166666666666666
3.334866605330002e-05,0.0166666666666666
3.335866565329999e-05,0.0
3.336866525340004e-05,0.0
3.3378664853400014e-05,0.0166666666666666
3.338866445340004e-05,0.0
3.339866405340002e-05,0.0166666666666666
3.340866365339999e-05,0.0166666666666666
3.341866325340002e-05,0.0166666666666666
3.342866285350001e-05,0.0166666666666666
3.343866245350004e-05,0.0
3.344866205350002e-05,0.0166666666666666
3.345866165349999e-05,0.0333333333333332
3.346866125350002e-05,0.0166666666666666
3.3478660853499995e-05,0.0166666666666666
3.3488660453500024e-05,0.0166666666666666
3.349866005360002e-05,0.0166666666666666
3.350865965359999e-05,0.0166666666666666
3.351865925360002e-05,0.0166666666666666
3.3528658853599995e-05,0.0166666666666666
3.3538658453600024e-05,0.0
3.35486580536e-05,0.0166666666666666
3.355865765369999e-05,0.0166666666666666
3.356865725370002e-05,0.0
3.3578656853699995e-05,0.0166666666666666
3.3588656453700024e-05,0.0166666666666666
3.35986560537e-05,0.0
3.360865565370003e-05,0.0166666666666666
3.361865525380002e-05,0.0
3.3628654853799995e-05,0.0166666666666666
3.3638654453800024e-05,0.0166666666666666
3.36486540538e-05,0.0
3.365865365380003e-05,0.0166666666666666
3.36686532538e-05,0.0166666666666666
3.3678652853899994e-05,0.0166666666666666
3.3688652453900023e-05,0.0166666666666666
3.36986520539e-05,0.0166666666666666
3.370865165390003e-05,0.0166666666666666
3.37186512539e-05,0.0166666666666666
3.372865085390003e-05,0.0166666666666666
3.3738650453900005e-05,0.0166666666666666
3.3748650054e-05,0.0166666666666666
3.375864965400003e-05,0.0166666666666666
3.3768649254e-05,0.0
3.377864885400003e-05,0.0166666666666666
3.3788648454000005e-05,0.0166666666666666
3.3798648054000034e-05,0.0166666666666666
3.3808647654100027e-05,0.0
3.38186472541e-05,0.0
3.382864685410003e-05,0.0166666666666666
3.3838646454100005e-05,0.0166666666666666
3.3848646054100034e-05,0.0166666666666666
3.385864565410001e-05,0.0
3.38686452542e-05,0.0166666666666666
3.387864485420003e-05,0.0166666666666666
3.3888644454200005e-05,0.0
3.3898644054200034e-05,0.0166666666666666
3.390864365420001e-05,0.0166666666666666
3.391864325420004e-05,0.0
3.392864285430003e-05,0.0166666666666666
3.3938642454300005e-05,0.0166666666666666
3.3948642054300033e-05,0.0166666666666666
3.395864165430001e-05,0.0166666666666666
3.396864125430004e-05,0.0166666666666666
3.397864085430001e-05,0.0166666666666666
3.398864045430004e-05,0.0166666666666666
3.399864005440003e-05,0.0166666666666666
3.400863965440001e-05,0.0166666666666666
3.401863925440004e-05,0.0166666666666666
3.402863885440001e-05,0.0166666666666666
3.403863845440004e-05,0.0166666666666666
3.4048638054400015e-05,0.0166666666666666
3.405863765450001e-05,0.0166666666666666
3.406863725450004e-05,0.0166666666666666
3.407863685450001e-05,0.0166666666666666
3.408863645450004e-05,0.0166666666666666
3.4098636054500015e-05,0.0166666666666666
3.410863565449999e-05,0.0
3.4118635254600036e-05,0.0166666666666666
3.412863485460001e-05,0.0166666666666666
3.413863445460004e-05,0.0166666666666666
3.4148634054600015e-05,0.0166666666666666
3.4158633654600044e-05,0.0166666666666666
3.416863325460002e-05,0.0166666666666666
3.417863285470001e-05,0.0
3.418863245470004e-05,0.0166666666666666
3.4198632054700015e-05,0.0166666666666666
3.4208631654700044e-05,0.0166666666666666
3.421863125470002e-05,0.0166666666666666
3.422863085469999e-05,0.0166666666666666
3.423863045470002e-05,0.0166666666666666
3.4248630054800014e-05,0.0166666666666666
3.425862965480004e-05,0.0166666666666666
3.426862925480002e-05,0.0166666666666666
3.427862885479999e-05,0.0166666666666666
3.428862845480002e-05,0.0166666666666666
3.4298628054799996e-05,0.0166666666666666
3.430862765490004e-05,0.0166666666666666
3.431862725490002e-05,0.0
3.432862685489999e-05,0.0
3.433862645490002e-05,0.0166666666666666
3.4348626054899996e-05,0.0
3.4358625654900025e-05,0.0166666666666666
3.436862525500002e-05,0.0166666666666666
3.437862485499999e-05,0.0166666666666666
3.438862445500002e-05,0.0
3.4398624054999996e-05,0.0166666666666666
3.4408623655000025e-05,0.0166666666666666
3.4418623255e-05,0.0166666666666666
3.442862285509999e-05,0.0
3.443862245510002e-05,0.0166666666666666
3.4448622055099996e-05,0.0166666666666666
3.4458621655100025e-05,0.0166666666666666
3.44686212551e-05,0.0166666666666666
3.447862085510003e-05,0.0
3.44886204551e-05,0.0166666666666666
3.4498620055199995e-05,0.0166666666666666
3.4508619655200024e-05,0.0166666666666666
3.45186192552e-05,0.0166666666666666
3.452861885520003e-05,0.0166666666666666
3.45386184552e-05,0.0
3.454861805520003e-05,0.0166666666666666
3.4558617655300024e-05,0.0166666666666666
3.45686172553e-05,0.0
3.457861685530003e-05,0.0166666666666666
3.45886164553e-05,0.0
3.459861605530003e-05,0.0166666666666666
3.4608615655300006e-05,0.0166666666666666
3.46186152554e-05,0.0166666666666666
3.462861485540003e-05,0.0166666666666666
3.46386144554e-05,0.0
3.464861405540003e-05,0.0166666666666666
3.4658613655400006e-05,0.0166666666666666
3.4668613255400035e-05,0.0166666666666666
3.467861285550003e-05,0.0166666666666666
3.46886124555e-05,0.0
3.469861205550003e-05,0.0166666666666666
3.4708611655500006e-05,0.0
3.4718611255500035e-05,0.0166666666666666
3.472861085550001e-05,0.0
3.473861045550004e-05,0.0166666666666666
3.474861005560003e-05,0.0166666666666666
3.4758609655600005e-05,0.0166666666666666
3.4768609255600034e-05,0.0166666666666666
3.477860885560001e-05,0.0166666666666666
3.478860845560004e-05,0.0
3.479860805560001e-05,0.0166666666666666
3.4808607655700005e-05,0.0166666666666666
3.4818607255700034e-05,0.0166666666666666
3.482860685570001e-05,0.0
3.483860645570004e-05,0.0166666666666666
3.484860605570001e-05,0.0
3.485860565570004e-05,0.0166666666666666
3.4868605255800034e-05,0.0166666666666666
3.487860485580001e-05,0.0166666666666666
3.488860445580004e-05,0.0166666666666666
3.489860405580001e-05,0.0166666666666666
3.490860365580004e-05,0.0166666666666666
3.4918603255800016e-05,0.0
3.492860285590001e-05,0.0166666666666666
3.493860245590004e-05,0.0166666666666666
3.494860205590001e-05,0.0166666666666666
3.495860165590004e-05,0.0166666666666666
3.4968601255900016e-05,0.0
3.497860085589999e-05,0.0166666666666666
3.498860045590002e-05,0.0
3.499860005600001e-05,0.0166666666666666
3.500859965600004e-05,0.0166666666666666
3.5018599256000016e-05,0.0166666666666666
3.502859885599999e-05,0.0166666666666666
3.503859845600002e-05,0.0166666666666666
3.5048598055999994e-05,0.0166666666666666
3.505859765610004e-05,0.0166666666666666
3.5068597256100015e-05,0.0166666666666666
3.507859685609999e-05,0.0166666666666666
3.508859645610002e-05,0.0166666666666666
3.5098596056099994e-05,0.0166666666666666
3.510859565610002e-05,0.0166666666666666
3.5118595256200015e-05,0.0166666666666666
3.512859485619999e-05,0.0166666666666666
3.513859445620002e-05,0.0166666666666666
3.5148594056199993e-05,0.0
3.515859365620002e-05,0.0166666666666666
3.51685932562e-05,0.0166666666666666
3.5178592856300044e-05,0.0166666666666666
3.518859245630002e-05,0.0166666666666666
3.519859205629999e-05,0.0
3.520859165630002e-05,0.0166666666666666
3.52185912563e-05,0.0166666666666666
3.5228590856300026e-05,0.0
3.52385904563e-05,0.0166666666666666
3.524859005639999e-05,0.0166666666666666
3.525858965640002e-05,0.0166666666666666
3.52685892564e-05,0.0166666666666666
3.5278588856400026e-05,0.0166666666666666
3.52885884564e-05,0.0166666666666666
3.529858805640003e-05,0.0166666666666666
3.530858765650002e-05,0.0166666666666666
3.5318587256499996e-05,0.0166666666666666
3.5328586856500025e-05,0.0166666666666666
3.53385864565e-05,0.0166666666666666
3.534858605650003e-05,0.0
3.5358585656500004e-05,0.0333333333333332
3.5368585256599996e-05,0.0166666666666666
3.5378584856600025e-05,0.0
3.53885844566e-05,0.0166666666666666
3.539858405660003e-05,0.0166666666666666
3.5408583656600004e-05,0.0166666666666666
3.541858325660003e-05,0.0166666666666666
3.5428582856700025e-05,0.0166666666666666
3.54385824567e-05,0.0166666666666666
3.544858205670003e-05,0.0166666666666666
3.54585816567e-05,0.0166666666666666
3.546858125670003e-05,0.0
3.547858085670001e-05,0.0166666666666666
3.5488580456700036e-05,0.0
3.549858005680003e-05,0.0166666666666666
3.55085796568e-05,0.0166666666666666
3.551857925680003e-05,0.0166666666666666
3.552857885680001e-05,0.0166666666666666
3.5538578456800036e-05,0.0166666666666666
3.554857805680001e-05,0.0
3.55585776569e-05,0.0166666666666666
3.556857725690003e-05,0.0166666666666666
3.5578576856900006e-05,0.0166666666666666
3.5588576456900035e-05,0.0
3.559857605690001e-05,0.0166666666666666
3.560857565690004e-05,0.0166666666666666
3.561857525700003e-05,0.0166666666666666
3.5628574857000006e-05,0.0166666666666666
3.5638574457000035e-05,0.0166666666666666
3.564857405700001e-05,0.0166666666666666
3.565857365700004e-05,0.0166666666666666
3.5668573257000014e-05,0.0
3.5678572857100006e-05,0.0166666666666666
3.5688572457100035e-05,0.0166666666666666
3.569857205710001e-05,0.0166666666666666
3.570857165710004e-05,0.0166666666666666
3.571857125710001e-05,0.0166666666666666
3.572857085710004e-05,0.0
3.573857045710002e-05,0.0166666666666666
3.574857005720001e-05,0.0166666666666666
3.575856965720004e-05,0.0166666666666666
3.576856925720001e-05,0.0166666666666666
3.577856885720004e-05,0.0166666666666666
3.578856845720002e-05,0.0166666666666666
3.579856805719999e-05,0.0166666666666666
3.580856765730004e-05,0.0166666666666666
3.581856725730001e-05,0.0166666666666666
3.582856685730004e-05,0.0166666666666666
3.5838566457300017e-05,0.0166666666666666
3.584856605729999e-05,0.0166666666666666
3.585856565730002e-05,0.0166666666666666
3.586856525740001e-05,0.0
3.587856485740004e-05,0.0166666666666666
3.5888564457400016e-05,0.0166666666666666
3.589856405739999e-05,0.0166666666666666
3.590856365740002e-05,0.0166666666666666
3.5918563257399995e-05,0.0166666666666666
3.592856285750004e-05,0.0166666666666666
3.5938562457500016e-05,0.0166666666666666
3.594856205749999e-05,0.0166666666666666
3.595856165750002e-05,0.0166666666666666
3.5968561257499994e-05,0.0166666666666666
3.597856085750002e-05,0.0166666666666666
3.59885604575e-05,0.0166666666666666
3.599856005759999e-05,0.0166666666666666
3.600855965760002e-05,0.0166666666666666
3.6018559257599994e-05,0.0166666666666666
3.602855885760002e-05,0.0
3.60385584576e-05,0.0166666666666666
3.604855805760003e-05,0.0166666666666666
3.605855765770002e-05,0.0166666666666666
3.6068557257699994e-05,0.0166666666666666
3.607855685770002e-05,0.0166666666666666
3.60885564577e-05,0.0
3.6098556057700027e-05,0.0166666666666666
3.61085556577e-05,0.0166666666666666
3.6118555257799994e-05,0.0166666666666666
3.612855485780002e-05,0.0166666666666666
3.61385544578e-05,0.0166666666666666
3.6148554057800026e-05,0.0166666666666666
3.61585536578e-05,0.0166666666666666
3.616855325780003e-05,0.0166666666666666
3.617855285790002e-05,0.0166666666666666
3.61885524579e-05,0.0166666666666666
3.6198552057900026e-05,0.0166666666666666
3.62085516579e-05,0.0166666666666666
3.621855125790003e-05,0.0166666666666666
3.6228550857900004e-05,0.0
3.6238550457900033e-05,0.0166666666666666
3.6248550058000026e-05,0.0166666666666666
3.6258549658e-05,0.0166666666666666
3.626854925800003e-05,0.0166666666666666
3.6278548858000004e-05,0.0166666666666666
3.628854845800003e-05,0.0166666666666666
3.629854805800001e-05,0.0166666666666666
3.63085476581e-05,0.0166666666666666
3.631854725810003e-05,0.0166666666666666
3.6328546858100004e-05,0.0166666666666666
3.633854645810003e-05,0.0166666666666666
3.634854605810001e-05,0.0
3.635854565810004e-05,0.0166666666666666
3.636854525820003e-05,0.0
3.6378544858200004e-05,0.0166666666666666
3.638854445820003e-05,0.0
3.639854405820001e-05,0.0
3.6408543658200036e-05,0.0166666666666666
3.641854325820001e-05,0.0166666666666666
3.6428542858300004e-05,0.0166666666666666
3.643854245830003e-05,0.0166666666666666
3.644854205830001e-05,0.0166666666666666
3.6458541658300036e-05,0.0166666666666666
3.646854125830001e-05,0.0166666666666666
3.647854085830004e-05,0.0166666666666666
3.6488540458300015e-05,0.0166666666666666
3.649854005840001e-05,0.0
3.6508539658400036e-05,0.0166666666666666
3.651853925840001e-05,0.0166666666666666
3.652853885840004e-05,0.0166666666666666
3.6538538458400014e-05,0.0166666666666666
3.654853805840004e-05,0.0166666666666666
3.6558537658500036e-05,0.0166666666666666
3.656853725850001e-05,0.0166666666666666
3.657853685850004e-05,0.0166666666666666
3.6588536458500014e-05,0.0166666666666666
3.659853605850004e-05,0.0166666666666666
3.660853565850002e-05,0.0
3.661853525860001e-05,0.0166666666666666
3.662853485860004e-05,0.0166666666666666
3.6638534458600014e-05,0.0333333333333332
3.664853405860004e-05,0.0166666666666666
3.665853365860002e-05,0.0166666666666666
3.666853325859999e-05,0.0166666666666666
3.667853285870004e-05,0.0166666666666666
3.6688532458700014e-05,0.0166666666666666
3.669853205870004e-05,0.0166666666666666
3.670853165870002e-05,0.0166666666666666
3.671853125869999e-05,0.0166666666666666
3.672853085870002e-05,0.0166666666666666
3.6738530458699996e-05,0.0
3.674853005880004e-05,0.0
3.675852965880002e-05,0.0166666666666666
3.676852925879999e-05,0.0166666666666666
3.677852885880002e-05,0.0166666666666666
3.6788528458799995e-05,0.0166666666666666
3.6798528058800024e-05,0.0166666666666666
3.680852765890002e-05,0.0166666666666666
3.681852725889999e-05,0.0166666666666666
3.682852685890002e-05,0.0166666666666666
3.6838526458899995e-05,0.0166666666666666
3.6848526058900024e-05,0.0166666666666666
3.68585256589e-05,0.0166666666666666
3.686852525899999e-05,0.0166666666666666
3.687852485900002e-05,0.0166666666666666
3.6888524458999995e-05,0.0166666666666666
3.6898524059000024e-05,0.0166666666666666
3.6908523659e-05,0.0
3.691852325900003e-05,0.0166666666666666
3.692852285910002e-05,0.0166666666666666
3.6938522459099995e-05,0.0166666666666666
3.6948522059100024e-05,0.0166666666666666
3.69585216591e-05,0.0166666666666666
3.696852125910003e-05,0.0166666666666666
3.69785208591e-05,0.0166666666666666
3.698852045910003e-05,0.0166666666666666
3.699852005920002e-05,0.0166666666666666
3.70085196592e-05,0.0166666666666666
3.701851925920003e-05,0.0166666666666666
3.70285188592e-05,0.0
3.703851845920003e-05,0.0166666666666666
3.7048518059200005e-05,0.0166666666666666
3.70585176593e-05,0.0166666666666666
3.706851725930003e-05,0.0
3.70785168593e-05,0.0333333333333332
3.708851645930003e-05,0.0
3.7098516059300005e-05,0.0
3.7108515659300034e-05,0.0
3.7118515259400027e-05,0.0
3.71285148594e-05,0.0
3.713851445940003e-05,0.0166666666666666
3.7148514059400005e-05,0.0
3.7158513659400034e-05,0.0166666666666666
3.716851325940001e-05,0.0166666666666666
3.71785128595e-05,0.0166666666666666
3.718851245950003e-05,0.0166666666666666
3.7198512059500005e-05,0.0166666666666666
3.7208511659500034e-05,0.0166666666666666
3.721851125950001e-05,0.0166666666666666
3.722851085950004e-05,0.0166666666666666
3.723851045950001e-05,0.0166666666666666
3.7248510059600004e-05,0.0166666666666666
3.7258509659600033e-05,0.0166666666666666
3.726850925960001e-05,0.0166666666666666
3.727850885960004e-05,0.0166666666666666
3.728850845960001e-05,0.0166666666666666
3.729850805960004e-05,0.0
3.730850765970003e-05,0.0
3.731850725970001e-05,0.0166666666666666
3.732850685970004e-05,0.0166666666666666
3.733850645970001e-05,0.0166666666666666
3.734850605970004e-05,0.0
3.7358505659700015e-05,0.0
3.736850525980001e-05,0.0166666666666666
3.737850485980004e-05,0.0166666666666666
3.738850445980001e-05,0.0166666666666666
3.739850405980004e-05,0.0166666666666666
3.7408503659800015e-05,0.0166666666666666
3.741850325979999e-05,0.0
3.7428502859900036e-05,0.0166666666666666
3.743850245990001e-05,0.0166666666666666
3.744850205990004e-05,0.0166666666666666
3.7458501659900015e-05,0.0166666666666666
3.7468501259900044e-05,0.0166666666666666
3.747850085990002e-05,0.0166666666666666
3.748850045989999e-05,0.0166666666666666
3.749850006000004e-05,0.0166666666666666
3.7508499660000015e-05,0.0166666666666666
3.7518499260000043e-05,0.0166666666666666
3.752849886000002e-05,0.0166666666666666
3.753849845999999e-05,0.0166666666666666
3.754849806000002e-05,0.0166666666666666
3.7558497660100014e-05,0.0
3.756849726010004e-05,0.0166666666666666
3.757849686010002e-05,0.0166666666666666
3.758849646009999e-05,0.0
3.759849606010002e-05,0.0166666666666666
3.7608495660099996e-05,0.0166666666666666
3.761849526020004e-05,0.0
3.762849486020002e-05,0.0166666666666666
3.763849446019999e-05,0.0166666666666666
3.764849406020002e-05,0.0166666666666666
3.7658493660199996e-05,0.0
3.7668493260200025e-05,0.0
3.767849286030002e-05,0.0166666666666666
3.768849246029999e-05,0.0166666666666666
3.769849206030002e-05,0.0166666666666666
3.7708491660299996e-05,0.0166666666666666
3.7718491260300025e-05,0.0166666666666666
3.77284908603e-05,0.0166666666666666
3.773849046030003e-05,0.0166666666666666
3.774849006040002e-05,0.0166666666666666
3.7758489660399996e-05,0.0166666666666666
3.7768489260400025e-05,0.0166666666666666
3.77784888604e-05,0.0
3.778848846040003e-05,0.0166666666666666
3.77984880604e-05,0.0166666666666666
3.7808487660499995e-05,0.0
3.7818487260500024e-05,0.0166666666666666
3.78284868605e-05,0.0166666666666666
3.783848646050003e-05,0.0166666666666666
3.78484860605e-05,0.0166666666666666
3.785848566050003e-05,0.0166666666666666
3.7868485260600024e-05,0.0166666666666666
3.78784848606e-05,0.0
3.788848446060003e-05,0.0166666666666666
3.78984840606e-05,0.0166666666666666
3.790848366060003e-05,0.0166666666666666
3.7918483260600006e-05,0.0
3.79284828607e-05,0.0166666666666666
3.793848246070003e-05,0.0166666666666666
3.79484820607e-05,0.0166666666666666
3.795848166070003e-05,0.0166666666666666
3.7968481260700006e-05,0.0
3.7978480860700035e-05,0.0166666666666666
3.798848046070001e-05,0.0166666666666666
3.79984800608e-05,0.0166666666666666
3.800847966080003e-05,0.0166666666666666
3.8018479260800006e-05,0.0166666666666666
3.8028478860800035e-05,0.0166666666666666
3.803847846080001e-05,0.0166666666666666
3.804847806080004e-05,0.0166666666666666
3.805847766090003e-05,0.0166666666666666
3.8068477260900005e-05,0.0166666666666666
3.8078476860900034e-05,0.0166666666666666
3.808847646090001e-05,0.0
3.809847606090004e-05,0.0
3.810847566090001e-05,0.0166666666666666
3.8118475261000005e-05,0.0166666666666666
3.8128474861000034e-05,0.0166666666666666
3.813847446100001e-05,0.0166666666666666
3.814847406100004e-05,0.0166666666666666
3.815847366100001e-05,0.0166666666666666
3.816847326100004e-05,0.0166666666666666
3.8178472861100034e-05,0.0166666666666666
3.818847246110001e-05,0.0166666666666666
3.819847206110004e-05,0.0
3.820847166110001e-05,0.0166666666666666
3.821847126110004e-05,0.0166666666666666
3.8228470861100016e-05,0.0166666666666666
3.823847046109999e-05,0.0166666666666666
3.824847006120004e-05,0.0166666666666666
3.825846966120001e-05,0.0
3.826846926120004e-05,0.0166666666666666
3.8278468861200016e-05,0.0166666666666666
3.828846846119999e-05,0.0166666666666666
3.829846806120002e-05,0.0166666666666666
3.830846766130001e-05,0.0166666666666666
3.831846726130004e-05,0.0166666666666666
3.8328466861300016e-05,0.0166666666666666
3.833846646129999e-05,0.0166666666666666
3.834846606130002e-05,0.0
3.8358465661299994e-05,0.0166666666666666
3.836846526140004e-05,0.0166666666666666
3.8378464861400015e-05,0.0166666666666666
3.838846446139999e-05,0.0166666666666666
3.839846406140002e-05,0.0166666666666666
3.8408463661399994e-05,0.0166666666666666
3.841846326140002e-05,0.0166666666666666
3.8428462861500015e-05,0.0
3.843846246149999e-05,0.0166666666666666
3.844846206150002e-05,0.0166666666666666
3.8458461661499993e-05,0.0166666666666666
3.846846126150002e-05,0.0166666666666666
3.84784608615e-05,0.0166666666666666
3.8488460461500026e-05,0.0166666666666666
3.849846006160002e-05,0.0166666666666666
3.850845966159999e-05,0.0
3.851845926160002e-05,0.0166666666666666
3.85284588616e-05,0.0
3.8538458461600026e-05,0.0166666666666666
3.85484580616e-05,0.0166666666666666
3.855845766169999e-05,0.0166666666666666
3.856845726170002e-05,0.0166666666666666
3.85784568617e-05,0.0166666666666666
3.8588456461700026e-05,0.0166666666666666
3.85984560617e-05,0.0166666666666666
3.860845566170003e-05,0.0166666666666666
3.861845526180002e-05,0.0166666666666666
3.8628454861799996e-05,0.0166666666666666
3.8638454461800025e-05,0.0166666666666666
3.86484540618e-05,0.0166666666666666
3.865845366180003e-05,0.0166666666666666
3.8668453261800004e-05,0.0166666666666666
3.8678452861899996e-05,0.0166666666666666
3.8688452461900025e-05,0.0
3.86984520619e-05,0.0166666666666666
3.870845166190003e-05,0.0166666666666666
3.8718451261900004e-05,0.0
3.872845086190003e-05,0.0
3.873845046190001e-05,0.0166666666666666
3.8748450062e-05,0.0
3.875844966200003e-05,0.0166666666666666
3.8768449262e-05,0.0166666666666666
3.877844886200003e-05,0.0
3.878844846200001e-05,0.0166666666666666
3.8798448062000036e-05,0.0166666666666666
3.880844766210003e-05,0.0166666666666666
3.88184472621e-05,0.0166666666666666
3.882844686210003e-05,0.0
3.883844646210001e-05,0.0166666666666666
3.8848446062100036e-05,0.0166666666666666
3.885844566210001e-05,0.0166666666666666
3.88684452622e-05,0.0166666666666666
3.887844486220003e-05,0.0166666666666666
3.8888444462200006e-05,0.0166666666666666
3.8898444062200035e-05,0.0166666666666666
3.890844366220001e-05,0.0166666666666666
3.891844326220004e-05,0.0166666666666666
3.892844286230003e-05,0.0166666666666666
3.8938442462300006e-05,0.0166666666666666
3.8948442062300035e-05,0.0166666666666666
3.895844166230001e-05,0.0166666666666666
3.896844126230004e-05,0.0166666666666666
3.8978440862300014e-05,0.0166666666666666
3.898844046230004e-05,0.0
3.8998440062400035e-05,0.0166666666666666
3.900843966240001e-05,0.0166666666666666
3.901843926240004e-05,0.0166666666666666
3.902843886240001e-05,0.0166666666666666
3.903843846240004e-05,0.0166666666666666
3.904843806240002e-05,0.0166666666666666
3.905843766250001e-05,0.0166666666666666
3.906843726250004e-05,0.0166666666666666
3.907843686250001e-05,0.0166666666666666
3.908843646250004e-05,0.0166666666666666
3.909843606250002e-05,0.0166666666666666
3.910843566249999e-05,0.0
3.911843526260004e-05,0.0166666666666666
3.912843486260001e-05,0.0166666666666666
3.913843446260004e-05,0.0166666666666666
3.9148434062600017e-05,0.0166666666666666
3.915843366259999e-05,0.0166666666666666
3.916843326260002e-05,0.0166666666666666
3.917843286270001e-05,0.0166666666666666
3.918843246270004e-05,0.0
3.9198432062700016e-05,0.0166666666666666
3.920843166269999e-05,0.0166666666666666
3.921843126270002e-05,0.0166666666666666
3.9228430862699995e-05,0.0166666666666666
3.9238430462700024e-05,0.0
3.9248430062800016e-05,0.0166666666666666
3.925842966279999e-05,0.0166666666666666
3.926842926280002e-05,0.0166666666666666
3.9278428862799994e-05,0.0
3.928842846280002e-05,0.0
3.92984280628e-05,0.0166666666666666
3.930842766289999e-05,0.0166666666666666
3.931842726290002e-05,0.0166666666666666
3.9328426862899994e-05,0.0166666666666666
3.933842646290002e-05,0.0166666666666666
3.93484260629e-05,0.0166666666666666
3.935842566290003e-05,0.0166666666666666
3.936842526300002e-05,0.0166666666666666
3.9378424862999994e-05,0.0
3.938842446300002e-05,0.0166666666666666
3.9398424063e-05,0.0166666666666666
3.9408423663000027e-05,0.0166666666666666
3.9418423263e-05,0.0166666666666666
3.9428422863099994e-05,0.0166666666666666
3.943842246310002e-05,0.0166666666666666
3.94484220631e-05,0.0166666666666666
3.9458421663100026e-05,0.0166666666666666
3.94684212631e-05,0.0166666666666666
3.947842086310003e-05,0.0166666666666666
3.9488420463100005e-05,0.0166666666666666
3.94984200632e-05,0.0166666666666666
3.9508419663200026e-05,0.0166666666666666
3.95184192632e-05,0.0166666666666666
3.952841886320003e-05,0.0
3.9538418463200004e-05,0.0166666666666666
3.9548418063200033e-05,0.0
3.9558417663300026e-05,0.0166666666666666
3.95684172633e-05,0.0166666666666666
3.957841686330003e-05,0.0
3.9588416463300004e-05,0.0166666666666666
3.959841606330003e-05,0.0
3.960841566330001e-05,0.0166666666666666
3.96184152634e-05,0.0166666666666666
3.962841486340003e-05,0.0166666666666666
3.9638414463400004e-05,0.0166666666666666
3.964841406340003e-05,0.0166666666666666
3.965841366340001e-05,0.0166666666666666
3.966841326340004e-05,0.0166666666666666
3.967841286350003e-05,0.0166666666666666
3.9688412463500004e-05,0.0166666666666666
3.969841206350003e-05,0.0166666666666666
3.970841166350001e-05,0.0166666666666666
3.9718411263500036e-05,0.0
3.972841086350001e-05,0.0166666666666666
3.973841046350004e-05,0.0166666666666666
3.974841006360003e-05,0.0166666666666666
3.975840966360001e-05,0.0166666666666666
3.9768409263600036e-05,0.0166666666666666
3.977840886360001e-05,0.0166666666666666
3.978840846360004e-05,0.0166666666666666
3.9798408063600015e-05,0.0166666666666666
3.980840766370001e-05,0.0
3.9818407263700036e-05,0.0166666666666666
3.982840686370001e-05,0.0166666666666666
3.983840646370004e-05,0.0166666666666666
3.9848406063700014e-05,0.0166666666666666
3.985840566370004e-05,0.0166666666666666
3.9868405263800036e-05,0.0166666666666666
3.987840486380001e-05,0.0166666666666666
3.988840446380004e-05,0.0166666666666666
3.9898404063800014e-05,0.0166666666666666
3.990840366380004e-05,0.0166666666666666
3.991840326380002e-05,0.0166666666666666
3.992840286390001e-05,0.0166666666666666
3.993840246390004e-05,0.0166666666666666
3.9948402063900014e-05,0.0166666666666666
3.995840166390004e-05,0.0166666666666666
3.996840126390002e-05,0.0166666666666666
3.997840086389999e-05,0.0166666666666666
3.998840046390002e-05,0.0166666666666666
3.9998400064000014e-05,0.0166666666666666
4.000839966400004e-05,0.0166666666666666
4.001839926400002e-05,0.0166666666666666
4.002839886399999e-05,0.0166666666666666
4.003839846400002e-05,0.0166666666666666
4.0048398063999996e-05,0.0166666666666666
4.005839766410004e-05,0.0166666666666666
4.006839726410002e-05,0.0166666666666666
4.007839686409999e-05,0.0166666666666666
4.008839646410002e-05,0.0166666666666666
4.0098396064099995e-05,0.0166666666666666
4.0108395664100024e-05,0.0166666666666666
4.011839526420002e-05,0.0166666666666666
4.012839486419999e-05,0.0166666666666666
4.013839446420002e-05,0.0166666666666666
4.0148394064199995e-05,0.0166666666666666
4.0158393664200024e-05,0.0166666666666666
4.01683932642e-05,0.0
4.017839286429999e-05,0.0166666666666666
4.018839246430002e-05,0.0
4.0198392064299995e-05,0.0166666666666666
4.0208391664300024e-05,0.0166666666666666
4.02183912643e-05,0.0166666666666666
4.022839086430003e-05,0.0166666666666666
4.02383904643e-05,0.0166666666666666
4.0248390064399995e-05,0.0166666666666666
4.0258389664400024e-05,0.0166666666666666
4.02683892644e-05,0.0166666666666666
4.027838886440003e-05,0.0166666666666666
4.02883884644e-05,0.0166666666666666
4.029838806440003e-05,0.0166666666666666
4.030838766450002e-05,0.0166666666666666
4.03183872645e-05,0.0166666666666666
4.032838686450003e-05,0.0166666666666666
4.03383864645e-05,0.0166666666666666
4.034838606450003e-05,0.0166666666666666
4.0358385664500005e-05,0.0166666666666666
4.03683852646e-05,0.0166666666666666
4.037838486460003e-05,0.0166666666666666
4.03883844646e-05,0.0
4.039838406460003e-05,0.0166666666666666
4.0408383664600005e-05,0.0166666666666666
4.0418383264600034e-05,0.0166666666666666
4.0428382864700027e-05,0.0166666666666666
4.04383824647e-05,0.0166666666666666
4.044838206470003e-05,0.0166666666666666
4.0458381664700005e-05,0.0
4.0468381264700034e-05,0.0166666666666666
4.047838086470001e-05,0.0166666666666666
4.048838046470004e-05,0.0166666666666666
4.049838006480003e-05,0.0166666666666666
4.0508379664800005e-05,0.0166666666666666
4.0518379264800034e-05,0.0166666666666666
4.052837886480001e-05,0.0166666666666666
4.053837846480004e-05,0.0166666666666666
4.054837806480001e-05,0.0166666666666666
4.0558377664900004e-05,0.0166666666666666
4.0568377264900033e-05,0.0
4.057837686490001e-05,0.0166666666666666
4.058837646490004e-05,0.0166666666666666
4.059837606490001e-05,0.0166666666666666
4.060837566490004e-05,0.0
4.061837526500003e-05,0.0
4.062837486500001e-05,0.0166666666666666
4.063837446500004e-05,0.0166666666666666
4.064837406500001e-05,0.0166666666666666
4.065837366500004e-05,0.0166666666666666
4.0668373265000015e-05,0.0
4.067837286510001e-05,0.0166666666666666
4.0688372465100037e-05,0.0166666666666666
4.069837206510001e-05,0.0166666666666666
4.070837166510004e-05,0.0166666666666666
4.0718371265100015e-05,0.0
4.072837086509999e-05,0.0166666666666666
4.073837046510002e-05,0.0
4.074837006520001e-05,0.0166666666666666
4.075836966520004e-05,0.0166666666666666
4.0768369265200015e-05,0.0
4.0778368865200044e-05,0.0166666666666666
4.078836846520002e-05,0.0166666666666666
4.079836806519999e-05,0.0166666666666666
4.080836766530004e-05,0.0
4.0818367265300015e-05,0.0166666666666666
4.0828366865300043e-05,0.0166666666666666
4.083836646530002e-05,0.0166666666666666
4.084836606529999e-05,0.0166666666666666
4.085836566530002e-05,0.0166666666666666
4.0868365265400014e-05,0.0166666666666666
4.087836486540004e-05,0.0166666666666666
4.088836446540002e-05,0.0166666666666666
4.089836406539999e-05,0.0166666666666666
4.090836366540002e-05,0.0166666666666666
4.0918363265399996e-05,0.0
4.092836286550004e-05,0.0
4.093836246550002e-05,0.0166666666666666
4.094836206549999e-05,0.0166666666666666
4.095836166550002e-05,0.0166666666666666
4.0968361265499996e-05,0.0166666666666666
4.0978360865500025e-05,0.0
4.09883604655e-05,0.0166666666666666
4.099836006559999e-05,0.0166666666666666
4.100835966560002e-05,0.0166666666666666
4.1018359265599996e-05,0.0166666666666666
4.1028358865600025e-05,0.0166666666666666
4.10383584656e-05,0.0
4.104835806560003e-05,0.0
4.105835766570002e-05,0.0
4.1068357265699996e-05,0.0166666666666666
4.1078356865700025e-05,0.0166666666666666
4.10883564657e-05,0.0
4.109835606570003e-05,0.0
4.11083556657e-05,0.0166666666666666
4.1118355265799995e-05,0.0166666666666666
4.1128354865800024e-05,0.0166666666666666
4.11383544658e-05,0.0
4.114835406580003e-05,0.0166666666666666
4.11583536658e-05,0.0166666666666666
4.116835326580003e-05,0.0166666666666666
4.1178352865900024e-05,0.0166666666666666
4.11883524659e-05,0.0166666666666666
4.119835206590003e-05,0.0166666666666666
4.12083516659e-05,0.0
4.121835126590003e-05,0.0166666666666666
4.1228350865900006e-05,0.0
4.1238350465900035e-05,0.0
4.124835006600003e-05,0.0
4.1258349666e-05,0.0166666666666666
4.126834926600003e-05,0.0166666666666666
4.1278348866000006e-05,0.0166666666666666
4.1288348466000035e-05,0.0166666666666666
4.129834806600001e-05,0.0
4.13083476661e-05,0.0
4.131834726610003e-05,0.0166666666666666
4.1328346866100006e-05,0.0166666666666666
4.1338346466100035e-05,0.0166666666666666
4.134834606610001e-05,0.0166666666666666
4.135834566610004e-05,0.0166666666666666
4.136834526620003e-05,0.0166666666666666
4.1378344866200005e-05,0.0166666666666666
4.1388344466200034e-05,0.0
4.139834406620001e-05,0.0
4.140834366620004e-05,0.0166666666666666
4.141834326620001e-05,0.0166666666666666
4.1428342866300005e-05,0.0166666666666666
4.1438342466300034e-05,0.0166666666666666
4.144834206630001e-05,0.0166666666666666
4.145834166630004e-05,0.0166666666666666
4.146834126630001e-05,0.0166666666666666
4.147834086630004e-05,0.0
4.1488340466300016e-05,0.0166666666666666
4.149834006640001e-05,0.0166666666666666
4.150833966640004e-05,0.0166666666666666
4.151833926640001e-05,0.0166666666666666
4.152833886640004e-05,0.0166666666666666
4.1538338466400016e-05,0.0166666666666666
4.154833806639999e-05,0.0
4.155833766650004e-05,0.0166666666666666
4.156833726650001e-05,0.0166666666666666
4.157833686650004e-05,0.0166666666666666
4.1588336466500016e-05,0.0166666666666666
4.159833606649999e-05,0.0166666666666666
4.160833566650002e-05,0.0166666666666666
4.161833526660001e-05,0.0166666666666666
4.162833486660004e-05,0.0166666666666666
4.1638334466600016e-05,0.0166666666666666
4.164833406659999e-05,0.0166666666666666
4.165833366660002e-05,0.0166666666666666
4.1668333266599994e-05,0.0166666666666666
4.167833286670004e-05,0.0166666666666666
4.1688332466700015e-05,0.0
4.169833206669999e-05,0.0166666666666666
4.170833166670002e-05,0.0
4.1718331266699994e-05,0.0166666666666666
4.172833086670002e-05,0.0166666666666666
4.17383304667e-05,0.0166666666666666
4.174833006679999e-05,0.0
4.175832966680002e-05,0.0166666666666666
4.1768329266799993e-05,0.0
4.177832886680002e-05,0.0166666666666666
4.17883284668e-05,0.0
4.1798328066800026e-05,0.0166666666666666
4.180832766690002e-05,0.0166666666666666
4.181832726689999e-05,0.0166666666666666
4.182832686690002e-05,0.0166666666666666
4.18383264669e-05,0.0166666666666666
4.1848326066900026e-05,0.0166666666666666
4.18583256669e-05,0.0166666666666666
4.186832526699999e-05,0.0166666666666666
4.187832486700002e-05,0.0166666666666666
4.1888324467e-05,0.0166666666666666
4.1898324067000026e-05,0.0166666666666666
4.1908323667e-05,0.0166666666666666
4.191832326700003e-05,0.0
4.192832286710002e-05,0.0166666666666666
4.1938322467099996e-05,0.0
4.1948322067100025e-05,0.0166666666666666
4.19583216671e-05,0.0166666666666666
4.196832126710003e-05,0.0
4.1978320867100004e-05,0.0166666666666666
4.198832046710003e-05,0.0
4.1998320067200025e-05,0.0
4.20083196672e-05,0.0
4.201831926720003e-05,0.0166666666666666
4.2028318867200003e-05,0.0
4.203831846720003e-05,0.0
4.204831806720001e-05,0.0
4.20583176673e-05,0.0166666666666666
4.206831726730003e-05,0.0166666666666666
4.20783168673e-05,0.0166666666666666
4.208831646730003e-05,0.0166666666666666
4.209831606730001e-05,0.0166666666666666
4.2108315667300036e-05,0.0166666666666666
4.211831526740003e-05,0.0166666666666666
4.21283148674e-05,0.0166666666666666
4.213831446740003e-05,0.0166666666666666
4.214831406740001e-05,0.0166666666666666
4.2158313667400036e-05,0.0166666666666666
4.216831326740001e-05,0.0166666666666666
4.21783128675e-05,0.0166666666666666
4.218831246750003e-05,0.0166666666666666
4.2198312067500006e-05,0.0166666666666666
4.2208311667500035e-05,0.0
4.221831126750001e-05,0.0166666666666666
4.222831086750004e-05,0.0166666666666666
4.2238310467500014e-05,0.0166666666666666
4.2248310067600006e-05,0.0166666666666666
4.2258309667600035e-05,0.0166666666666666
4.226830926760001e-05,0.0166666666666666
4.227830886760004e-05,0.0
4.2288308467600014e-05,0.0166666666666666
4.229830806760004e-05,0.0166666666666666
4.2308307667700035e-05,0.0166666666666666
4.231830726770001e-05,0.0166666666666666
4.232830686770004e-05,0.0166666666666666
4.233830646770001e-05,0.0166666666666666
4.234830606770004e-05,0.0166666666666666
4.235830566770002e-05,0.0166666666666666
4.236830526780001e-05,0.0166666666666666
4.237830486780004e-05,0.0166666666666666
4.238830446780001e-05,0.0166666666666666
4.239830406780004e-05,0.0166666666666666
4.240830366780002e-05,0.0166666666666666
4.241830326779999e-05,0.0166666666666666
4.242830286790004e-05,0.0166666666666666
4.243830246790001e-05,0.0166666666666666
4.244830206790004e-05,0.0166666666666666
4.2458301667900016e-05,0.0166666666666666
4.246830126789999e-05,0.0166666666666666
4.247830086790002e-05,0.0166666666666666
4.2488300467899995e-05,0.0
4.249830006800004e-05,0.0166666666666666
4.2508299668000016e-05,0.0166666666666666
4.251829926799999e-05,0.0166666666666666
4.252829886800002e-05,0.0166666666666666
4.2538298467999995e-05,0.0
4.2548298068000024e-05,0.0166666666666666
4.2558297668100016e-05,0.0166666666666666
4.256829726809999e-05,0.0166666666666666
4.257829686810002e-05,0.0166666666666666
4.2588296468099994e-05,0.0166666666666666
4.259829606810002e-05,0.0166666666666666
4.26082956681e-05,0.0166666666666666
4.261829526819999e-05,0.0166666666666666
4.262829486820002e-05,0.0
4.2638294468199994e-05,0.0166666666666666
4.264829406820002e-05,0.0166666666666666
4.26582936682e-05,0.0166666666666666
4.266829326820003e-05,0.0166666666666666
4.267829286830002e-05,0.0
4.2688292468299994e-05,0.0166666666666666
4.269829206830002e-05,0.0
4.27082916683e-05,0.0166666666666666
4.2718291268300027e-05,0.0
4.27282908683e-05,0.0
4.273829046830003e-05,0.0166666666666666
4.274829006840002e-05,0.0166666666666666
4.27582896684e-05,0.0166666666666666
4.2768289268400026e-05,0.0166666666666666
4.27782888684e-05,0.0
4.278828846840003e-05,0.0166666666666666
4.2798288068400005e-05,0.0166666666666666
4.28082876685e-05,0.0166666666666666
4.2818287268500026e-05,0.0166666666666666
4.28282868685e-05,0.0166666666666666
4.283828646850003e-05,0.0166666666666666
4.2848286068500004e-05,0.0
4.2858285668500033e-05,0.0166666666666666
4.2868285268600026e-05,0.0166666666666666
4.28782848686e-05,0.0166666666666666
4.288828446860003e-05,0.0166666666666666
4.2898284068600004e-05,0.0166666666666666
4.290828366860003e-05,0.0
4.291828326860001e-05,0.0166666666666666
4.29282828687e-05,0.0166666666666666
4.293828246870003e-05,0.0166666666666666
4.2948282068700004e-05,0.0166666666666666
4.295828166870003e-05,0.0166666666666666
4.296828126870001e-05,0.0166666666666666
4.2978280868700037e-05,0.0166666666666666
4.298828046870001e-05,0.0166666666666666
4.2998280068800004e-05,0.0166666666666666
4.300827966880003e-05,0.0
4.301827926880001e-05,0.0
4.3028278868800036e-05,0.0166666666666666
4.303827846880001e-05,0.0166666666666666
4.304827806880004e-05,0.0
4.305827766890003e-05,0.0166666666666666
4.306827726890001e-05,0.0166666666666666
4.3078276868900036e-05,0.0166666666666666
4.308827646890001e-05,0.0166666666666666
4.309827606890004e-05,0.0166666666666666
4.3108275668900015e-05,0.0166666666666666
4.311827526900001e-05,0.0
4.3128274869000036e-05,0.0166666666666666
4.313827446900001e-05,0.0166666666666666
4.314827406900004e-05,0.0166666666666666
4.3158273669000014e-05,0.0166666666666666
4.316827326900004e-05,0.0166666666666666
4.3178272869100036e-05,0.0166666666666666
4.318827246910001e-05,0.0
4.319827206910004e-05,0.0166666666666666
4.3208271669100014e-05,0.0166666666666666
4.321827126910004e-05,0.0166666666666666
4.322827086910002e-05,0.0166666666666666
4.323827046909999e-05,0.0166666666666666
4.324827006920004e-05,0.0166666666666666
4.3258269669200014e-05,0.0166666666666666
4.326826926920004e-05,0.0
4.327826886920002e-05,0.0166666666666666
4.328826846919999e-05,0.0166666666666666
4.329826806920002e-05,0.0166666666666666
4.3308267669300014e-05,0.0166666666666666
4.331826726930004e-05,0.0166666666666666
4.332826686930002e-05,0.0
4.333826646929999e-05,0.0166666666666666
4.334826606930002e-05,0.0166666666666666
4.3358265669299996e-05,0.0
4.336826526940004e-05,0.0166666666666666
4.337826486940002e-05,0.0166666666666666
4.338826446939999e-05,0.0166666666666666
4.339826406940002e-05,0.0166666666666666
4.3408263669399995e-05,0.0166666666666666
4.3418263269400024e-05,0.0166666666666666
4.342826286950002e-05,0.0166666666666666
4.343826246949999e-05,0.0166666666666666
4.344826206950002e-05,0.0166666666666666
4.3458261669499995e-05,0.0166666666666666
4.3468261269500024e-05,0.0166666666666666
4.34782608695e-05,0.0166666666666666
4.348826046950003e-05,0.0166666666666666
4.349826006960002e-05,0.0166666666666666
4.3508259669599995e-05,0.0166666666666666
4.3518259269600024e-05,0.0166666666666666
4.35282588696e-05,0.0166666666666666
4.353825846960003e-05,0.0166666666666666
4.35482580696e-05,0.0
4.3558257669699995e-05,0.0166666666666666
4.3568257269700024e-05,0.0166666666666666
4.35782568697e-05,0.0166666666666666
4.358825646970003e-05,0.0166666666666666
4.35982560697e-05,0.0
4.360825566970003e-05,0.0166666666666666
4.361825526980002e-05,0.0166666666666666
4.36282548698e-05,0.0166666666666666
4.363825446980003e-05,0.0166666666666666
4.36482540698e-05,0.0166666666666666
4.365825366980003e-05,0.0166666666666666
4.3668253269800005e-05,0.0166666666666666
4.36782528699e-05,0.0166666666666666
4.368825246990003e-05,0.0166666666666666
4.36982520699e-05,0.0166666666666666
4.370825166990003e-05,0.0166666666666666
4.3718251269900005e-05,0.0166666666666666
4.3728250869900034e-05,0.0166666666666666
4.373825046990001e-05,0.0166666666666666
4.374825007e-05,0.0
4.375824967000003e-05,0.0166666666666666
4.3768249270000005e-05,0.0
4.3778248870000034e-05,0.0166666666666666
4.378824847000001e-05,0.0166666666666666
4.379824807000004e-05,0.0166666666666666
4.380824767010003e-05,0.0166666666666666
4.3818247270100005e-05,0.0166666666666666
4.3828246870100034e-05,0.0166666666666666
4.383824647010001e-05,0.0166666666666666
4.384824607010004e-05,0.0166666666666666
4.385824567010001e-05,0.0166666666666666
4.3868245270200004e-05,0.0
4.3878244870200033e-05,0.0166666666666666
4.388824447020001e-05,0.0
4.389824407020004e-05,0.0166666666666666
4.390824367020001e-05,0.0
4.391824327020004e-05,0.0166666666666666
4.392824287030003e-05,0.0166666666666666
4.393824247030001e-05,0.0166666666666666
4.394824207030004e-05,0.0
4.395824167030001e-05,0.0166666666666666
4.396824127030004e-05,0.0166666666666666
4.3978240870300015e-05,0.0166666666666666
4.398824047029999e-05,0.0166666666666666
4.3998240070400037e-05,0.0166666666666666
4.400823967040001e-05,0.0166666666666666
4.401823927040004e-05,0.0166666666666666
4.4028238870400015e-05,0.0166666666666666
4.403823847039999e-05,0.0
4.404823807040002e-05,0.0166666666666666
4.405823767050001e-05,0.0166666666666666
4.406823727050004e-05,0.0166666666666666
4.4078236870500015e-05,0.0166666666666666
4.4088236470500044e-05,0.0166666666666666
4.409823607050002e-05,0.0166666666666666
4.410823567049999e-05,0.0166666666666666
4.411823527060004e-05,0.0166666666666666
4.4128234870600015e-05,0.0166666666666666
4.4138234470600043e-05,0.0166666666666666
4.414823407060002e-05,0.0166666666666666
4.415823367059999e-05,0.0166666666666666
4.416823327060002e-05,0.0
4.4178232870700014e-05,0.0166666666666666
4.418823247070004e-05,0.0166666666666666
4.419823207070002e-05,0.0166666666666666
4.420823167069999e-05,0.0166666666666666
4.421823127070002e-05,0.0166666666666666
4.4228230870699996e-05,0.0166666666666666
4.4238230470700025e-05,0.0166666666666666
4.424823007080002e-05,0.0166666666666666
4.425822967079999e-05,0.0166666666666666
4.426822927080002e-05,0.0
4.4278228870799996e-05,0.0166666666666666
4.4288228470800025e-05,0.0
4.42982280708e-05,0.0166666666666666
4.430822767089999e-05,0.0
4.431822727090002e-05,0.0166666666666666
4.4328226870899996e-05,0.0166666666666666
4.4338226470900025e-05,0.0
4.43482260709e-05,0.0166666666666666
4.435822567090003e-05,0.0166666666666666
4.436822527100002e-05,0.0166666666666666
4.4378224870999996e-05,0.0166666666666666
4.4388224471000025e-05,0.0166666666666666
4.4398224071e-05,0.0166666666666666
4.440822367100003e-05,0.0
4.4418223271e-05,0.0166666666666666
4.4428222871099995e-05,0.0166666666666666
4.4438222471100024e-05,0.0166666666666666
4.44482220711e-05,0.0166666666666666
4.445822167110003e-05,0.0166666666666666
4.44682212711e-05,0.0
4.447822087110003e-05,0.0166666666666666
4.4488220471100006e-05,0.0166666666666666
4.44982200712e-05,0.0166666666666666
4.450821967120003e-05,0.0166666666666666
4.45182192712e-05,0.0
4.452821887120003e-05,0.0166666666666666
4.4538218471200006e-05,0.0166666666666666
4.4548218071200035e-05,0.0166666666666666
4.455821767130003e-05,0.0166666666666666
4.45682172713e-05,0.0166666666666666
4.457821687130003e-05,0.0166666666666666
4.4588216471300006e-05,0.0166666666666666
4.4598216071300035e-05,0.0166666666666666
4.460821567130001e-05,0.0166666666666666
4.46182152714e-05,0.0166666666666666
4.462821487140003e-05,0.0166666666666666
4.4638214471400006e-05,0.0166666666666666
4.4648214071400035e-05,0.0166666666666666
4.465821367140001e-05,0.0
4.466821327140004e-05,0.0166666666666666
4.467821287150003e-05,0.0166666666666666
4.4688212471500005e-05,0.0166666666666666
4.4698212071500034e-05,0.0
4.470821167150001e-05,0.0166666666666666
4.471821127150004e-05,0.0166666666666666
4.472821087150001e-05,0.0
4.473821047150004e-05,0.0166666666666666
4.4748210071600034e-05,0.0166666666666666
4.475820967160001e-05,0.0
4.476820927160004e-05,0.0166666666666666
4.477820887160001e-05,0.0166666666666666
4.478820847160004e-05,0.0166666666666666
4.4798208071600016e-05,0.0166666666666666
4.480820767170001e-05,0.0166666666666666
4.481820727170004e-05,0.0166666666666666
4.482820687170001e-05,0.0166666666666666
4.483820647170004e-05,0.0166666666666666
4.4848206071700016e-05,0.0166666666666666
4.485820567169999e-05,0.0
4.486820527180004e-05,0.0
4.487820487180001e-05,0.0
4.488820447180004e-05,0.0
4.4898204071800016e-05,0.0166666666666666
4.490820367179999e-05,0.0166666666666666
4.491820327180002e-05,0.0166666666666666
4.492820287190001e-05,0.0
4.493820247190004e-05,0.0
4.4948202071900015e-05,0.0166666666666666
4.495820167189999e-05,0.0166666666666666
4.496820127190002e-05,0.0166666666666666
4.4978200871899994e-05,0.0166666666666666
4.498820047190002e-05,0.0166666666666666
4.4998200072000015e-05,0.0166666666666666
4.500819967199999e-05,0.0166666666666666
4.501819927200002e-05,0.0166666666666666
4.5028198871999994e-05,0.0166666666666666
4.503819847200002e-05,0.0
4.5048198072e-05,0.0166666666666666
4.505819767209999e-05,0.0166666666666666
4.506819727210002e-05,0.0166666666666666
4.5078196872099993e-05,0.0166666666666666
4.508819647210002e-05,0.0166666666666666
4.50981960721e-05,0.0166666666666666
4.5108195672100026e-05,0.0166666666666666
4.511819527220002e-05,0.0166666666666666
4.512819487219999e-05,0.0166666666666666
4.513819447220002e-05,0.0166666666666666
4.51481940722e-05,0.0166666666666666
4.5158193672200026e-05,0.0166666666666666
4.51681932722e-05,0.0
4.517819287229999e-05,0.0166666666666666
4.518819247230002e-05,0.0166666666666666
4.5198192072299997e-05,0.0166666666666666
4.5208191672300026e-05,0.0166666666666666
4.52181912723e-05,0.0166666666666666
4.522819087230003e-05,0.0
4.5238190472300004e-05,0.0
4.5248190072399996e-05,0.0166666666666666
4.5258189672400025e-05,0.0166666666666666
4.52681892724e-05,0.0166666666666666
4.527818887240003e-05,0.0166666666666666
4.5288188472400004e-05,0.0166666666666666
4.529818807240003e-05,0.0166666666666666
4.5308187672500025e-05,0.0166666666666666
4.53181872725e-05,0.0166666666666666
4.532818687250003e-05,0.0166666666666666
4.5338186472500003e-05,0.0166666666666666
4.534818607250003e-05,0.0166666666666666
4.535818567250001e-05,0.0
4.53681852726e-05,0.0166666666666666
4.537818487260003e-05,0.0
4.53881844726e-05,0.0166666666666666
4.539818407260003e-05,0.0166666666666666
4.540818367260001e-05,0.0166666666666666
4.5418183272600036e-05,0.0166666666666666
4.542818287270003e-05,0.0166666666666666
4.54381824727e-05,0.0166666666666666
4.544818207270003e-05,0.0166666666666666
4.545818167270001e-05,0.0166666666666666
4.5468181272700036e-05,0.0166666666666666
4.547818087270001e-05,0.0
4.548818047270004e-05,0.0166666666666666
4.549818007280003e-05,0.0
4.5508179672800006e-05,0.0166666666666666
4.5518179272800035e-05,0.0333333333333332
4.552817887280001e-05,0.0
4.553817847280004e-05,0.0166666666666666
4.5548178072800014e-05,0.0166666666666666
4.5558177672900006e-05,0.0166666666666666
4.5568177272900035e-05,0.0166666666666666
4.557817687290001e-05,0.0166666666666666
4.558817647290004e-05,0.0
4.5598176072900014e-05,0.0166666666666666
4.560817567290004e-05,0.0166666666666666
4.5618175273000035e-05,0.0166666666666666
4.562817487300001e-05,0.0166666666666666
4.563817447300004e-05,0.0166666666666666
4.564817407300001e-05,0.0
4.565817367300004e-05,0.0166666666666666
4.566817327300002e-05,0.0166666666666666
4.567817287310001e-05,0.0166666666666666
4.568817247310004e-05,0.0166666666666666
4.569817207310001e-05,0.0166666666666666
4.570817167310004e-05,0.0166666666666666
4.571817127310002e-05,0.0166666666666666
4.572817087309999e-05,0.0166666666666666
4.573817047310002e-05,0.0166666666666666
4.574817007320001e-05,0.0166666666666666
4.575816967320004e-05,0.0166666666666666
4.5768169273200016e-05,0.0
4.577816887319999e-05,0.0166666666666666
4.578816847320002e-05,0.0166666666666666
4.5798168073199995e-05,0.0166666666666666
4.580816767330004e-05,0.0166666666666666
4.5818167273300016e-05,0.0166666666666666
4.582816687329999e-05,0.0166666666666666
4.583816647330002e-05,0.0166666666666666
4.5848166073299995e-05,0.0166666666666666
4.5858165673300024e-05,0.0166666666666666
4.5868165273400016e-05,0.0166666666666666
4.587816487339999e-05,0.0166666666666666
4.588816447340002e-05,0.0166666666666666
4.5898164073399994e-05,0.0166666666666666
4.590816367340002e-05,0.0
4.59181632734e-05,0.0166666666666666
4.592816287349999e-05,0.0166666666666666
4.593816247350002e-05,0.0166666666666666
4.5948162073499994e-05,0.0166666666666666
4.595816167350002e-05,0.0
4.59681612735e-05,0.0166666666666666
4.597816087350003e-05,0.0166666666666666
4.59881604735e-05,0.0166666666666666
4.5998160073599994e-05,0.0166666666666666
4.600815967360002e-05,0.0166666666666666
4.60181592736e-05,0.0166666666666666
4.6028158873600027e-05,0.0166666666666666
4.60381584736e-05,0.0166666666666666
4.604815807360003e-05,0.0166666666666666
4.605815767370002e-05,0.0166666666666666
4.60681572737e-05,0.0166666666666666
4.6078156873700026e-05,0.0166666666666666
4.60881564737e-05,0.0166666666666666
4.609815607370003e-05,0.0166666666666666
4.6108155673700005e-05,0.0166666666666666
4.61181552738e-05,0.0166666666666666
4.6128154873800026e-05,0.0166666666666666
4.61381544738e-05,0.0166666666666666
4.614815407380003e-05,0.0166666666666666
4.6158153673800004e-05,0.0166666666666666
4.6168153273800033e-05,0.0166666666666666
4.6178152873900026e-05,0.0166666666666666
4.61881524739e-05,0.0166666666666666
4.619815207390003e-05,0.0166666666666666
4.6208151673900004e-05,0.0
4.621815127390003e-05,0.0166666666666666
4.622815087390001e-05,0.0166666666666666
4.623815047390004e-05,0.0166666666666666
4.624815007400003e-05,0.0166666666666666
4.6258149674000004e-05,0.0166666666666666
4.626814927400003e-05,0.0166666666666666
4.627814887400001e-05,0.0166666666666666
4.6288148474000037e-05,0.0
4.629814807400001e-05,0.0166666666666666
4.6308147674100004e-05,0.0
4.631814727410003e-05,0.0166666666666666
4.632814687410001e-05,0.0166666666666666
4.6338146474100036e-05,0.0166666666666666
4.634814607410001e-05,0.0166666666666666
4.635814567410004e-05,0.0166666666666666
4.636814527420003e-05,0.0166666666666666
4.637814487420001e-05,0.0
4.6388144474200036e-05,0.0166666666666666
4.639814407420001e-05,0.0166666666666666
4.640814367420004e-05,0.0
4.6418143274200015e-05,0.0166666666666666
4.642814287430001e-05,0.0
4.6438142474300036e-05,0.0166666666666666
4.644814207430001e-05,0.0166666666666666
4.645814167430004e-05,0.0333333333333332
4.6468141274300014e-05,0.0166666666666666
4.647814087430004e-05,0.0
4.648814047430002e-05,0.0
4.649814007440001e-05,0.0166666666666666
4.650813967440004e-05,0.0166666666666666
4.6518139274400014e-05,0.0166666666666666
4.652813887440004e-05,0.0166666666666666
4.653813847440002e-05,0.0166666666666666
4.654813807439999e-05,0.0
4.655813767450004e-05,0.0
4.6568137274500014e-05,0.0166666666666666
4.657813687450004e-05,0.0166666666666666
4.658813647450002e-05,0.0166666666666666
4.659813607449999e-05,0.0166666666666666
4.660813567450002e-05,0.0166666666666666
4.6618135274600014e-05,0.0
4.662813487460004e-05,0.0
4.663813447460002e-05,0.0
4.664813407459999e-05,0.0333333333333332
4.665813367460002e-05,0.0166666666666666
4.6668133274599996e-05,0.0166666666666666
4.667813287470004e-05,0.0166666666666666
4.668813247470002e-05,0.0
4.669813207469999e-05,0.0
4.670813167470002e-05,0.0166666666666666
4.6718131274699995e-05,0.0166666666666666
4.6728130874700024e-05,0.0166666666666666
4.67381304747e-05,0.0166666666666666
4.674813007479999e-05,0.0166666666666666
4.675812967480002e-05,0.0166666666666666
4.6768129274799995e-05,0.0166666666666666
4.6778128874800024e-05,0.0166666666666666
4.67881284748e-05,0.0166666666666666
4.679812807480003e-05,0.0166666666666666
4.680812767490002e-05,0.0
4.6818127274899995e-05,0.0
4.6828126874900024e-05,0.0166666666666666
4.68381264749e-05,0.0333333333333332
4.684812607490003e-05,0.0166666666666666
4.68581256749e-05,0.0166666666666666
4.6868125274999995e-05,0.0
4.6878124875000024e-05,0.0166666666666666
4.6888124475e-05,0.0166666666666666
4.689812407500003e-05,0.0166666666666666
4.6908123675e-05,0.0166666666666666
4.691812327500003e-05,0.0166666666666666
4.692812287510002e-05,0.0166666666666666
4.69381224751e-05,0.0166666666666666
4.694812207510003e-05,0.0166666666666666
4.69581216751e-05,0.0333333333333332
4.696812127510003e-05,0.0166666666666666
4.6978120875100005e-05,0.0166666666666666
4.6988120475100034e-05,0.0166666666666666
4.699812007520003e-05,0.0166666666666666
4.70081196752e-05,0.0166666666666666
4.701811927520003e-05,0.0166666666666666
4.7028118875200005e-05,0.0
4.7038118475200034e-05,0.0166666666666666
4.704811807520001e-05,0.0166666666666666
4.70581176753e-05,0.0166666666666666
4.706811727530003e-05,0.0166666666666666
4.7078116875300005e-05,0.0166666666666666
4.7088116475300034e-05,0.0166666666666666
4.709811607530001e-05,0.0
4.710811567530004e-05,0.0
4.711811527540003e-05,0.0166666666666666
4.7128114875400005e-05,0.0
4.7138114475400034e-05,0.0
4.714811407540001e-05,0.0166666666666666
4.715811367540004e-05,0.0
4.716811327540001e-05,0.0
4.7178112875500004e-05,0.0
4.718811247550003e-05,0.0166666666666666
4.719811207550001e-05,0.0166666666666666
4.720811167550004e-05,0.0166666666666666
4.721811127550001e-05,0.0166666666666666
4.722811087550004e-05,0.0166666666666666
4.7238110475500015e-05,0.0166666666666666
4.724811007560001e-05,0.0166666666666666
4.725810967560004e-05,0.0166666666666666
4.726810927560001e-05,0.0166666666666666
4.727810887560004e-05,0.0166666666666666
4.7288108475600015e-05,0.0166666666666666
4.729810807559999e-05,0.0166666666666666
4.7308107675700037e-05,0.0166666666666666
4.731810727570001e-05,0.0166666666666666
4.732810687570004e-05,0.0166666666666666
4.7338106475700015e-05,0.0166666666666666
4.734810607569999e-05,0.0166666666666666
4.735810567570002e-05,0.0166666666666666
4.736810527580001e-05,0.0166666666666666
4.737810487580004e-05,0.0
4.7388104475800015e-05,0.0
4.7398104075800044e-05,0.0
4.740810367580002e-05,0.0
4.741810327579999e-05,0.0
4.742810287590004e-05,0.0166666666666666
4.7438102475900014e-05,0.0166666666666666
4.7448102075900043e-05,0.0
4.745810167590002e-05,0.0166666666666666
4.746810127589999e-05,0.0166666666666666
4.747810087590002e-05,0.0166666666666666
4.7488100475899997e-05,0.0166666666666666
4.749810007600004e-05,0.0333333333333332
4.750809967600002e-05,0.0333333333333332
4.751809927599999e-05,0.0166666666666666
4.752809887600002e-05,0.0166666666666666
4.7538098475999996e-05,0.0166666666666666
4.7548098076000025e-05,0.0166666666666666
4.755809767610002e-05,0.0166666666666666
4.756809727609999e-05,0.0
4.757809687610002e-05,-0.0166666666666666
4.7588096476099996e-05,-0.0166666666666666
4.7598096076100025e-05,0.0
4.76080956761e-05,0.0
4.761809527619999e-05,0.0
4.762809487620002e-05,0.0
4.7638094476199996e-05,0.0
4.7648094076200025e-05,0.0166666666666666
4.76580936762e-05,0.0166666666666666
4.766809327620003e-05,0.0333333333333332
4.767809287630002e-05,0.0333333333333332
4.7688092476299996e-05,0.0333333333333332
4.7698092076300025e-05,0.0333333333333332
4.77080916763e-05,0.0333333333333332
4.771809127630003e-05,0.0333333333333332
4.77280908763e-05,0.0166666666666666
4.773809047630003e-05,0.0166666666666666
4.7748090076400024e-05,0.0
4.77580896764e-05,0.0
4.776808927640003e-05,-0.0166666666666666
4.77780888764e-05,-0.0166666666666666
4.778808847640003e-05,0.0
4.7798088076400006e-05,0.0
4.78080876765e-05,0.0
4.781808727650003e-05,0.0
4.78280868765e-05,0.0166666666666666
4.783808647650003e-05,0.0166666666666666
4.7848086076500006e-05,0.0333333333333332
4.7858085676500035e-05,0.0166666666666666
4.786808527660003e-05,0.0333333333333332
4.78780848766e-05,0.0166666666666666
4.788808447660003e-05,0.0166666666666666
4.7898084076600006e-05,0.0
4.7908083676600035e-05,0.0166666666666666
4.791808327660001e-05,0.0166666666666666
4.79280828767e-05,0.0166666666666666
4.793808247670003e-05,0.0
4.7948082076700006e-05,0.0
4.7958081676700035e-05,0.0
4.796808127670001e-05,0.0
4.797808087670004e-05,0.0166666666666666
4.798808047670001e-05,0.0166666666666666
4.7998080076800005e-05,0.0166666666666666
4.8008079676800034e-05,0.0166666666666666
4.801807927680001e-05,0.0333333333333332
4.802807887680004e-05,0.0166666666666666
4.803807847680001e-05,0.0333333333333332
4.804807807680004e-05,0.0166666666666666
4.8058077676900034e-05,0.0166666666666666
4.806807727690001e-05,0.0
4.807807687690004e-05,0.0166666666666666
4.808807647690001e-05,0.0166666666666666
4.809807607690004e-05,0.0166666666666666
4.8108075676900016e-05,0.0166666666666666
4.811807527700001e-05,0.0166666666666666
4.812807487700004e-05,0.0
4.813807447700001e-05,0.0
4.814807407700004e-05,0.0
4.8158073677000016e-05,0.0166666666666666
4.816807327699999e-05,0.0333333333333332
4.817807287710004e-05,0.0166666666666666
4.818807247710001e-05,0.0166666666666666
4.819807207710004e-05,0.0
4.8208071677100016e-05,0.0166666666666666
4.821807127709999e-05,0.0166666666666666
4.822807087710002e-05,0.0
4.8238070477099994e-05,0.0166666666666666
4.824807007720004e-05,0.0166666666666666
4.8258069677200015e-05,0.0166666666666666
4.826806927719999e-05,0.0166666666666666
4.827806887720002e-05,0.0166666666666666
4.8288068477199994e-05,0.0166666666666666
4.829806807720002e-05,0.0166666666666666
4.8308067677300015e-05,0.0166666666666666
4.831806727729999e-05,0.0166666666666666
4.832806687730002e-05,0.0166666666666666
4.8338066477299994e-05,0.0166666666666666
4.834806607730002e-05,0.0166666666666666
4.83580656773e-05,0.0166666666666666
4.836806527739999e-05,0.0166666666666666
4.837806487740002e-05,0.0
4.8388064477399993e-05,0.0
4.839806407740002e-05,0.0166666666666666
4.84080636774e-05,0.0
4.8418063277400026e-05,0.0
4.842806287750002e-05,0.0
4.843806247749999e-05,0.0
4.844806207750002e-05,0.0
4.84580616775e-05,0.0166666666666666
4.8468061277500026e-05,0.0166666666666666
4.84780608775e-05,0.0166666666666666
4.848806047750003e-05,0.0333333333333332
4.849806007760002e-05,0.0166666666666666
4.8508059677599997e-05,0.0166666666666666
4.8518059277600026e-05,0.0166666666666666
4.85280588776e-05,0.0166666666666666
4.853805847760003e-05,0.0333333333333332
4.8548058077600004e-05,0.0166666666666666
4.8558057677699996e-05,0.0166666666666666
4.8568057277700025e-05,0.0166666666666666
4.85780568777e-05,0.0166666666666666
4.858805647770003e-05,0.0
4.8598056077700004e-05,0.0
4.860805567770003e-05,0.0
4.8618055277800025e-05,0.0
4.86280548778e-05,0.0
4.863805447780003e-05,0.0
4.8648054077800003e-05,0.0166666666666666
4.865805367780003e-05,0.0166666666666666
4.866805327780001e-05,0.0166666666666666
4.86780528779e-05,0.0166666666666666
4.868805247790003e-05,0.0166666666666666
4.86980520779e-05,0.0333333333333332
4.870805167790003e-05,0.0166666666666666
4.871805127790001e-05,0.0333333333333332
4.8728050877900036e-05,0.0166666666666666
4.873805047790001e-05,0.0166666666666666
4.8748050078e-05,0.0166666666666666
4.875804967800003e-05,0.0166666666666666
4.876804927800001e-05,0.0166666666666666
4.8778048878000036e-05,0.0166666666666666
4.878804847800001e-05,0.0
4.879804807800004e-05,0.0
4.880804767810003e-05,0.0
4.8818047278100006e-05,0.0166666666666666
4.8828046878100035e-05,0.0166666666666666
4.883804647810001e-05,0.0166666666666666
4.884804607810004e-05,0.0166666666666666
4.8858045678100014e-05,0.0166666666666666
4.8868045278200006e-05,0.0166666666666666
4.8878044878200035e-05,0.0166666666666666
4.888804447820001e-05,0.0333333333333332
4.889804407820004e-05,0.0166666666666666
4.8908043678200014e-05,0.0166666666666666
4.891804327820004e-05,0.0166666666666666
4.8928042878300035e-05,0.0166666666666666
4.893804247830001e-05,0.0166666666666666
4.894804207830004e-05,0.0
4.895804167830001e-05,0.0
4.896804127830004e-05,0.0
4.897804087830002e-05,0.0
4.898804047829999e-05,0.0
4.899804007840004e-05,0.0
4.900803967840001e-05,0.0166666666666666
4.901803927840004e-05,0.0166666666666666
4.902803887840002e-05,0.0166666666666666
4.903803847839999e-05,0.0166666666666666
4.904803807840002e-05,0.0166666666666666
4.905803767850001e-05,0.0166666666666666
4.906803727850004e-05,0.0166666666666666
4.9078036878500016e-05,0.0333333333333332
4.908803647849999e-05,0.0166666666666666
4.909803607850002e-05,0.0166666666666666
4.9108035678499995e-05,0.0166666666666666
4.911803527860004e-05,0.0166666666666666
4.9128034878600016e-05,0.0
4.913803447859999e-05,0.0166666666666666
4.914803407860002e-05,0.0
4.9158033678599995e-05,0.0
4.9168033278600024e-05,0.0
4.9178032878700016e-05,0.0166666666666666
4.918803247869999e-05,0.0
4.919803207870002e-05,0.0
4.9208031678699994e-05,0.0166666666666666
4.921803127870002e-05,0.0
4.92280308787e-05,0.0166666666666666
4.923803047870003e-05,0.0166666666666666
4.924803007880002e-05,0.0166666666666666
4.9258029678799994e-05,0.0166666666666666
4.926802927880002e-05,0.0333333333333332
4.92780288788e-05,0.0166666666666666
4.928802847880003e-05,0.0166666666666666
4.92980280788e-05,0.0166666666666666
4.9308027678899994e-05,0.0166666666666666
4.931802727890002e-05,0.0166666666666666
4.93280268789e-05,0.0
4.9338026478900027e-05,0.0166666666666666
4.93480260789e-05,0.0
4.935802567890003e-05,0.0
4.936802527900002e-05,0.0
4.9378024879e-05,0.0166666666666666
4.9388024479000026e-05,0.0
4.9398024079e-05,0.0166666666666666
4.940802367900003e-05,0.0166666666666666
4.9418023279000005e-05,0.0166666666666666
4.94280228791e-05,0.0166666666666666
4.9438022479100026e-05,0.0166666666666666
4.94480220791e-05,0.0166666666666666
4.945802167910003e-05,0.0166666666666666
4.9468021279100004e-05,0.0166666666666666
4.947802087910003e-05,0.0166666666666666
4.948802047910001e-05,0.0166666666666666
4.94980200792e-05,0.0166666666666666
4.950801967920003e-05,0.0166666666666666
4.9518019279200004e-05,0.0166666666666666
4.952801887920003e-05,0.0166666666666666
4.953801847920001e-05,0.0
4.954801807920004e-05,0.0
4.955801767930003e-05,0.0
4.9568017279300004e-05,0.0166666666666666
4.957801687930003e-05,0.0
4.958801647930001e-05,0.0166666666666666
4.9598016079300037e-05,0.0166666666666666
4.960801567930001e-05,0.0
4.9618015279400004e-05,0.0166666666666666
4.962801487940003e-05,0.0166666666666666
4.963801447940001e-05,0.0166666666666666
4.9648014079400036e-05,0.0166666666666666
4.965801367940001e-05,0.0166666666666666
4.966801327940004e-05,0.0166666666666666
4.967801287950003e-05,0.0
4.968801247950001e-05,0.0166666666666666
4.9698012079500036e-05,0.0166666666666666
4.970801167950001e-05,0.0166666666666666
4.971801127950004e-05,0.0166666666666666
4.9728010879500014e-05,0.0
4.9738010479500043e-05,0.0166666666666666
4.9748010079600036e-05,0.0
4.975800967960001e-05,0.0166666666666666
4.976800927960004e-05,0.0166666666666666
4.9778008879600014e-05,0.0166666666666666
4.978800847960004e-05,0.0166666666666666
4.979800807960002e-05,0.0166666666666666
4.980800767970001e-05,0.0166666666666666
4.981800727970004e-05,0.0166666666666666
4.9828006879700014e-05,0.0166666666666666
4.983800647970004e-05,0.0166666666666666
4.984800607970002e-05,0.0166666666666666
4.985800567969999e-05,0.0166666666666666
4.986800527980004e-05,0.0166666666666666
4.9878004879800014e-05,0.0
4.988800447980004e-05,0.0166666666666666
4.989800407980002e-05,0.0166666666666666
4.990800367979999e-05,0.0
4.991800327980002e-05,0.0
4.9928002879900014e-05,0.0
4.993800247990004e-05,0.0
4.994800207990002e-05,0.0
4.995800167989999e-05,0.0166666666666666
4.996800127990002e-05,0.0166666666666666
4.9978000879899996e-05,0.0166666666666666
4.9988000479900025e-05,0.0166666666666666
4.999800008000002e-05,0.0166666666666666
5.000799967999999e-05,0.0166666666666666
5.001799928000002e-05,0.0166666666666666
5.0027998879999995e-05,0.0
5.0037998480000024e-05,0.0166666666666666
5.004799808e-05,0.0166666666666666
5.005799768009999e-05,0.0166666666666666
5.006799728010002e-05,0.0333333333333332
5.0077996880099995e-05,0.0166666666666666
5.0087996480100024e-05,0.0
5.00979960801e-05,0.0166666666666666
5.010799568010003e-05,0.0166666666666666
5.011799528020002e-05,0.0166666666666666
5.0127994880199995e-05,0.0166666666666666
5.0137994480200024e-05,0.0
5.01479940802e-05,0.0
5.015799368020003e-05,0.0
5.01679932802e-05,0.0166666666666666
5.0177992880299995e-05,0.0166666666666666
5.0187992480300024e-05,0.0
5.01979920803e-05,0.0166666666666666
5.020799168030003e-05,0.0166666666666666
5.02179912803e-05,0.0166666666666666
5.022799088030003e-05,0.0166666666666666
5.0237990480300006e-05,0.0166666666666666
5.02479900804e-05,0.0166666666666666
5.025798968040003e-05,0.0166666666666666
5.02679892804e-05,0.0166666666666666
5.027798888040003e-05,0.0166666666666666
5.0287988480400005e-05,0.0166666666666666
5.0297988080400034e-05,0.0166666666666666
5.030798768050003e-05,0.0
5.03179872805e-05,0.0166666666666666
5.032798688050003e-05,0.0166666666666666
5.0337986480500005e-05,0.0
5.0347986080500034e-05,0.0166666666666666
5.035798568050001e-05,0.0166666666666666
5.03679852806e-05,0.0166666666666666
5.037798488060003e-05,0.0166666666666666
5.0387984480600005e-05,0.0166666666666666
5.0397984080600034e-05,0.0166666666666666
5.040798368060001e-05,0.0166666666666666
5.041798328060004e-05,0.0166666666666666
5.042798288070003e-05,0.0166666666666666
5.0437982480700005e-05,0.0166666666666666
5.0447982080700034e-05,0.0166666666666666
5.045798168070001e-05,0.0
5.046798128070004e-05,0.0166666666666666
5.047798088070001e-05,0.0166666666666666
5.048798048070004e-05,0.0
5.049798008080003e-05,0.0166666666666666
5.050797968080001e-05,0.0
5.051797928080004e-05,0.0166666666666666
5.052797888080001e-05,0.0166666666666666
5.053797848080004e-05,0.0166666666666666
5.0547978080800015e-05,0.0166666666666666
5.055797768090001e-05,0.0
5.056797728090004e-05,0.0166666666666666
5.057797688090001e-05,0.0166666666666666
5.058797648090004e-05,0.0166666666666666
5.0597976080900015e-05,0.0
5.060797568089999e-05,0.0166666666666666
5.0617975281000037e-05,0.0166666666666666
5.062797488100001e-05,0.0166666666666666
5.063797448100004e-05,0.0166666666666666
5.0647974081000015e-05,0.0
5.065797368099999e-05,0.0166666666666666
5.066797328100002e-05,0.0166666666666666
5.067797288110001e-05,0.0
5.068797248110004e-05,0.0166666666666666
5.0697972081100015e-05,0.0166666666666666
5.0707971681100044e-05,0.0166666666666666
5.071797128110002e-05,0.0166666666666666
5.072797088109999e-05,0.0166666666666666
5.073797048110002e-05,0.0
5.0747970081200014e-05,0.0
5.0757969681200043e-05,0.0166666666666666
5.076796928120002e-05,0.0166666666666666
5.077796888119999e-05,0.0166666666666666
5.078796848120002e-05,0.0166666666666666
5.0797968081199997e-05,0.0166666666666666
5.080796768130004e-05,0.0
5.081796728130002e-05,0.0
5.082796688129999e-05,0.0166666666666666
5.083796648130002e-05,0.0166666666666666
5.0847966081299996e-05,0.0166666666666666
5.0857965681300025e-05,0.0166666666666666
5.086796528140002e-05,0.0166666666666666
5.087796488139999e-05,0.0
5.088796448140002e-05,0.0166666666666666
5.0897964081399996e-05,0.0166666666666666
5.0907963681400025e-05,0.0166666666666666
5.09179632814e-05,0.0166666666666666
5.092796288149999e-05,0.0166666666666666
5.093796248150002e-05,0.0166666666666666
5.0947962081499996e-05,0.0166666666666666
5.0957961681500025e-05,0.0166666666666666
5.09679612815e-05,0.0
5.097796088150003e-05,0.0166666666666666
5.09879604815e-05,0.0166666666666666
5.0997960081599996e-05,0.0166666666666666
5.1007959681600025e-05,0.0166666666666666
5.10179592816e-05,0.0166666666666666
5.102795888160003e-05,0.0
5.10379584816e-05,0.0166666666666666
5.104795808160003e-05,0.0166666666666666
5.1057957681700024e-05,0.0166666666666666
5.10679572817e-05,0.0166666666666666
5.107795688170003e-05,0.0166666666666666
5.10879564817e-05,0.0166666666666666
5.109795608170003e-05,0.0166666666666666
5.1107955681700006e-05,0.0166666666666666
5.11179552818e-05,0.0
5.112795488180003e-05,0.0166666666666666
5.11379544818e-05,0.0166666666666666
5.114795408180003e-05,0.0166666666666666
5.1157953681800006e-05,0.0166666666666666
5.1167953281800035e-05,0.0
5.117795288190003e-05,0.0166666666666666
5.11879524819e-05,0.0166666666666666
5.119795208190003e-05,0.0
5.1207951681900006e-05,0.0166666666666666
5.1217951281900035e-05,0.0166666666666666
5.122795088190001e-05,0.0166666666666666
5.123795048190004e-05,0.0
5.124795008200003e-05,0.0
5.1257949682000006e-05,0.0166666666666666
5.1267949282000035e-05,0.0166666666666666
5.127794888200001e-05,0.0
5.128794848200004e-05,0.0166666666666666
5.129794808200001e-05,0.0
5.1307947682100005e-05,0.0166666666666666
5.1317947282100034e-05,0.0166666666666666
5.132794688210001e-05,0.0
5.133794648210004e-05,0.0166666666666666
5.134794608210001e-05,0.0
5.135794568210004e-05,0.0
5.1367945282200034e-05,0.0166666666666666
5.137794488220001e-05,0.0166666666666666
5.138794448220004e-05,0.0166666666666666
5.139794408220001e-05,0.0166666666666666
5.140794368220004e-05,0.0166666666666666
5.1417943282200016e-05,0.0166666666666666
5.142794288230001e-05,0.0166666666666666
5.143794248230004e-05,0.0166666666666666
5.144794208230001e-05,0.0166666666666666
5.145794168230004e-05,0.0166666666666666
5.1467941282300016e-05,0.0166666666666666
5.147794088229999e-05,0.0166666666666666
5.148794048230002e-05,0.0166666666666666
5.149794008240001e-05,0.0
5.150793968240004e-05,0.0166666666666666
5.1517939282400016e-05,0.0
5.152793888239999e-05,0.0166666666666666
5.153793848240002e-05,0.0166666666666666
5.1547938082399994e-05,0.0166666666666666
5.155793768250004e-05,0.0166666666666666
5.1567937282500015e-05,0.0166666666666666
5.157793688249999e-05,0.0166666666666666
5.158793648250002e-05,0.0
5.1597936082499994e-05,0.0166666666666666
5.160793568250002e-05,0.0166666666666666
5.1617935282600015e-05,0.0166666666666666
5.162793488259999e-05,0.0166666666666666
5.163793448260002e-05,0.0166666666666666
5.1647934082599994e-05,0.0166666666666666
5.165793368260002e-05,0.0166666666666666
5.16679332826e-05,0.0166666666666666
5.167793288269999e-05,0.0
5.168793248270002e-05,0.0166666666666666
5.169793208269999e-05,0.0
5.170793168270002e-05,0.0
5.17179312827e-05,0.0166666666666666
5.1727930882700026e-05,0.0166666666666666
5.17379304827e-05,0.0
5.174793008279999e-05,0.0166666666666666
5.175792968280002e-05,0.0166666666666666
5.17679292828e-05,0.0
5.1777928882800026e-05,0.0166666666666666
5.17879284828e-05,0.0
5.179792808280003e-05,0.0166666666666666
5.180792768290002e-05,0.0166666666666666
5.1817927282899997e-05,0.0166666666666666
5.1827926882900026e-05,0.0
5.18379264829e-05,0.0166666666666666
5.184792608290003e-05,0.0166666666666666
5.1857925682900004e-05,0.0166666666666666
5.1867925282999996e-05,0.0166666666666666
5.1877924883000025e-05,0.0
5.1887924483e-05,0.0166666666666666
5.189792408300003e-05,0.0166666666666666
5.1907923683000004e-05,0.0166666666666666
5.191792328300003e-05,0.0166666666666666
5.1927922883100025e-05,0.0166666666666666
5.19379224831e-05,0.0166666666666666
5.194792208310003e-05,0.0
5.1957921683100003e-05,0.0166666666666666
5.196792128310003e-05,0.0
5.197792088310001e-05,0.0166666666666666
5.1987920483100036e-05,0.0166666666666666
5.199792008320003e-05,0.0
5.20079196832e-05,0.0
5.201791928320003e-05,0.0166666666666666
5.202791888320001e-05,0.0166666666666666
5.2037918483200036e-05,0.0
5.204791808320001e-05,0.0
5.20579176833e-05,0.0166666666666666
5.206791728330003e-05,0.0
5.207791688330001e-05,0.0
5.2087916483300036e-05,0.0166666666666666
5.209791608330001e-05,0.0
5.210791568330004e-05,0.0166666666666666
5.211791528340003e-05,0.0
5.2127914883400006e-05,0.0
5.2137914483400035e-05,0.0166666666666666
5.214791408340001e-05,0.0166666666666666
5.215791368340004e-05,0.0166666666666666
5.2167913283400014e-05,0.0166666666666666
5.2177912883500006e-05,0.0166666666666666
5.2187912483500035e-05,0.0166666666666666
5.219791208350001e-05,0.0166666666666666
5.220791168350004e-05,0.0166666666666666
5.2217911283500013e-05,0.0166666666666666
5.222791088350004e-05,0.0
5.223791048350002e-05,0.0166666666666666
5.224791008360001e-05,0.0166666666666666
5.225790968360004e-05,0.0166666666666666
5.226790928360001e-05,0.0166666666666666
5.227790888360004e-05,0.0166666666666666
5.228790848360002e-05,0.0
5.229790808359999e-05,0.0
5.230790768370004e-05,0.0166666666666666
5.231790728370001e-05,0.0166666666666666
5.232790688370004e-05,0.0
5.233790648370002e-05,0.0166666666666666
5.234790608369999e-05,0.0166666666666666
5.235790568370002e-05,0.0166666666666666
5.236790528380001e-05,0.0
5.237790488380004e-05,0.0166666666666666
5.2387904483800016e-05,0.0
5.239790408379999e-05,0.0
5.240790368380002e-05,0.0166666666666666
5.2417903283799995e-05,0.0166666666666666
5.242790288390004e-05,0.0166666666666666
5.2437902483900016e-05,0.0166666666666666
5.244790208389999e-05,0.0166666666666666
5.245790168390002e-05,0.0166666666666666
5.2467901283899995e-05,0.0166666666666666
5.2477900883900024e-05,0.0
5.24879004839e-05,0.0
5.249790008399999e-05,0.0166666666666666
5.250789968400002e-05,0.0
5.2517899283999994e-05,0.0166666666666666
5.252789888400002e-05,0.0166666666666666
5.2537898484e-05,0.0166666666666666
5.254789808400003e-05,0.0166666666666666
5.255789768410002e-05,0.0166666666666666
5.2567897284099994e-05,0.0166666666666666
5.257789688410002e-05,0.0166666666666666
5.25878964841e-05,0.0166666666666666
5.259789608410003e-05,0.0166666666666666
5.26078956841e-05,0.0166666666666666
5.2617895284199994e-05,0.0166666666666666
5.262789488420002e-05,0.0166666666666666
5.26378944842e-05,0.0166666666666666
5.2647894084200026e-05,0.0166666666666666
5.26578936842e-05,0.0166666666666666
5.266789328420003e-05,0.0166666666666666
5.267789288430002e-05,0.0166666666666666
5.26878924843e-05,0.0166666666666666
5.2697892084300026e-05,0.0166666666666666
5.27078916843e-05,0.0
5.271789128430003e-05,0.0166666666666666
5.2727890884300005e-05,0.0166666666666666
5.2737890484300034e-05,0.0166666666666666
5.2747890084400026e-05,0.0166666666666666
5.27578896844e-05,0.0166666666666666
5.276788928440003e-05,0.0166666666666666
5.2777888884400004e-05,0.0166666666666666
5.278788848440003e-05,0.0166666666666666
5.279788808440001e-05,0.0
5.28078876845e-05,0.0
5.281788728450003e-05,0.0166666666666666
5.2827886884500004e-05,0.0
5.283788648450003e-05,0.0166666666666666
5.284788608450001e-05,0.0
5.285788568450004e-05,0.0166666666666666
5.286788528460003e-05,0.0166666666666666
5.2877884884600004e-05,0.0166666666666666
5.288788448460003e-05,0.0166666666666666
5.289788408460001e-05,0.0166666666666666
5.2907883684600037e-05,0.0
5.291788328460001e-05,0.0
5.2927882884700004e-05,0.0
5.293788248470003e-05,0.0166666666666666
5.294788208470001e-05,0.0166666666666666
5.2957881684700036e-05,0.0166666666666666
5.296788128470001e-05,0.0166666666666666
5.297788088470004e-05,0.0166666666666666
5.2987880484700015e-05,0.0166666666666666
5.299788008480001e-05,0.0
5.3007879684800036e-05,0.0
5.301787928480001e-05,0.0166666666666666
5.302787888480004e-05,0.0
5.3037878484800014e-05,0.0
5.3047878084800043e-05,0.0166666666666666
5.3057877684900036e-05,0.0166666666666666
5.306787728490001e-05,0.0
5.307787688490004e-05,0.0
5.3087876484900014e-05,0.0166666666666666
5.309787608490004e-05,0.0
5.310787568490002e-05,0.0166666666666666
5.311787528500001e-05,0.0166666666666666
5.312787488500004e-05,0.0166666666666666
5.3137874485000014e-05,0.0166666666666666
5.314787408500004e-05,0.0
5.315787368500002e-05,0.0166666666666666
5.316787328499999e-05,0.0166666666666666
5.317787288500002e-05,0.0166666666666666
5.3187872485100014e-05,0.0
5.319787208510004e-05,0.0166666666666666
5.320787168510002e-05,0.0
5.321787128509999e-05,0.0
5.322787088510002e-05,0.0166666666666666
5.3237870485099996e-05,0.0166666666666666
5.324787008520004e-05,0.0
5.325786968520002e-05,0.0
5.326786928519999e-05,0.0166666666666666
5.327786888520002e-05,0.0166666666666666
5.3287868485199996e-05,0.0166666666666666
5.3297868085200025e-05,0.0166666666666666
5.330786768530002e-05,0.0166666666666666
5.331786728529999e-05,0.0166666666666666
5.332786688530002e-05,0.0166666666666666
5.3337866485299995e-05,0.0166666666666666
5.3347866085300024e-05,0.0166666666666666
5.33578656853e-05,0.0166666666666666
5.336786528539999e-05,0.0166666666666666
5.337786488540002e-05,0.0166666666666666
5.3387864485399995e-05,0.0
5.3397864085400024e-05,0.0166666666666666
5.34078636854e-05,0.0
5.341786328540003e-05,0.0166666666666666
5.34278628854e-05,0.0
5.3437862485499995e-05,0.0
5.3447862085500024e-05,0.0166666666666666
5.34578616855e-05,0.0166666666666666
5.346786128550003e-05,0.0166666666666666
5.34778608855e-05,0.0
5.348786048550003e-05,0.0
5.3497860085600024e-05,0.0
5.35078596856e-05,0.0
5.351785928560003e-05,0.0166666666666666
5.35278588856e-05,0.0
5.353785848560003e-05,0.0
5.3547858085600006e-05,0.0166666666666666
5.35578576857e-05,0.0166666666666666
5.356785728570003e-05,0.0166666666666666
5.35778568857e-05,0.0166666666666666
5.358785648570003e-05,0.0166666666666666
5.3597856085700005e-05,0.0166666666666666
5.3607855685700034e-05,0.0166666666666666
5.361785528580003e-05,0.0166666666666666
5.36278548858e-05,0.0
5.363785448580003e-05,0.0166666666666666
5.3647854085800005e-05,0.0166666666666666
5.3657853685800034e-05,0.0166666666666666
5.366785328580001e-05,0.0
5.367785288580004e-05,0.0
5.368785248590003e-05,0.0166666666666666
5.3697852085900005e-05,0.0166666666666666
5.3707851685900034e-05,0.0
5.371785128590001e-05,0.0
5.372785088590004e-05,0.0
5.373785048590001e-05,0.0
5.3747850086000005e-05,0.0166666666666666
5.3757849686000034e-05,0.0
5.376784928600001e-05,0.0
5.377784888600004e-05,0.0166666666666666
5.378784848600001e-05,0.0166666666666666
5.379784808600004e-05,0.0166666666666666
5.380784768610003e-05,0.0166666666666666
5.381784728610001e-05,0.0
5.382784688610004e-05,0.0166666666666666
5.383784648610001e-05,0.0166666666666666
5.384784608610004e-05,0.0166666666666666
5.3857845686100015e-05,0.0166666666666666
5.386784528620001e-05,0.0166666666666666
5.387784488620004e-05,0.0166666666666666
5.388784448620001e-05,0.0166666666666666
5.389784408620004e-05,0.0166666666666666
5.3907843686200015e-05,0.0
5.391784328619999e-05,0.0166666666666666
5.392784288620002e-05,0.0
5.393784248630001e-05,0.0
5.394784208630004e-05,0.0166666666666666
5.3957841686300015e-05,0.0166666666666666
5.396784128629999e-05,0.0
5.397784088630002e-05,0.0166666666666666
5.398784048629999e-05,0.0
5.399784008640004e-05,0.0
5.4007839686400015e-05,0.0166666666666666
5.4017839286400044e-05,0.0
5.402783888640002e-05,0.0
5.403783848639999e-05,0.0
5.404783808640002e-05,0.0166666666666666
5.4057837686500014e-05,0.0
5.4067837286500043e-05,0.0166666666666666
5.407783688650002e-05,0.0
5.408783648649999e-05,0.0166666666666666
5.409783608650002e-05,0.0
5.4107835686499997e-05,0.0166666666666666
5.411783528660004e-05,0.0166666666666666
5.412783488660002e-05,0.0
5.413783448659999e-05,0.0166666666666666
5.414783408660002e-05,0.0166666666666666
5.4157833686599996e-05,0.0166666666666666
5.4167833286600025e-05,0.0
5.41778328866e-05,0.0166666666666666
5.418783248669999e-05,0.0
5.419783208670002e-05,0.0166666666666666
5.4207831686699996e-05,0.0166666666666666
5.4217831286700025e-05,0.0166666666666666
5.42278308867e-05,0.0
5.423783048670003e-05,0.0
5.424783008680002e-05,0.0
5.4257829686799996e-05,0.0
5.4267829286800025e-05,0.0166666666666666
5.42778288868e-05,0.0166666666666666
5.428782848680003e-05,0.0166666666666666
5.42978280868e-05,0.0166666666666666
5.4307827686899996e-05,0.0
5.4317827286900025e-05,0.0166666666666666
5.43278268869e-05,0.0166666666666666
5.433782648690003e-05,0.0166666666666666
5.43478260869e-05,0.0166666666666666
5.435782568690003e-05,0.0166666666666666
5.4367825287000024e-05,0.0
5.4377824887e-05,0.0166666666666666
5.438782448700003e-05,0.0
5.4397824087e-05,0.0166666666666666
5.440782368700003e-05,0.0166666666666666
5.4417823287000006e-05,0.0166666666666666
5.4427822887000035e-05,0.0166666666666666
5.443782248710003e-05,0.0166666666666666
5.44478220871e-05,0.0166666666666666
5.445782168710003e-05,0.0166666666666666
5.4467821287100006e-05,0.0166666666666666
5.4477820887100035e-05,0.0
5.448782048710001e-05,0.0
5.44978200872e-05,0.0
5.450781968720003e-05,0.0
5.4517819287200006e-05,0.0166666666666666
5.4527818887200035e-05,0.0166666666666666
5.453781848720001e-05,0.0166666666666666
5.454781808720004e-05,0.0
5.455781768730003e-05,0.0
5.4567817287300006e-05,0.0166666666666666
5.4577816887300035e-05,0.0166666666666666
5.458781648730001e-05,0.0
5.459781608730004e-05,0.0166666666666666
5.460781568730001e-05,0.0166666666666666
5.4617815287400005e-05,0.0
5.4627814887400034e-05,0.0
5.463781448740001e-05,0.0166666666666666
5.464781408740004e-05,0.0166666666666666
5.465781368740001e-05,0.0166666666666666
5.466781328740004e-05,0.0166666666666666
5.4677812887400016e-05,0.0166666666666666
5.468781248750001e-05,0.0
5.469781208750004e-05,0.0
5.470781168750001e-05,0.0166666666666666
5.471781128750004e-05,0.0166666666666666
5.4727810887500016e-05,0.0166666666666666
5.473781048749999e-05,0.0
5.474781008760004e-05,0.0
5.475780968760001e-05,0.0166666666666666
5.476780928760004e-05,0.0
5.4777808887600016e-05,0.0166666666666666
5.478780848759999e-05,0.0166666666666666
5.479780808760002e-05,0.0166666666666666
5.480780768770001e-05,0.0
5.481780728770004e-05,0.0
5.4827806887700016e-05,0.0166666666666666
5.483780648769999e-05,0.0166666666666666
5.484780608770002e-05,0.0166666666666666
5.4857805687699994e-05,0.0166666666666666
5.486780528780004e-05,0.0
5.4877804887800015e-05,0.0
5.488780448779999e-05,0.0166666666666666
5.489780408780002e-05,0.0166666666666666
5.4907803687799994e-05,0.0166666666666666
5.491780328780002e-05,0.0166666666666666
5.49278028878e-05,0.0166666666666666
5.493780248789999e-05,0.0
5.494780208790002e-05,0.0
5.4957801687899994e-05,0.0166666666666666
5.496780128790002e-05,0.0166666666666666
5.49778008879e-05,0.0166666666666666
5.4987800487900026e-05,0.0
5.499780008800002e-05,0.0
5.500779968799999e-05,0.0
5.501779928800002e-05,0.0166666666666666
5.5027798888e-05,0.0166666666666666
5.5037798488000026e-05,0.0
5.5047798088e-05,0.0
5.505779768809999e-05,0.0
5.506779728810002e-05,0.0
5.50777968881e-05,0.0
5.5087796488100026e-05,0.0166666666666666
5.50977960881e-05,0.0
5.510779568810003e-05,0.0
5.511779528820002e-05,0.0166666666666666
5.5127794888199997e-05,0.0166666666666666
5.5137794488200025e-05,0.0166666666666666
5.51477940882e-05,0.0166666666666666
5.515779368820003e-05,0.0166666666666666
5.5167793288200004e-05,0.0166666666666666
5.517779288820003e-05,0.0166666666666666
5.5187792488300025e-05,0.0
5.51977920883e-05,0.0166666666666666
5.520779168830003e-05,0.0166666666666666
5.5217791288300004e-05,0.0166666666666666
5.522779088830003e-05,0.0166666666666666
5.523779048830001e-05,0.0166666666666666
5.52477900884e-05,0.0166666666666666
5.525778968840003e-05,0.0166666666666666
5.5267789288400003e-05,0.0166666666666666
5.527778888840003e-05,0.0
5.528778848840001e-05,0.0166666666666666
5.5297788088400036e-05,0.0166666666666666
5.530778768850003e-05,0.0
5.53177872885e-05,0.0166666666666666
5.532778688850003e-05,0.0
5.533778648850001e-05,0.0
5.5347786088500036e-05,0.0
5.535778568850001e-05,0.0166666666666666
5.53677852886e-05,0.0
5.537778488860003e-05,0.0
5.5387784488600007e-05,0.0
5.5397784088600036e-05,0.0166666666666666
5.540778368860001e-05,0.0166666666666666
5.541778328860004e-05,0.0166666666666666
5.5427782888600014e-05,0.0166666666666666
5.5437782488700006e-05,0.0
5.5447782088700035e-05,0.0166666666666666
5.545778168870001e-05,0.0166666666666666
5.546778128870004e-05,0.0166666666666666
5.5477780888700014e-05,0.0166666666666666
5.548778048870004e-05,0.0
5.5497780088800035e-05,0.0
5.550777968880001e-05,0.0
5.551777928880004e-05,0.0
5.5527778888800013e-05,0.0166666666666666
5.553777848880004e-05,0.0166666666666666
5.554777808880002e-05,0.0
5.555777768890001e-05,0.0166666666666666
5.556777728890004e-05,0.0166666666666666
5.557777688890001e-05,0.0166666666666666
5.558777648890004e-05,0.0
5.559777608890002e-05,0.0166666666666666
5.560777568889999e-05,0.0166666666666666
5.561777528900004e-05,0.0166666666666666
5.562777488900001e-05,0.0
5.563777448900004e-05,0.0166666666666666
5.564777408900002e-05,0.0
5.565777368899999e-05,0.0
5.566777328900002e-05,0.0
5.5677772888999995e-05,0.0166666666666666
5.568777248910004e-05,0.0166666666666666
5.5697772089100016e-05,0.0166666666666666
5.570777168909999e-05,0.0166666666666666
5.571777128910002e-05,0.0
5.5727770889099995e-05,0.0
5.5737770489100024e-05,0.0
5.5747770089200016e-05,0.0
5.575776968919999e-05,0.0166666666666666
5.576776928920002e-05,0.0
5.5777768889199995e-05,0.0166666666666666
5.5787768489200024e-05,0.0166666666666666
5.57977680892e-05,0.0166666666666666
5.580776768929999e-05,0.0166666666666666
5.581776728930002e-05,0.0166666666666666
5.5827766889299994e-05,0.0
5.583776648930002e-05,0.0166666666666666
5.58477660893e-05,0.0
5.585776568930003e-05,0.0166666666666666
5.586776528940002e-05,0.0166666666666666
5.5877764889399994e-05,0.0
5.588776448940002e-05,0.0166666666666666
5.58977640894e-05,0.0166666666666666
5.590776368940003e-05,0.0
5.59177632894e-05,0.0
5.592776288940003e-05,0.0166666666666666
5.593776248950002e-05,0.0
5.59477620895e-05,0.0
5.5957761689500026e-05,0.0166666666666666
5.59677612895e-05,0.0
5.597776088950003e-05,0.0
5.5987760489500005e-05,0.0166666666666666
5.59977600896e-05,0.0166666666666666
5.6007759689600026e-05,0.0
5.60177592896e-05,0.0
5.602775888960003e-05,0.0166666666666666
5.6037758489600005e-05,0.0166666666666666
5.6047758089600034e-05,0.0166666666666666
5.6057757689700026e-05,0.0166666666666666
5.60677572897e-05,0.0166666666666666
5.607775688970003e-05,0.0166666666666666
5.6087756489700004e-05,0.0
5.609775608970003e-05,0.0166666666666666
5.610775568970001e-05,0.0
5.61177552898e-05,0.0166666666666666
5.612775488980003e-05,0.0166666666666666
5.6137754489800004e-05,0.0166666666666666
5.614775408980003e-05,0.0
5.615775368980001e-05,0.0166666666666666
5.616775328980004e-05,0.0166666666666666
5.617775288980001e-05,0.0166666666666666
5.6187752489900004e-05,0.0
5.619775208990003e-05,0.0166666666666666
5.620775168990001e-05,0.0
5.6217751289900037e-05,0.0166666666666666
5.622775088990001e-05,0.0166666666666666
5.623775048990004e-05,0.0
5.624775009000003e-05,0.0166666666666666
5.625774969000001e-05,0.0166666666666666
5.6267749290000036e-05,0.0166666666666666
5.627774889000001e-05,0.0166666666666666
5.628774849000004e-05,0.0166666666666666
5.6297748090000015e-05,0.0166666666666666
5.630774769010001e-05,0.0
5.6317747290100036e-05,0.0166666666666666
5.632774689010001e-05,0.0166666666666666
5.633774649010004e-05,0.0166666666666666
5.6347746090100014e-05,0.0
5.6357745690100043e-05,0.0166666666666666
5.6367745290200036e-05,0.0166666666666666
5.637774489020001e-05,0.0166666666666666
5.638774449020004e-05,0.0
5.6397744090200014e-05,0.0166666666666666
5.640774369020004e-05,0.0
5.641774329020002e-05,0.0
5.642774289019999e-05,0.0
5.643774249030004e-05,0.0166666666666666
5.6447742090300014e-05,0.0
5.645774169030004e-05,0.0
5.646774129030002e-05,0.0166666666666666
5.647774089029999e-05,0.0
5.648774049030002e-05,0.0
5.6497740090400014e-05,0.0
5.650773969040004e-05,0.0
5.651773929040002e-05,0.0166666666666666
5.652773889039999e-05,0.0166666666666666
5.653773849040002e-05,0.0166666666666666
5.6547738090399996e-05,0.0
5.655773769050004e-05,0.0
5.656773729050002e-05,0.0
5.657773689049999e-05,0.0166666666666666
5.658773649050002e-05,0.0
5.6597736090499996e-05,0.0166666666666666
5.6607735690500025e-05,0.0166666666666666
5.661773529060002e-05,0.0
5.662773489059999e-05,0.0166666666666666
5.663773449060002e-05,0.0166666666666666
5.6647734090599995e-05,0.0166666666666666
5.6657733690600024e-05,0.0166666666666666
5.66677332906e-05,0.0166666666666666
5.667773289060003e-05,0.0
5.668773249070002e-05,0.0
5.6697732090699995e-05,0.0166666666666666
5.6707731690700024e-05,0.0166666666666666
5.67177312907e-05,0.0
5.672773089070003e-05,0.0166666666666666
5.67377304907e-05,0.0166666666666666
5.6747730090799995e-05,0.0
5.6757729690800024e-05,0.0166666666666666
5.67677292908e-05,0.0
5.677772889080003e-05,0.0
5.67877284908e-05,0.0166666666666666
5.679772809080003e-05,0.0
5.6807727690900024e-05,0.0
5.68177272909e-05,0.0
5.682772689090003e-05,0.0166666666666666
5.68377264909e-05,0.0
5.684772609090003e-05,0.0166666666666666
5.6857725690900006e-05,0.0
5.6867725291e-05,0.0166666666666666
5.687772489100003e-05,0.0166666666666666
5.6887724491e-05,0.0166666666666666
5.689772409100003e-05,0.0
5.6907723691000005e-05,0.0166666666666666
5.6917723291000034e-05,0.0166666666666666
5.692772289100001e-05,0.0166666666666666
5.69377224911e-05,0.0166666666666666
5.694772209110003e-05,0.0
5.6957721691100005e-05,0.0166666666666666
5.6967721291100034e-05,0.0
5.697772089110001e-05,0.0166666666666666
5.698772049110004e-05,0.0
5.699772009120003e-05,0.0
5.7007719691200005e-05,0.0166666666666666
5.7017719291200034e-05,0.0
5.702771889120001e-05,0.0166666666666666
5.703771849120004e-05,0.0166666666666666
5.704771809120001e-05,0.0
5.7057717691300005e-05,0.0166666666666666
5.7067717291300034e-05,0.0
5.707771689130001e-05,0.0166666666666666
5.708771649130004e-05,0.0166666666666666
5.709771609130001e-05,0.0
5.710771569130004e-05,0.0
5.711771529140003e-05,0.0
5.712771489140001e-05,0.0
5.713771449140004e-05,0.0166666666666666
5.714771409140001e-05,0.0
5.715771369140004e-05,0.0166666666666666
5.7167713291400015e-05,0.0
5.717771289139999e-05,0.0
5.718771249150004e-05,0.0
5.719771209150001e-05,0.0
5.720771169150004e-05,0.0166666666666666
5.7217711291500015e-05,0.0
5.722771089149999e-05,0.0
5.723771049150002e-05,0.0
5.724771009160001e-05,0.0166666666666666
5.725770969160004e-05,0.0166666666666666
5.7267709291600015e-05,0.0166666666666666
5.727770889159999e-05,0.0166666666666666
5.728770849160002e-05,0.0
5.729770809159999e-05,0.0166666666666666
5.730770769170004e-05,0.0166666666666666
5.7317707291700015e-05,0.0
5.7327706891700044e-05,0.0166666666666666
5.733770649170002e-05,0.0
5.734770609169999e-05,0.0
5.735770569170002e-05,0.0166666666666666
5.7367705291800014e-05,0.0166666666666666
5.7377704891800043e-05,0.0
5.738770449180002e-05,0.0166666666666666
5.739770409179999e-05,0.0
5.740770369180002e-05,0.0
5.7417703291799997e-05,0.0
5.7427702891800025e-05,0.0
5.743770249190002e-05,0.0166666666666666
5.744770209189999e-05,0.0
5.745770169190002e-05,0.0
5.7467701291899996e-05,0.0
5.7477700891900025e-05,0.0
5.74877004919e-05,0.0166666666666666
5.749770009199999e-05,0.0166666666666666
5.750769969200002e-05,0.0
5.7517699291999996e-05,0.0166666666666666
5.7527698892000025e-05,0.0
5.7537698492e-05,0.0
5.754769809200003e-05,0.0
5.755769769210002e-05,0.0
5.7567697292099996e-05,0.0
5.7577696892100025e-05,0.0
5.75876964921e-05,0.0166666666666666
5.759769609210003e-05,0.0166666666666666
5.76076956921e-05,0.0166666666666666
5.7617695292199996e-05,0.0166666666666666
5.7627694892200025e-05,0.0166666666666666
5.76376944922e-05,0.0166666666666666
5.764769409220003e-05,0.0166666666666666
5.76576936922e-05,0.0166666666666666
5.766769329220003e-05,0.0
5.7677692892200007e-05,0.0
5.76876924923e-05,0.0
5.769769209230003e-05,0.0166666666666666
5.77076916923e-05,0.0
5.771769129230003e-05,0.0166666666666666
5.7727690892300006e-05,0.0
5.7737690492300035e-05,0.0166666666666666
5.774769009240003e-05,0.0
5.77576896924e-05,0.0166666666666666
5.776768929240003e-05,0.0
5.7777688892400006e-05,0.0166666666666666
5.7787688492400035e-05,0.0
5.779768809240001e-05,0.0166666666666666
5.78076876925e-05,0.0
5.781768729250003e-05,0.0
5.7827686892500006e-05,0.0
5.7837686492500035e-05,0.0
5.784768609250001e-05,0.0166666666666666
5.785768569250004e-05,0.0166666666666666
5.786768529260003e-05,0.0166666666666666
5.7877684892600006e-05,0.0166666666666666
5.7887684492600035e-05,0.0166666666666666
5.789768409260001e-05,0.0
5.790768369260004e-05,0.0
5.791768329260001e-05,0.0166666666666666
5.792768289260004e-05,0.0
5.7937682492700034e-05,0.0166666666666666
5.794768209270001e-05,0.0166666666666666
5.795768169270004e-05,0.0166666666666666
5.796768129270001e-05,0.0166666666666666
5.797768089270004e-05,0.0166666666666666
5.7987680492700016e-05,0.0
5.799768009280001e-05,0.0166666666666666
5.800767969280004e-05,0.0166666666666666
5.801767929280001e-05,0.0
5.802767889280004e-05,0.0166666666666666
5.8037678492800016e-05,0.0
5.804767809279999e-05,0.0166666666666666
5.805767769290004e-05,0.0
5.806767729290001e-05,0.0
5.807767689290004e-05,0.0
5.8087676492900016e-05,0.0
5.809767609289999e-05,0.0166666666666666
5.810767569290002e-05,0.0
5.811767529300001e-05,0.0166666666666666
5.812767489300004e-05,0.0
5.8137674493000016e-05,0.0
5.814767409299999e-05,0.0166666666666666
5.815767369300002e-05,0.0166666666666666
5.8167673292999994e-05,0.0166666666666666
5.817767289300002e-05,0.0166666666666666
5.8187672493100015e-05,0.0166666666666666
5.819767209309999e-05,0.0166666666666666
5.820767169310002e-05,0.0
5.8217671293099994e-05,0.0166666666666666
5.822767089310002e-05,0.0166666666666666
5.82376704931e-05,0.0166666666666666
5.824767009319999e-05,0.0
5.825766969320002e-05,0.0
5.8267669293199994e-05,0.0
5.827766889320002e-05,0.0
5.82876684932e-05,0.0166666666666666
5.8297668093200026e-05,0.0166666666666666
5.830766769330002e-05,0.0
5.831766729329999e-05,0.0166666666666666
5.832766689330002e-05,0.0166666666666666
5.83376664933e-05,0.0166666666666666
5.8347666093300026e-05,0.0166666666666666
5.83576656933e-05,0.0166666666666666
5.836766529339999e-05,0.0166666666666666
5.837766489340002e-05,0.0166666666666666
5.83876644934e-05,0.0
5.8397664093400026e-05,0.0166666666666666
5.84076636934e-05,0.0166666666666666
5.841766329340003e-05,0.0166666666666666
5.8427662893400004e-05,0.0166666666666666
5.8437662493499997e-05,0.0166666666666666
5.8447662093500025e-05,0.0166666666666666
5.84576616935e-05,0.0
5.846766129350003e-05,0.0
5.8477660893500004e-05,0.0166666666666666
5.848766049350003e-05,0.0
5.8497660093600025e-05,0.0
5.85076596936e-05,0.0166666666666666
5.851765929360003e-05,0.0
5.8527658893600004e-05,0.0
5.853765849360003e-05,0.0166666666666666
5.854765809360001e-05,0.0
5.85576576937e-05,0.0
5.856765729370003e-05,0.0166666666666666
5.8577656893700003e-05,0.0
5.858765649370003e-05,0.0
5.859765609370001e-05,0.0166666666666666
5.8607655693700036e-05,0.0
5.861765529380003e-05,0.0166666666666666
5.86276548938e-05,0.0166666666666666
5.863765449380003e-05,0.0166666666666666
5.864765409380001e-05,0.0166666666666666
5.8657653693800036e-05,0.0166666666666666
5.866765329380001e-05,0.0166666666666666
5.867765289380004e-05,0.0
5.868765249390003e-05,0.0166666666666666
5.8697652093900007e-05,0.0166666666666666
5.8707651693900036e-05,0.0166666666666666
5.871765129390001e-05,0.0
5.872765089390004e-05,0.0166666666666666
5.8737650493900014e-05,0.0
5.8747650094000006e-05,0.0166666666666666
5.8757649694000035e-05,0.0166666666666666
5.876764929400001e-05,0.0166666666666666
5.877764889400004e-05,0.0166666666666666
5.8787648494000014e-05,0.0
5.879764809400004e-05,0.0
5.8807647694100035e-05,0.0166666666666666
5.881764729410001e-05,0.0
5.882764689410004e-05,0.0
5.8837646494100013e-05,0.0166666666666666
5.884764609410004e-05,0.0
5.885764569410002e-05,0.0
5.886764529420001e-05,0.0166666666666666
5.887764489420004e-05,0.0166666666666666
5.888764449420001e-05,0.0
5.889764409420004e-05,0.0166666666666666
5.890764369420002e-05,0.0166666666666666
5.891764329419999e-05,0.0
5.892764289420002e-05,0.0166666666666666
5.893764249430001e-05,0.0
5.894764209430004e-05,0.0
5.895764169430002e-05,0.0
5.896764129429999e-05,0.0
5.897764089430002e-05,0.0166666666666666
5.8987640494299995e-05,0.0
5.899764009440004e-05,0.0166666666666666
5.9007639694400016e-05,0.0166666666666666
5.901763929439999e-05,0.0166666666666666
5.902763889440002e-05,0.0
5.9037638494399995e-05,0.0166666666666666
5.9047638094400024e-05,0.0
5.9057637694500016e-05,0.0
5.906763729449999e-05,0.0166666666666666
5.907763689450002e-05,0.0
5.9087636494499995e-05,0.0
5.9097636094500024e-05,0.0166666666666666
5.91076356945e-05,0.0166666666666666
5.911763529459999e-05,0.0
5.912763489460002e-05,0.0
5.9137634494599994e-05,0.0166666666666666
5.914763409460002e-05,0.0
5.91576336946e-05,0.0
5.916763329460003e-05,0.0166666666666666
5.91776328946e-05,0.0
5.9187632494699994e-05,0.0
5.919763209470002e-05,0.0166666666666666
5.92076316947e-05,0.0
5.921763129470003e-05,0.0
5.92276308947e-05,0.0166666666666666
5.923763049470003e-05,0.0
5.924763009480002e-05,0.0
5.92576296948e-05,0.0166666666666666
5.9267629294800026e-05,0.0
5.92776288948e-05,0.0166666666666666
5.928762849480003e-05,0.0166666666666666
5.9297628094800005e-05,0.0
5.93076276949e-05,0.0166666666666666
5.9317627294900026e-05,0.0
5.93276268949e-05,0.0166666666666666
5.933762649490003e-05,0.0
5.9347626094900005e-05,0.0
5.9357625694900034e-05,0.0166666666666666
5.9367625295000026e-05,0.0
5.9377624895e-05,0.0
5.938762449500003e-05,0.0
5.9397624095000004e-05,0.0
5.940762369500003e-05,0.0
5.941762329500001e-05,0.0166666666666666
5.942762289500004e-05,0.0
5.943762249510003e-05,0.0
5.9447622095100004e-05,0.0166666666666666
5.945762169510003e-05,0.0
5.946762129510001e-05,0.0166666666666666
5.947762089510004e-05,0.0166666666666666
5.948762049510001e-05,0.0166666666666666
5.9497620095200004e-05,0.0
5.950761969520003e-05,0.0
5.951761929520001e-05,0.0166666666666666
5.9527618895200037e-05,0.0
5.953761849520001e-05,0.0166666666666666
5.954761809520004e-05,0.0
5.955761769530003e-05,0.0
5.956761729530001e-05,0.0
5.9577616895300036e-05,0.0
5.958761649530001e-05,0.0
5.959761609530004e-05,0.0
5.9607615695300015e-05,0.0166666666666666
5.961761529540001e-05,0.0166666666666666
5.9627614895400036e-05,0.0
5.963761449540001e-05,0.0
5.964761409540004e-05,0.0166666666666666
5.9657613695400014e-05,0.0166666666666666
5.9667613295400043e-05,0.0166666666666666
5.967761289540002e-05,0.0166666666666666
5.968761249550001e-05,0.0166666666666666
5.969761209550004e-05,0.0166666666666666
5.9707611695500014e-05,0.0
5.971761129550004e-05,0.0166666666666666
5.972761089550002e-05,0.0166666666666666
5.973761049549999e-05,0.0166666666666666
5.974761009560004e-05,0.0
5.9757609695600014e-05,0.0
5.976760929560004e-05,0.0166666666666666
5.977760889560002e-05,0.0166666666666666
5.978760849559999e-05,0.0
5.979760809560002e-05,0.0
5.9807607695700014e-05,0.0166666666666666
5.981760729570004e-05,0.0166666666666666
5.982760689570002e-05,0.0
5.983760649569999e-05,0.0
5.984760609570002e-05,0.0166666666666666
5.9857605695699996e-05,0.0
5.986760529580004e-05,0.0
5.987760489580002e-05,0.0166666666666666
5.988760449579999e-05,0.0166666666666666
5.989760409580002e-05,0.0166666666666666
5.9907603695799996e-05,0.0
5.9917603295800025e-05,0.0166666666666666
5.99276028958e-05,0.0
5.993760249589999e-05,0.0
5.994760209590002e-05,0.0
5.9957601695899995e-05,0.0166666666666666
5.9967601295900024e-05,0.0166666666666666
5.99776008959e-05,0.0166666666666666
5.998760049590003e-05,0.0
5.999760009600002e-05,0.0166666666666666
6.0007599695999995e-05,0.0
6.0017599296000024e-05,0.0166666666666666
6.0027598896e-05,0.0
6.003759849600003e-05,0.0166666666666666
6.0047598096e-05,0.0
6.0057597696099995e-05,0.0
6.0067597296100024e-05,0.0
6.00775968961e-05,0.0166666666666666
6.008759649610003e-05,0.0166666666666666
6.00975960961e-05,0.0
6.010759569610003e-05,0.0166666666666666
6.0117595296200024e-05,0.0166666666666666
6.01275948962e-05,0.0
6.013759449620003e-05,0.0
6.01475940962e-05,0.0
6.015759369620003e-05,0.0
6.0167593296200006e-05,0.0
6.0177592896200035e-05,0.0166666666666666
6.018759249630003e-05,0.0
6.01975920963e-05,0.0166666666666666
6.020759169630003e-05,0.0
6.0217591296300005e-05,0.0
6.0227590896300034e-05,0.0
6.023759049630001e-05,0.0166666666666666
6.02475900964e-05,0.0
6.025758969640003e-05,0.0166666666666666
6.0267589296400005e-05,0.0
6.0277588896400034e-05,0.0
6.028758849640001e-05,0.0
6.029758809640004e-05,0.0166666666666666
6.030758769650003e-05,0.0
6.0317587296500005e-05,0.0
6.0327586896500034e-05,0.0
6.033758649650001e-05,0.0
6.034758609650004e-05,0.0
6.035758569650001e-05,0.0
6.0367585296600005e-05,0.0
6.0377584896600034e-05,0.0
6.038758449660001e-05,0.0166666666666666
6.039758409660004e-05,0.0
6.040758369660001e-05,0.0
6.041758329660004e-05,0.0
6.0427582896600016e-05,0.0
6.043758249670001e-05,0.0
6.044758209670004e-05,0.0
6.045758169670001e-05,0.0
6.046758129670004e-05,0.0
6.0477580896700015e-05,0.0166666666666666
6.048758049669999e-05,0.0166666666666666
6.049758009680004e-05,0.0166666666666666
6.050757969680001e-05,0.0
6.051757929680004e-05,0.0166666666666666
6.0527578896800015e-05,0.0166666666666666
6.053757849679999e-05,0.0166666666666666
6.054757809680002e-05,0.0166666666666666
6.055757769690001e-05,0.0166666666666666
6.056757729690004e-05,0.0
6.0577576896900015e-05,0.0
6.058757649689999e-05,0.0
6.059757609690002e-05,0.0166666666666666
6.060757569689999e-05,0.0
6.061757529700004e-05,0.0
6.0627574897000015e-05,0.0166666666666666
6.0637574497000044e-05,0.0166666666666666
6.064757409700002e-05,0.0
6.065757369699999e-05,0.0
6.066757329700002e-05,0.0
6.0677572897e-05,0.0166666666666666
6.068757249710004e-05,0.0
6.069757209710002e-05,0.0
6.070757169709999e-05,0.0
6.071757129710002e-05,0.0
6.0727570897099997e-05,0.0
6.0737570497100025e-05,0.0166666666666666
6.074757009720002e-05,0.0
6.075756969719999e-05,0.0
6.076756929720002e-05,0.0166666666666666
6.0777568897199996e-05,0.0166666666666666
6.0787568497200025e-05,0.0166666666666666
6.07975680972e-05,0.0166666666666666
6.080756769729999e-05,0.0
6.081756729730002e-05,0.0
6.0827566897299996e-05,0.0
6.0837566497300025e-05,0.0166666666666666
6.08475660973e-05,0.0
6.085756569730003e-05,0.0
6.086756529740002e-05,0.0
6.0877564897399996e-05,0.0166666666666666
6.0887564497400025e-05,0.0166666666666666
6.08975640974e-05,0.0
6.090756369740003e-05,0.0166666666666666
6.09175632974e-05,0.0
6.092756289740003e-05,0.0166666666666666
6.0937562497500024e-05,0.0166666666666666
6.09475620975e-05,0.0166666666666666
6.095756169750003e-05,0.0
6.09675612975e-05,0.0
6.097756089750003e-05,0.0
6.0987560497500007e-05,0.0
6.09975600976e-05,0.0
6.100755969760003e-05,0.0
6.10175592976e-05,0.0166666666666666
6.102755889760003e-05,0.0166666666666666
6.10375584976e-05,0.0
6.104755809760004e-05,0.0
6.105755769770003e-05,0.0166666666666666
6.10675572977e-05,0.0
6.107755689770003e-05,0.0
6.10875564977e-05,0.0166666666666666
6.109755609770004e-05,0.0166666666666666
6.110755569770001e-05,0.0
6.11175552978e-05,0.0166666666666666
6.112755489780003e-05,0.0166666666666666
6.11375544978e-05,0.0
6.114755409780003e-05,0.0
6.115755369780001e-05,0.0166666666666666
6.116755329780004e-05,0.0
6.117755289780001e-05,0.0
6.11875524979e-05,0.0166666666666666
6.119755209790003e-05,0.0166666666666666
6.120755169790001e-05,0.0166666666666666
6.121755129790004e-05,0.0166666666666666
6.122755089790001e-05,0.0166666666666666
6.123755049790004e-05,0.0166666666666666
6.124755009800003e-05,0.0
6.125754969800001e-05,0.0
6.126754929800004e-05,0.0
6.127754889800001e-05,0.0166666666666666
6.128754849800004e-05,0.0166666666666666
6.129754809800002e-05,0.0
6.130754769810001e-05,0.0
6.131754729810004e-05,0.0166666666666666
6.132754689810001e-05,0.0
6.133754649810004e-05,0.0
6.134754609810002e-05,0.0
6.135754569809999e-05,0.0
6.136754529820004e-05,0.0
6.137754489820001e-05,0.0
6.138754449820004e-05,0.0
6.139754409820002e-05,0.0166666666666666
6.140754369819999e-05,0.0
6.141754329820002e-05,0.0
6.14275428982e-05,0.0
6.143754249830004e-05,0.0
6.144754209830002e-05,0.0166666666666666
6.145754169829999e-05,0.0
6.146754129830002e-05,0.0
6.14775408983e-05,0.0
6.148754049830002e-05,0.0
6.149754009840002e-05,0.0
6.150753969839999e-05,0.0166666666666666
6.151753929840002e-05,0.0
6.15275388984e-05,0.0
6.153753849840002e-05,0.0166666666666666
6.15475380984e-05,0.0
6.155753769849999e-05,0.0
6.156753729850002e-05,0.0166666666666666
6.15775368985e-05,0.0
6.158753649850002e-05,0.0
6.15975360985e-05,0.0
6.160753569850003e-05,0.0166666666666666
6.161753529860002e-05,0.0
6.16275348986e-05,0.0166666666666666
6.163753449860002e-05,0.0
6.16475340986e-05,0.0166666666666666
6.165753369860003e-05,0.0
6.16675332986e-05,0.0166666666666666
6.167753289860003e-05,0.0166666666666666
6.168753249870002e-05,0.0
6.16975320987e-05,0.0
6.170753169870003e-05,0.0166666666666666
6.17175312987e-05,0.0166666666666666
6.172753089870003e-05,0.0166666666666666
6.17375304987e-05,0.0
6.17475300988e-05,0.0
6.175752969880003e-05,0.0
6.17675292988e-05,0.0
6.177752889880003e-05,0.0
6.17875284988e-05,0.0
6.179752809880003e-05,0.0166666666666666
6.180752769890003e-05,0.0166666666666666
6.18175272989e-05,0.0166666666666666
6.182752689890003e-05,0.0166666666666666
6.18375264989e-05,0.0
6.184752609890003e-05,0.0
6.185752569890001e-05,0.0
6.1867525299e-05,0.0
6.187752489900003e-05,0.0166666666666666
6.1887524499e-05,0.0166666666666666
6.189752409900003e-05,0.0166666666666666
6.190752369900001e-05,0.0
6.191752329900004e-05,0.0
6.192752289900001e-05,0.0
6.19375224991e-05,0.0
6.194752209910003e-05,0.0166666666666666
6.195752169910001e-05,0.0166666666666666
6.196752129910004e-05,0.0166666666666666
6.197752089910001e-05,0.0166666666666666
6.198752049910004e-05,-0.0166666666666666
6.199752009920003e-05,0.0
6.20075196992e-05,0.0166666666666666
6.201751929920004e-05,0.0166666666666666
6.202751889920001e-05,0.0166666666666666
6.203751849920004e-05,0.0166666666666666
6.204751809920001e-05,0.0
6.20575176993e-05,0.0
6.206751729930004e-05,0.0
6.207751689930001e-05,0.0166666666666666
6.208751649930004e-05,0.0166666666666666
6.209751609930001e-05,0.0166666666666666
6.210751569930004e-05,0.0166666666666666
6.211751529940004e-05,0.0
6.212751489940001e-05,0.0166666666666666
6.213751449940004e-05,0.0166666666666666
6.214751409940001e-05,0.0166666666666666
6.215751369940004e-05,0.0
6.216751329940002e-05,0.0
6.217751289939999e-05,0.0
6.218751249950004e-05,0.0166666666666666
6.219751209950001e-05,0.0166666666666666
6.220751169950004e-05,0.0166666666666666
6.221751129950002e-05,0.0166666666666666
6.222751089949999e-05,0.0
6.223751049950002e-05,0.0
6.224751009960001e-05,0.0
6.225750969960004e-05,0.0166666666666666
6.226750929960002e-05,0.0166666666666666
6.227750889959999e-05,0.0166666666666666
6.228750849960002e-05,0.0
6.22975080996e-05,0.0
6.230750769970004e-05,0.0
6.231750729970002e-05,0.0166666666666666
6.232750689969999e-05,0.0166666666666666
6.233750649970002e-05,0.0
6.23475060997e-05,0.0
6.235750569970002e-05,0.0
6.236750529980002e-05,0.0
6.237750489979999e-05,0.0166666666666666
6.238750449980002e-05,0.0166666666666666
6.23975040998e-05,0.0166666666666666
6.240750369980002e-05,0.0
6.24175032998e-05,0.0
6.242750289980003e-05,0.0166666666666666
6.243750249990002e-05,0.0166666666666666
6.24475020999e-05,0.0166666666666666
6.245750169990002e-05,0.0
6.24675012999e-05,0.0
6.247750089990003e-05,0.0
6.24875004999e-05,0.0
6.24975001e-05,0.0
6.250749970000002e-05,0.0166666666666666
6.25174993e-05,0.0166666666666666
6.252749890000003e-05,0.0
6.25374985e-05,-0.0166666666666666
6.254749810000003e-05,0.0166666666666666
6.255749770010002e-05,0.0
6.25674973001e-05,0.0166666666666666
6.257749690010003e-05,0.0166666666666666
6.25874965001e-05,0.0
6.259749610010003e-05,0.0
6.26074957001e-05,0.0166666666666666
6.26174953002e-05,0.0166666666666666
6.262749490020003e-05,0.0
6.26374945002e-05,0.0166666666666666
6.264749410020003e-05,0.0166666666666666
6.26574937002e-05,0.0166666666666666
6.266749330020003e-05,0.0166666666666666
6.267749290020001e-05,0.0166666666666666
6.26874925003e-05,0.0166666666666666
6.269749210030003e-05,0.0166666666666666
6.27074917003e-05,0.0
6.271749130030003e-05,0.0
6.272749090030001e-05,0.0166666666666666
6.273749050030004e-05,0.0
6.274749010040003e-05,0.0
6.27574897004e-05,0.0
6.276748930040003e-05,0.0
6.277748890040001e-05,0.0
6.278748850040004e-05,0.0
6.279748810040001e-05,0.0166666666666666
6.28074877005e-05,0.0166666666666666
6.281748730050003e-05,0.0166666666666666
6.282748690050001e-05,-0.0166666666666666
6.283748650050004e-05,0.0166666666666666
6.284748610050001e-05,0.0166666666666666
6.285748570050004e-05,0.0
6.286748530060003e-05,0.0166666666666666
6.287748490060001e-05,0.0166666666666666
6.288748450060004e-05,0.0166666666666666
6.289748410060001e-05,0.0166666666666666
6.290748370060004e-05,0.0166666666666666
6.291748330060001e-05,0.0
6.292748290060004e-05,0.0
6.293748250070004e-05,0.0
6.294748210070001e-05,0.0
6.295748170070004e-05,0.0
6.296748130070001e-05,0.0166666666666666
6.297748090070004e-05,0.0166666666666666
6.298748050070002e-05,0.0
6.299748010080001e-05,0.0166666666666666
6.300747970080004e-05,0.0166666666666666
6.301747930080001e-05,0.0
6.302747890080004e-05,0.0
6.303747850080002e-05,0.0
6.304747810079999e-05,0.0
6.305747770090004e-05,0.0
6.306747730090001e-05,0.0166666666666666
6.307747690090004e-05,0.0
6.308747650090002e-05,0.0166666666666666
6.309747610089999e-05,0.0
6.310747570090002e-05,0.0
6.311747530100001e-05,0.0166666666666666
6.312747490100004e-05,0.0
6.313747450100002e-05,0.0
6.314747410099999e-05,0.0166666666666666
6.315747370100002e-05,0.0166666666666666
6.3167473301e-05,0.0166666666666666
6.317747290100002e-05,0.0166666666666666
6.318747250110002e-05,0.0
6.319747210109999e-05,0.0166666666666666
6.320747170110002e-05,0.0166666666666666
6.32174713011e-05,0.0166666666666666
6.322747090110002e-05,0.0
6.32374705011e-05,0.0
6.324747010119999e-05,0.0166666666666666
6.325746970120002e-05,0.0
6.32674693012e-05,0.0
6.327746890120002e-05,0.0
6.32874685012e-05,0.0
6.329746810120003e-05,0.0166666666666666
6.330746770130002e-05,0.0
6.33174673013e-05,0.0
6.332746690130002e-05,0.0
6.33374665013e-05,0.0166666666666666
6.334746610130003e-05,0.0
6.33574657013e-05,0.0166666666666666
6.33674653014e-05,0.0166666666666666
6.337746490140002e-05,0.0166666666666666
6.33874645014e-05,0.0
6.339746410140003e-05,0.0
6.34074637014e-05,0.0
6.341746330140003e-05,0.0166666666666666
6.34274629014e-05,0.0
6.34374625015e-05,0.0166666666666666
6.344746210150003e-05,0.0
6.34574617015e-05,0.0166666666666666
6.346746130150003e-05,0.0
6.34774609015e-05,0.0166666666666666
6.348746050150003e-05,0.0
6.349746010160003e-05,0.0166666666666666
6.35074597016e-05,0.0
6.351745930160003e-05,0.0
6.35274589016e-05,0.0
6.353745850160003e-05,0.0
6.354745810160001e-05,0.0166666666666666
6.35574577017e-05,0.0166666666666666
6.356745730170003e-05,0.0166666666666666
6.35774569017e-05,0.0166666666666666
6.358745650170003e-05,0.0166666666666666
6.359745610170001e-05,0.0
6.360745570170004e-05,0.0
6.361745530180003e-05,0.0166666666666666
6.36274549018e-05,0.0166666666666666
6.363745450180003e-05,0.0
6.364745410180001e-05,0.0166666666666666
6.365745370180004e-05,0.0166666666666666
6.366745330180001e-05,0.0
6.367745290180004e-05,0.0166666666666666
6.368745250190003e-05,0.0166666666666666
6.369745210190001e-05,0.0166666666666666
6.370745170190004e-05,0.0
6.371745130190001e-05,0.0
6.372745090190004e-05,0.0166666666666666
6.373745050190002e-05,0.0166666666666666
6.374745010200001e-05,0.0
6.375744970200004e-05,0.0166666666666666
6.376744930200001e-05,0.0166666666666666
6.377744890200004e-05,0.0
6.378744850200002e-05,0.0166666666666666
6.379744810199999e-05,0.0
6.380744770210004e-05,0.0
6.381744730210001e-05,0.0
6.382744690210004e-05,0.0
6.383744650210002e-05,0.0166666666666666
6.384744610209999e-05,0.0166666666666666
6.385744570210002e-05,0.0166666666666666
6.386744530220001e-05,0.0
6.387744490220004e-05,0.0
6.388744450220001e-05,0.0166666666666666
6.389744410219999e-05,0.0
6.390744370220002e-05,0.0166666666666666
6.39174433022e-05,0.0
6.392744290220002e-05,0.0
6.393744250230001e-05,0.0
6.394744210230004e-05,0.0166666666666666
6.395744170230002e-05,0.0
6.396744130229999e-05,0.0
6.397744090230002e-05,0.0
6.39874405023e-05,0.0166666666666666
6.399744010240004e-05,0.0166666666666666
6.400743970240002e-05,0.0
6.401743930239999e-05,0.0166666666666666
6.402743890240002e-05,0.0
6.40374385024e-05,0.0166666666666666
6.404743810240003e-05,0.0166666666666666
6.405743770250002e-05,0.0166666666666666
6.406743730249999e-05,0.0
6.407743690250002e-05,0.0166666666666666
6.40874365025e-05,0.0166666666666666
6.409743610250003e-05,0.0
6.41074357025e-05,0.0
6.411743530259999e-05,0.0
6.412743490260002e-05,0.0
6.41374345026e-05,0.0
6.414743410260002e-05,0.0
6.41574337026e-05,0.0
6.416743330260003e-05,0.0
6.41774329026e-05,0.0166666666666666
6.41874325027e-05,0.0
6.419743210270002e-05,0.0166666666666666
6.42074317027e-05,0.0166666666666666
6.421743130270003e-05,0.0166666666666666
6.42274309027e-05,0.0166666666666666
6.423743050270003e-05,0.0
6.424743010280002e-05,0.0
6.42574297028e-05,0.0166666666666666
6.426742930280003e-05,0.0166666666666666
6.42774289028e-05,0.0
6.428742850280003e-05,0.0166666666666666
6.42974281028e-05,0.0166666666666666
6.43074277029e-05,0.0
6.431742730290003e-05,0.0
6.43274269029e-05,0.0166666666666666
6.433742650290003e-05,0.0
6.43474261029e-05,0.0166666666666666
6.435742570290004e-05,0.0
6.436742530300003e-05,0.0166666666666666
6.4377424903e-05,0.0166666666666666
6.438742450300003e-05,0.0
6.4397424103e-05,0.0166666666666666
6.440742370300004e-05,0.0166666666666666
6.441742330300001e-05,0.0
6.442742290300004e-05,0.0
6.443742250310003e-05,0.0
6.44474221031e-05,0.0
6.445742170310003e-05,0.0
6.446742130310001e-05,0.0
6.447742090310004e-05,0.0166666666666666
6.448742050310001e-05,0.0
6.44974201032e-05,0.0
6.450741970320003e-05,0.0166666666666666
6.451741930320001e-05,0.0
6.452741890320004e-05,0.0
6.453741850320001e-05,0.0166666666666666
6.454741810320004e-05,0.0
6.455741770330003e-05,0.0166666666666666
6.456741730330001e-05,0.0166666666666666
6.457741690330004e-05,0.0166666666666666
6.458741650330001e-05,0.0166666666666666
6.459741610330004e-05,0.0
6.460741570330002e-05,0.0166666666666666
6.461741530340001e-05,0.0166666666666666
6.462741490340004e-05,0.0166666666666666
6.463741450340001e-05,0.0166666666666666
6.464741410340004e-05,0.0166666666666666
6.465741370340002e-05,0.0166666666666666
6.466741330339999e-05,0.0
6.467741290340002e-05,0.0
6.468741250350001e-05,0.0
6.469741210350004e-05,0.0166666666666666
6.470741170350002e-05,0.0
6.471741130349999e-05,0.0
6.472741090350002e-05,0.0
6.47374105035e-05,0.0
6.474741010360004e-05,0.0
6.475740970360002e-05,0.0
6.476740930359999e-05,0.0
6.477740890360002e-05,0.0166666666666666
6.47874085036e-05,0.0
6.479740810360002e-05,0.0
6.480740770370002e-05,0.0
6.481740730369999e-05,0.0
6.482740690370002e-05,0.0166666666666666
6.48374065037e-05,0.0166666666666666
6.484740610370002e-05,0.0
6.48574057037e-05,0.0166666666666666
6.486740530379999e-05,0.0166666666666666
6.487740490380002e-05,0.0
6.48874045038e-05,0.0166666666666666
6.489740410380002e-05,0.0166666666666666
6.49074037038e-05,0.0
6.491740330380003e-05,0.0
6.49274029038e-05,0.0166666666666666
6.49374025039e-05,0.0
6.494740210390002e-05,0.0
6.49574017039e-05,0.0
6.496740130390003e-05,0.0166666666666666
6.49774009039e-05,0.0
6.498740050390003e-05,-0.0166666666666666
6.499740010400002e-05,-0.0666666666666668
6.5007399704e-05,-0.1166666666666667
6.501739930400003e-05,-0.1499999999999999
6.5027398904e-05,-0.1333333333333333
6.503739850400003e-05,-0.0333333333333332
6.5047398104e-05,0.0833333333333334
6.50573977041e-05,0.1999999999999999
6.506739730410003e-05,0.2666666666666666
6.50773969041e-05,0.2333333333333331
6.508739650410003e-05,0.1499999999999999
6.50973961041e-05,0.0499999999999998
6.510739570410003e-05,-0.0333333333333332
6.511739530420003e-05,-0.0500000000000002
6.51273949042e-05,-0.0333333333333332
6.513739450420003e-05,0.0
6.51473941042e-05,0.0166666666666666
6.515739370420003e-05,0.0333333333333332
6.516739330420001e-05,0.0499999999999998
6.517739290420004e-05,0.0666666666666664
6.518739250430003e-05,0.0833333333333334
6.51973921043e-05,0.1166666666666667
6.520739170430003e-05,0.1333333333333333
6.521739130430001e-05,0.1499999999999999
6.522739090430004e-05,0.0833333333333334
6.523739050430001e-05,-0.0833333333333334
6.52473901044e-05,-0.3500000000000001
6.525738970440003e-05,-0.5666666666666669
6.526738930440001e-05,-0.6666666666666665
6.527738890440004e-05,-0.5500000000000003
6.528738850440001e-05,-0.2666666666666666
6.529738810440004e-05,0.1
6.530738770450003e-05,0.4499999999999999
6.53173873045e-05,0.6166666666666667
6.532738690450004e-05,0.5999999999999999
6.533738650450001e-05,0.4166666666666665
6.534738610450004e-05,0.1333333333333333
6.535738570450001e-05,-0.1166666666666667
6.53673853046e-05,-0.3000000000000002
6.537738490460004e-05,-0.3166666666666669
6.538738450460001e-05,-0.25
6.539738410460004e-05,-0.1333333333333333
6.540738370460001e-05,0.0
6.541738330460004e-05,0.1
6.542738290460002e-05,0.1666666666666665
6.543738250470001e-05,0.1999999999999999
6.544738210470004e-05,0.1833333333333333
6.545738170470001e-05,0.1333333333333333
6.546738130470004e-05,0.0666666666666664
6.547738090470002e-05,0.0166666666666666
6.548738050469999e-05,-0.0166666666666666
6.549738010480004e-05,-0.0166666666666666
6.550737970480001e-05,0.0
6.551737930480004e-05,0.0
6.552737890480002e-05,0.0
6.553737850479999e-05,0.0
6.554737810480002e-05,-0.0166666666666666
6.555737770490001e-05,-0.0166666666666666
6.556737730490004e-05,-0.0333333333333332
6.557737690490002e-05,-0.0333333333333332
6.558737650489999e-05,-0.0333333333333332
6.559737610490002e-05,-0.0333333333333332
6.56073757049e-05,-0.0166666666666666
6.561737530500004e-05,0.0
6.562737490500002e-05,0.0
6.563737450499999e-05,0.0166666666666666
6.564737410500002e-05,0.0333333333333332
6.5657373705e-05,0.0166666666666666
6.566737330500002e-05,0.0
6.5677372905e-05,-0.0166666666666666
6.568737250509999e-05,-0.0166666666666666
6.569737210510002e-05,-0.0166666666666666
6.57073717051e-05,-0.0166666666666666
6.571737130510002e-05,0.0
6.57273709051e-05,0.0166666666666666
6.573737050510003e-05,0.0499999999999998
6.574737010520002e-05,0.0499999999999998
6.57573697052e-05,0.0499999999999998
6.576736930520002e-05,0.0333333333333332
6.57773689052e-05,0.0166666666666666
6.578736850520003e-05,0.0
6.57973681052e-05,-0.0166666666666666
6.58073677053e-05,-0.0166666666666666
6.581736730530002e-05,-0.0166666666666666
6.58273669053e-05,0.0
6.583736650530003e-05,0.0166666666666666
6.58473661053e-05,0.0166666666666666
6.585736570530003e-05,0.0333333333333332
6.586736530540002e-05,0.0166666666666666
6.58773649054e-05,0.0333333333333332
6.588736450540003e-05,0.0333333333333332
6.58973641054e-05,0.0333333333333332
6.590736370540003e-05,0.0166666666666666
6.59173633054e-05,0.0166666666666666
6.592736290540003e-05,0.0166666666666666
6.593736250550003e-05,0.0
6.59473621055e-05,0.0
6.595736170550003e-05,-0.0166666666666666
6.59673613055e-05,-0.0166666666666666
6.597736090550003e-05,0.0
6.598736050550001e-05,0.0
6.59973601056e-05,0.0
6.600735970560003e-05,0.0166666666666666
6.60173593056e-05,0.0166666666666666
6.602735890560003e-05,0.0333333333333332
6.603735850560001e-05,0.0166666666666666
6.604735810560004e-05,0.0
6.605735770570003e-05,0.0166666666666666
6.60673573057e-05,0.0166666666666666
6.607735690570003e-05,0.0166666666666666
6.608735650570001e-05,0.0
6.609735610570004e-05,0.0166666666666666
6.610735570570001e-05,0.0
6.61173553058e-05,0.0166666666666666
6.612735490580003e-05,0.0166666666666666
6.613735450580001e-05,0.0
6.614735410580004e-05,0.0
6.615735370580001e-05,0.0
6.616735330580004e-05,0.0
6.617735290580001e-05,0.0
6.618735250590001e-05,0.0
6.619735210590004e-05,0.0
6.620735170590001e-05,0.0
6.621735130590004e-05,0.0166666666666666
6.622735090590001e-05,0.0166666666666666
6.623735050590004e-05,0.0166666666666666
6.624735010600004e-05,0.0166666666666666
6.625734970600001e-05,0.0
6.626734930600004e-05,0.0
6.627734890600001e-05,0.0166666666666666
6.628734850600004e-05,0.0
6.629734810600002e-05,0.0166666666666666
6.630734770610001e-05,0.0166666666666666
6.631734730610004e-05,0.0166666666666666
6.632734690610001e-05,0.0
6.633734650610004e-05,0.0
6.634734610610002e-05,0.0
6.635734570609999e-05,-0.0166666666666666
6.636734530620004e-05,-0.0166666666666666
6.637734490620001e-05,-0.0166666666666666
6.638734450620004e-05,0.0
6.639734410620002e-05,0.0333333333333332
6.640734370619999e-05,0.0499999999999998
6.641734330620002e-05,0.0499999999999998
6.64273429062e-05,0.0666666666666664
6.643734250630004e-05,0.0666666666666664
6.644734210630002e-05,0.0666666666666664
6.645734170629999e-05,0.0333333333333332
6.646734130630002e-05,0.0166666666666666
6.64773409063e-05,0.0
6.648734050630002e-05,-0.0166666666666666
6.649734010640002e-05,-0.0666666666666668
6.650733970639999e-05,-0.0666666666666668
6.651733930640002e-05,-0.0833333333333334
6.65273389064e-05,-0.0666666666666668
6.653733850640002e-05,-0.0500000000000002
6.65473381064e-05,-0.0166666666666666
6.655733770649999e-05,0.0166666666666666
6.656733730650002e-05,0.0666666666666664
6.65773369065e-05,0.0833333333333334
6.658733650650002e-05,0.1
6.65973361065e-05,0.1
6.660733570650003e-05,0.0833333333333334
6.661733530660002e-05,0.0666666666666664
6.66273349066e-05,0.0333333333333332
6.663733450660002e-05,0.0166666666666666
6.66473341066e-05,0.0
6.665733370660003e-05,0.0
6.66673333066e-05,0.0
6.667733290660003e-05,-0.0166666666666666
6.668733250670002e-05,-0.0166666666666666
6.66973321067e-05,-0.0166666666666666
6.670733170670003e-05,-0.0333333333333332
6.67173313067e-05,-0.0333333333333332
6.672733090670003e-05,-0.0333333333333332
6.67373305067e-05,-0.0500000000000002
6.67473301068e-05,-0.0500000000000002
6.675732970680003e-05,-0.0500000000000002
6.67673293068e-05,-0.0333333333333332
6.677732890680003e-05,-0.0333333333333332
6.67873285068e-05,-0.0166666666666666
6.679732810680003e-05,-0.0166666666666666
6.680732770690003e-05,0.0
6.68173273069e-05,0.0
6.682732690690003e-05,0.0
6.68373265069e-05,0.0166666666666666
6.684732610690003e-05,0.0333333333333332
6.685732570690001e-05,0.0499999999999998
6.6867325307e-05,0.0499999999999998
6.687732490700003e-05,0.0666666666666664
6.6887324507e-05,0.0666666666666664
6.689732410700003e-05,0.0666666666666664
6.690732370700001e-05,0.0666666666666664
6.691732330700004e-05,0.0666666666666664
6.692732290700001e-05,0.0666666666666664
6.69373225071e-05,0.0333333333333332
6.694732210710003e-05,0.0333333333333332
6.695732170710001e-05,0.0333333333333332
6.696732130710004e-05,0.0166666666666666
6.697732090710001e-05,0.0166666666666666
6.698732050710004e-05,0.0166666666666666
6.699732010720003e-05,0.0
6.700731970720001e-05,0.0166666666666666
6.701731930720004e-05,0.0166666666666666
6.702731890720001e-05,0.0166666666666666
6.703731850720004e-05,0.0166666666666666
6.704731810720002e-05,0.0166666666666666
6.705731770730001e-05,0.0
6.706731730730004e-05,0.0
6.707731690730001e-05,-0.0166666666666666
6.708731650730004e-05,-0.0166666666666666
6.709731610730002e-05,-0.0166666666666666
6.710731570729999e-05,-0.0166666666666666
6.711731530740004e-05,-0.0333333333333332
6.712731490740001e-05,-0.0333333333333332
6.713731450740004e-05,-0.0166666666666666
6.714731410740002e-05,-0.0166666666666666
6.715731370739999e-05,-0.0166666666666666
6.716731330740002e-05,-0.0166666666666666
6.71773129074e-05,0.0
6.718731250750004e-05,-0.0166666666666666
6.719731210750001e-05,0.0
6.720731170749999e-05,0.0
6.721731130750002e-05,0.0
6.72273109075e-05,0.0
6.723731050750002e-05,0.0
6.724731010760001e-05,0.0
6.725730970760004e-05,0.0
6.726730930760002e-05,0.0
6.727730890759999e-05,0.0166666666666666
6.728730850760002e-05,0.0
6.72973081076e-05,0.0333333333333332
6.730730770770004e-05,0.0166666666666666
6.731730730770002e-05,0.0166666666666666
6.732730690769999e-05,0.0166666666666666
6.733730650770002e-05,0.0333333333333332
6.73473061077e-05,0.0166666666666666
6.735730570770003e-05,0.0166666666666666
6.736730530780002e-05,0.0166666666666666
6.737730490779999e-05,0.0166666666666666
6.738730450780002e-05,0.0166666666666666
6.73973041078e-05,0.0166666666666666
6.740730370780003e-05,0.0166666666666666
6.74173033078e-05,0.0166666666666666
6.742730290780003e-05,0.0166666666666666
6.743730250790002e-05,0.0166666666666666
6.74473021079e-05,0.0166666666666666
6.745730170790002e-05,0.0166666666666666
6.74673013079e-05,0.0166666666666666
6.747730090790003e-05,0.0166666666666666
6.74873005079e-05,0.0166666666666666
6.7497300108e-05,0.0
6.750729970800002e-05,0.0
6.7517299308e-05,0.0
6.752729890800003e-05,0.0166666666666666
6.7537298508e-05,0.0
6.754729810800003e-05,0.0
6.755729770810002e-05,0.0166666666666666
6.75672973081e-05,0.0
6.757729690810003e-05,0.0
6.75872965081e-05,0.0
6.759729610810003e-05,0.0166666666666666
6.76072957081e-05,0.0
6.76172953082e-05,0.0
6.762729490820003e-05,0.0
6.76372945082e-05,0.0
6.764729410820003e-05,-0.0166666666666666
6.76572937082e-05,0.0
6.766729330820004e-05,0.0166666666666666
6.767729290820001e-05,0.0166666666666666
6.76872925083e-05,0.0333333333333332
6.769729210830003e-05,0.0333333333333332
6.77072917083e-05,0.0333333333333332
6.771729130830004e-05,0.0333333333333332
6.772729090830001e-05,0.0333333333333332
6.773729050830004e-05,0.0333333333333332
6.774729010840003e-05,0.0166666666666666
6.77572897084e-05,0.0166666666666666
6.776728930840003e-05,0.0166666666666666
6.777728890840001e-05,0.0166666666666666
6.778728850840004e-05,0.0166666666666666
6.779728810840001e-05,0.0
6.78072877085e-05,0.0166666666666666
6.781728730850003e-05,0.0166666666666666
6.782728690850001e-05,0.0166666666666666
6.783728650850004e-05,0.0
6.784728610850001e-05,0.0
6.785728570850004e-05,0.0
6.786728530860003e-05,0.0
6.787728490860001e-05,0.0
6.788728450860004e-05,0.0
6.789728410860001e-05,0.0
6.790728370860004e-05,0.0
6.791728330860002e-05,0.0166666666666666
6.792728290859999e-05,0.0166666666666666
6.793728250870004e-05,0.0166666666666666
6.794728210870001e-05,0.0166666666666666
6.795728170870004e-05,0.0
6.796728130870002e-05,0.0
6.797728090869999e-05,0.0
6.798728050870002e-05,-0.0166666666666666
6.799728010880001e-05,0.0
6.800727970880004e-05,0.0
6.801727930880002e-05,-0.0166666666666666
6.802727890879999e-05,0.0
6.803727850880002e-05,0.0
6.80472781088e-05,0.0
6.805727770890004e-05,0.0
6.806727730890002e-05,0.0166666666666666
6.807727690889999e-05,0.0166666666666666
6.808727650890002e-05,0.0166666666666666
6.80972761089e-05,0.0166666666666666
6.810727570890002e-05,0.0166666666666666
6.811727530900002e-05,0.0
6.812727490899999e-05,0.0166666666666666
6.813727450900002e-05,0.0
6.8147274109e-05,0.0
6.815727370900002e-05,0.0
6.8167273309e-05,0.0
6.817727290900003e-05,0.0166666666666666
6.818727250910002e-05,0.0
6.81972721091e-05,0.0
6.820727170910002e-05,0.0
6.82172713091e-05,0.0
6.822727090910003e-05,0.0
6.82372705091e-05,0.0
6.82472701092e-05,0.0166666666666666
6.825726970920002e-05,0.0166666666666666
6.82672693092e-05,0.0333333333333332
6.827726890920003e-05,0.0333333333333332
6.82872685092e-05,0.0333333333333332
6.829726810920003e-05,0.0166666666666666
6.830726770930002e-05,0.0166666666666666
6.83172673093e-05,0.0166666666666666
6.832726690930003e-05,0.0166666666666666
6.83372665093e-05,0.0333333333333332
6.834726610930003e-05,0.0166666666666666
6.83572657093e-05,0.0166666666666666
6.83672653094e-05,0.0166666666666666
6.837726490940003e-05,0.0333333333333332
6.83872645094e-05,0.0166666666666666
6.839726410940003e-05,0.0333333333333332
6.84072637094e-05,0.0
6.841726330940003e-05,0.0
6.842726290940001e-05,0.0
6.84372625095e-05,0.0
6.844726210950003e-05,0.0
6.84572617095e-05,0.0
6.846726130950003e-05,-0.0166666666666666
6.847726090950001e-05,-0.0166666666666666
6.848726050950004e-05,-0.0166666666666666
6.849726010960003e-05,-0.0166666666666666
6.85072597096e-05,-0.0166666666666666
6.851725930960003e-05,-0.0166666666666666
6.852725890960001e-05,-0.0166666666666666
6.853725850960004e-05,-0.0166666666666666
6.854725810960001e-05,0.0
6.85572577097e-05,0.0
6.856725730970003e-05,0.0
6.857725690970001e-05,0.0166666666666666
6.858725650970004e-05,0.0166666666666666
6.859725610970001e-05,0.0166666666666666
6.860725570970004e-05,0.0166666666666666
6.861725530980003e-05,0.0166666666666666
6.86272549098e-05,0.0
6.863725450980004e-05,0.0
6.864725410980001e-05,0.0
6.865725370980004e-05,0.0166666666666666
6.866725330980001e-05,0.0
6.867725290980004e-05,0.0
6.868725250990004e-05,0.0166666666666666
6.869725210990001e-05,0.0
6.870725170990004e-05,0.0166666666666666
6.871725130990001e-05,0.0166666666666666
6.872725090990004e-05,0.0166666666666666
6.873725050990002e-05,0.0166666666666666
6.874725011000001e-05,0.0
6.875724971000004e-05,0.0
6.876724931000001e-05,0.0166666666666666
6.877724891000004e-05,0.0
6.878724851000002e-05,0.0
6.879724810999999e-05,0.0166666666666666
6.880724771010004e-05,0.0166666666666666
6.881724731010001e-05,0.0166666666666666
6.882724691010004e-05,0.0166666666666666
6.883724651010002e-05,0.0166666666666666
6.884724611009999e-05,0.0166666666666666
6.885724571010002e-05,0.0166666666666666
6.886724531020001e-05,0.0166666666666666
6.887724491020004e-05,0.0166666666666666
6.888724451020002e-05,0.0166666666666666
6.889724411019999e-05,0.0
6.890724371020002e-05,0.0166666666666666
6.89172433102e-05,0.0166666666666666
6.892724291020002e-05,0.0
6.893724251030002e-05,0.0166666666666666
6.894724211029999e-05,0.0166666666666666
6.895724171030002e-05,0.0
6.89672413103e-05,0.0166666666666666
6.897724091030002e-05,0.0166666666666666
6.89872405103e-05,0.0166666666666666
6.899724011039999e-05,0.0166666666666666
6.900723971040002e-05,0.0166666666666666
6.90172393104e-05,0.0166666666666666
6.902723891040002e-05,0.0166666666666666
6.90372385104e-05,0.0166666666666666
6.904723811040003e-05,0.0166666666666666
6.905723771050002e-05,0.0
6.90672373105e-05,0.0
6.907723691050002e-05,0.0
6.90872365105e-05,0.0
6.909723611050003e-05,0.0
6.91072357105e-05,0.0
6.91172353106e-05,-0.0166666666666666
6.912723491060002e-05,0.0
6.91372345106e-05,0.0
6.914723411060003e-05,0.0
6.91572337106e-05,0.0
6.916723331060003e-05,0.0
6.91772329106e-05,0.0
6.91872325107e-05,0.0
6.919723211070003e-05,0.0
6.92072317107e-05,0.0
6.921723131070003e-05,0.0
6.92272309107e-05,0.0
6.923723051070003e-05,0.0166666666666666
6.924723011080003e-05,0.0166666666666666
6.92572297108e-05,0.0
6.926722931080003e-05,0.0333333333333332
6.92772289108e-05,0.0
6.928722851080003e-05,0.0166666666666666
6.929722811080001e-05,0.0166666666666666
6.93072277109e-05,0.0166666666666666
6.931722731090003e-05,0.0166666666666666
6.93272269109e-05,0.0166666666666666
6.933722651090003e-05,0.0166666666666666
6.934722611090001e-05,0.0166666666666666
6.935722571090004e-05,0.0166666666666666
6.936722531100003e-05,0.0166666666666666
6.9377224911e-05,0.0166666666666666
6.938722451100003e-05,0.0166666666666666
6.939722411100001e-05,0.0
6.940722371100004e-05,0.0
6.941722331100001e-05,0.0
6.942722291100004e-05,0.0
6.943722251110003e-05,0.0
6.944722211110001e-05,0.0166666666666666
6.945722171110004e-05,0.0166666666666666
6.946722131110001e-05,0.0
6.947722091110004e-05,0.0166666666666666
6.948722051110001e-05,0.0
6.949722011120001e-05,0.0166666666666666
6.950721971120004e-05,0.0166666666666666
6.951721931120001e-05,0.0
6.952721891120004e-05,0.0
6.953721851120001e-05,0.0
6.954721811120004e-05,-0.0166666666666666
6.955721771130004e-05,-0.0166666666666666
6.956721731130001e-05,-0.0333333333333332
6.957721691130004e-05,-0.0333333333333332
6.958721651130001e-05,-0.0333333333333332
6.959721611130004e-05,-0.0333333333333332
6.960721571130002e-05,-0.0333333333333332
6.961721531140001e-05,-0.0166666666666666
6.962721491140004e-05,0.0
6.963721451140001e-05,0.0333333333333332
6.964721411140004e-05,0.0499999999999998
6.965721371140002e-05,0.0666666666666664
6.966721331139999e-05,0.0833333333333334
6.967721291140002e-05,0.0833333333333334
6.968721251150001e-05,0.1
6.969721211150004e-05,0.1
6.970721171150002e-05,0.1
6.971721131149999e-05,0.0833333333333334
6.972721091150002e-05,0.0499999999999998
6.97372105115e-05,0.0333333333333332
6.974721011160004e-05,0.0166666666666666
6.975720971160002e-05,0.0
6.976720931159999e-05,-0.0333333333333332
6.977720891160002e-05,-0.0500000000000002
6.97872085116e-05,-0.0833333333333334
6.979720811160002e-05,-0.0833333333333334
6.980720771170002e-05,-0.0833333333333334
6.981720731169999e-05,-0.0666666666666668
6.982720691170002e-05,-0.0500000000000002
6.98372065117e-05,-0.0500000000000002
6.984720611170002e-05,-0.0333333333333332
6.98572057117e-05,-0.0166666666666666
6.986720531179999e-05,0.0
6.987720491180002e-05,0.0166666666666666
6.98872045118e-05,0.0499999999999998
6.989720411180002e-05,0.0333333333333332
6.99072037118e-05,0.0499999999999998
6.991720331180003e-05,0.0666666666666664
6.99272029118e-05,0.0666666666666664
6.99372025119e-05,0.0666666666666664
6.994720211190002e-05,0.0499999999999998
6.99572017119e-05,0.0499999999999998
6.996720131190003e-05,0.0333333333333332
6.99772009119e-05,0.0333333333333332
6.998720051190003e-05,0.0166666666666666
6.999720011200002e-05,0.0
7.0007199712e-05,0.0
7.001719931200003e-05,-0.0166666666666666
7.0027198912e-05,-0.0166666666666666
7.003719851200003e-05,-0.0333333333333332
7.0047198112e-05,-0.0333333333333332
7.00571977121e-05,-0.0333333333333332
7.006719731210003e-05,-0.0333333333333332
7.00771969121e-05,-0.0166666666666666
7.008719651210003e-05,-0.0166666666666666
7.00971961121e-05,-0.0166666666666666
7.010719571210003e-05,-0.0166666666666666
7.011719531220003e-05,0.0
7.01271949122e-05,0.0
7.013719451220003e-05,0.0
7.01471941122e-05,0.0
7.015719371220003e-05,0.0166666666666666
7.016719331220001e-05,0.0166666666666666
7.017719291220004e-05,0.0333333333333332
7.018719251230003e-05,0.0333333333333332
7.01971921123e-05,0.0333333333333332
7.020719171230003e-05,0.0333333333333332
7.021719131230001e-05,0.0499999999999998
7.022719091230004e-05,0.0333333333333332
7.023719051230001e-05,0.0499999999999998
7.02471901124e-05,0.0499999999999998
7.025718971240003e-05,0.0333333333333332
7.026718931240001e-05,0.0333333333333332
7.027718891240004e-05,0.0333333333333332
7.028718851240001e-05,0.0166666666666666
7.029718811240004e-05,0.0166666666666666
7.030718771250003e-05,0.0
7.031718731250001e-05,0.0
7.032718691250004e-05,-0.0166666666666666
7.033718651250001e-05,-0.0166666666666666
7.034718611250004e-05,-0.0166666666666666
7.035718571250002e-05,-0.0166666666666666
7.036718531260001e-05,-0.0166666666666666
7.037718491260004e-05,-0.0333333333333332
7.038718451260001e-05,-0.0333333333333332
7.039718411260004e-05,-0.0333333333333332
7.040718371260002e-05,-0.0166666666666666
7.041718331259999e-05,0.0
7.042718291260002e-05,0.0
7.043718251270001e-05,0.0
7.044718211270004e-05,0.0166666666666666
7.045718171270002e-05,0.0166666666666666
7.046718131269999e-05,0.0166666666666666
7.047718091270002e-05,0.0333333333333332
7.04871805127e-05,0.0333333333333332
7.049718011280004e-05,0.0333333333333332
7.050717971280001e-05,0.0333333333333332
7.051717931279999e-05,0.0499999999999998
7.052717891280002e-05,0.0499999999999998
7.05371785128e-05,0.0499999999999998
7.054717811280002e-05,0.0333333333333332
7.055717771290001e-05,0.0333333333333332
7.056717731290004e-05,0.0166666666666666
7.057717691290002e-05,0.0166666666666666
7.058717651289999e-05,0.0166666666666666
7.059717611290002e-05,-0.0166666666666666
7.06071757129e-05,-0.0166666666666666
7.061717531300004e-05,-0.0166666666666666
7.062717491300002e-05,-0.0166666666666666
7.063717451299999e-05,-0.0166666666666666
7.064717411300002e-05,-0.0333333333333332
7.0657173713e-05,-0.0166666666666666
7.066717331300003e-05,-0.0166666666666666
7.0677172913e-05,-0.0166666666666666
7.068717251309999e-05,-0.0166666666666666
7.069717211310002e-05,0.0
7.07071717131e-05,0.0
7.071717131310003e-05,0.0166666666666666
7.07271709131e-05,0.0166666666666666
7.073717051310003e-05,0.0333333333333332
7.074717011320002e-05,0.0333333333333332
7.07571697132e-05,0.0333333333333332
7.076716931320002e-05,0.0499999999999998
7.07771689132e-05,0.0333333333333332
7.078716851320003e-05,0.0499999999999998
7.07971681132e-05,0.0499999999999998
7.08071677133e-05,0.0333333333333332
7.081716731330002e-05,0.0333333333333332
7.08271669133e-05,0.0333333333333332
7.083716651330003e-05,0.0166666666666666
7.08471661133e-05,0.0166666666666666
7.085716571330003e-05,0.0
7.086716531340002e-05,0.0
7.08771649134e-05,0.0
7.088716451340003e-05,-0.0166666666666666
7.08971641134e-05,-0.0166666666666666
7.090716371340003e-05,-0.0166666666666666
7.09171633134e-05,-0.0166666666666666
7.092716291340004e-05,-0.0333333333333332
7.093716251350003e-05,-0.0333333333333332
7.09471621135e-05,-0.0166666666666666
7.095716171350003e-05,-0.0166666666666666
7.09671613135e-05,-0.0166666666666666
7.097716091350004e-05,-0.0166666666666666
7.098716051350001e-05,-0.0166666666666666
7.09971601136e-05,-0.0166666666666666
7.100715971360003e-05,0.0
7.10171593136e-05,0.0166666666666666
7.102715891360003e-05,0.0166666666666666
7.103715851360001e-05,0.0166666666666666
7.104715811360004e-05,0.0333333333333332
7.105715771370003e-05,0.0333333333333332
7.10671573137e-05,0.0499999999999998
7.107715691370003e-05,0.0333333333333332
7.108715651370001e-05,0.0333333333333332
7.109715611370004e-05,0.0333333333333332
7.110715571370001e-05,0.0333333333333332
7.11171553138e-05,0.0333333333333332
7.112715491380003e-05,0.0166666666666666
7.113715451380001e-05,0.0166666666666666
7.114715411380004e-05,0.0166666666666666
7.115715371380001e-05,0.0
7.116715331380004e-05,0.0
7.117715291380002e-05,-0.0166666666666666
7.118715251390001e-05,-0.0166666666666666
7.119715211390004e-05,0.0
7.120715171390001e-05,-0.0166666666666666
7.121715131390004e-05,0.0
7.122715091390002e-05,0.0
7.123715051389999e-05,0.0
7.124715011400004e-05,0.0
7.125714971400001e-05,0.0
7.126714931400004e-05,0.0
7.127714891400002e-05,0.0166666666666666
7.128714851399999e-05,0.0
7.129714811400002e-05,0.0166666666666666
7.130714771410001e-05,0.0166666666666666
7.131714731410004e-05,0.0166666666666666
7.132714691410002e-05,0.0
7.133714651409999e-05,0.0166666666666666
7.134714611410002e-05,0.0166666666666666
7.13571457141e-05,0.0
7.136714531420004e-05,0.0
7.137714491420002e-05,0.0
7.138714451419999e-05,0.0166666666666666
7.139714411420002e-05,0.0
7.14071437142e-05,0.0
7.141714331420002e-05,0.0
7.14271429142e-05,0.0
7.143714251429999e-05,0.0166666666666666
7.144714211430002e-05,0.0
7.14571417143e-05,0.0
7.146714131430002e-05,0.0166666666666666
7.14771409143e-05,0.0166666666666666
7.148714051430003e-05,0.0166666666666666
7.149714011440002e-05,0.0166666666666666
7.15071397144e-05,0.0
7.151713931440002e-05,0.0
7.15271389144e-05,0.0166666666666666
7.153713851440003e-05,0.0166666666666666
7.15471381144e-05,0.0
7.15571377145e-05,0.0
7.156713731450002e-05,0.0
7.15771369145e-05,0.0
7.158713651450003e-05,0.0
7.15971361145e-05,0.0
7.160713571450003e-05,0.0
7.161713531460002e-05,0.0166666666666666
7.16271349146e-05,0.0
7.163713451460003e-05,0.0166666666666666
7.16471341146e-05,0.0166666666666666
7.165713371460003e-05,0.0166666666666666
7.16671333146e-05,0.0166666666666666
7.167713291460003e-05,0.0166666666666666
7.168713251470003e-05,0.0166666666666666
7.16971321147e-05,0.0
7.170713171470003e-05,0.0166666666666666
7.17171313147e-05,0.0166666666666666
7.172713091470003e-05,0.0166666666666666
7.173713051470001e-05,0.0166666666666666
7.17471301148e-05,0.0166666666666666
7.175712971480003e-05,0.0
7.17671293148e-05,0.0
7.177712891480003e-05,0.0166666666666666
7.178712851480001e-05,0.0166666666666666
7.179712811480004e-05,0.0
7.180712771490003e-05,0.0166666666666666
7.18171273149e-05,0.0166666666666666
7.182712691490003e-05,0.0
7.183712651490001e-05,0.0166666666666666
7.184712611490004e-05,0.0
7.185712571490001e-05,0.0
7.1867125315e-05,0.0
7.187712491500003e-05,0.0166666666666666
7.188712451500001e-05,0.0
7.189712411500004e-05,0.0166666666666666
7.190712371500001e-05,0.0
7.191712331500004e-05,0.0
7.192712291500001e-05,0.0
7.19371225151e-05,0.0
7.194712211510004e-05,0.0
7.195712171510001e-05,0.0
7.196712131510004e-05,0.0
7.197712091510001e-05,0.0
7.198712051510004e-05,0.0
7.199712011520004e-05,0.0
7.200711971520001e-05,0.0166666666666666
7.201711931520004e-05,0.0166666666666666
7.202711891520001e-05,0.0
7.203711851520004e-05,0.0166666666666666
7.204711811520002e-05,0.0166666666666666
7.205711771530001e-05,0.0166666666666666
7.206711731530004e-05,0.0166666666666666
7.207711691530001e-05,0.0166666666666666
7.208711651530004e-05,0.0166666666666666
7.209711611530002e-05,0.0166666666666666
7.210711571529999e-05,0.0
7.211711531540004e-05,0.0166666666666666
7.212711491540001e-05,0.0166666666666666
7.213711451540004e-05,0.0166666666666666
7.214711411540002e-05,0.0166666666666666
7.215711371539999e-05,0.0
7.216711331540002e-05,0.0
7.21771129154e-05,0.0
7.218711251550004e-05,0.0
7.219711211550002e-05,0.0
7.220711171549999e-05,0.0
7.221711131550002e-05,0.0
7.22271109155e-05,0.0
7.223711051550002e-05,0.0166666666666666
7.224711011560002e-05,0.0166666666666666
7.225710971559999e-05,0.0166666666666666
7.226710931560002e-05,0.0166666666666666
7.22771089156e-05,0.0166666666666666
7.228710851560002e-05,0.0166666666666666
7.22971081156e-05,0.0
7.230710771569999e-05,0.0166666666666666
7.231710731570002e-05,0.0166666666666666
7.23271069157e-05,0.0
7.233710651570002e-05,0.0166666666666666
7.23471061157e-05,0.0166666666666666
7.235710571570003e-05,0.0
7.236710531580002e-05,0.0166666666666666
7.23771049158e-05,0.0166666666666666
7.238710451580002e-05,0.0166666666666666
7.23971041158e-05,0.0166666666666666
7.240710371580003e-05,0.0
7.24171033158e-05,0.0166666666666666
7.242710291580003e-05,0.0
7.243710251590002e-05,0.0
7.24471021159e-05,0.0166666666666666
7.245710171590003e-05,0.0
7.24671013159e-05,0.0
7.247710091590003e-05,0.0166666666666666
7.24871005159e-05,0.0
7.2497100116e-05,0.0
7.250709971600003e-05,0.0166666666666666
7.2517099316e-05,0.0166666666666666
7.252709891600003e-05,0.0166666666666666
7.2537098516e-05,0.0166666666666666
7.254709811600003e-05,0.0166666666666666
7.255709771610003e-05,0.0166666666666666
7.25670973161e-05,0.0166666666666666
7.257709691610003e-05,0.0
7.25870965161e-05,0.0
7.259709611610003e-05,0.0166666666666666
7.260709571610001e-05,0.0166666666666666
7.26170953162e-05,0.0166666666666666
7.262709491620003e-05,0.0166666666666666
7.26370945162e-05,0.0166666666666666
7.264709411620003e-05,0.0166666666666666
7.265709371620001e-05,0.0
7.266709331620004e-05,0.0166666666666666
7.267709291620001e-05,0.0166666666666666
7.26870925163e-05,0.0166666666666666
7.269709211630003e-05,0.0
7.270709171630001e-05,0.0
7.271709131630004e-05,0.0
7.272709091630001e-05,0.0
7.273709051630004e-05,0.0166666666666666
7.274709011640003e-05,0.0
7.275708971640001e-05,0.0
7.276708931640004e-05,0.0
7.277708891640001e-05,0.0166666666666666
7.278708851640004e-05,0.0166666666666666
7.279708811640001e-05,0.0166666666666666
7.280708771650001e-05,0.0166666666666666
7.281708731650004e-05,0.0166666666666666
7.282708691650001e-05,0.0
7.283708651650004e-05,0.0166666666666666
7.284708611650001e-05,0.0166666666666666
7.285708571650004e-05,0.0166666666666666
7.286708531660004e-05,0.0
7.287708491660001e-05,0.0166666666666666
7.288708451660004e-05,0.0166666666666666
7.289708411660001e-05,0.0166666666666666
7.290708371660004e-05,0.0166666666666666
7.291708331660002e-05,0.0166666666666666
7.292708291659999e-05,0.0
7.293708251670004e-05,0.0166666666666666
7.294708211670001e-05,0.0166666666666666
7.295708171670004e-05,0.0
7.296708131670002e-05,0.0
7.297708091669999e-05,0.0166666666666666
7.298708051670002e-05,0.0
7.299708011680001e-05,0.0
7.300707971680004e-05,0.0
7.301707931680002e-05,0.0166666666666666
7.302707891679999e-05,0.0
7.303707851680002e-05,0.0166666666666666
7.30470781168e-05,0.0
7.305707771690004e-05,0.0166666666666666
7.306707731690002e-05,0.0166666666666666
7.307707691689999e-05,0.0166666666666666
7.308707651690002e-05,0.0
7.30970761169e-05,0.0166666666666666
7.310707571690002e-05,0.0166666666666666
7.311707531700002e-05,0.0166666666666666
7.312707491699999e-05,0.0166666666666666
7.313707451700002e-05,0.0166666666666666
7.3147074117e-05,0.0166666666666666
7.315707371700002e-05,0.0
7.3167073317e-05,0.0166666666666666
7.317707291700003e-05,0.0
7.318707251710002e-05,0.0
7.31970721171e-05,0.0
7.320707171710002e-05,0.0166666666666666
7.32170713171e-05,0.0166666666666666
7.322707091710003e-05,0.0166666666666666
7.32370705171e-05,0.0166666666666666
7.32470701172e-05,0.0166666666666666
7.325706971720002e-05,0.0166666666666666
7.32670693172e-05,0.0
7.327706891720003e-05,0.0166666666666666
7.32870685172e-05,0.0166666666666666
7.329706811720003e-05,0.0166666666666666
7.330706771730002e-05,0.0
7.33170673173e-05,0.0
7.332706691730003e-05,0.0166666666666666
7.33370665173e-05,0.0
7.334706611730003e-05,0.0
7.33570657173e-05,0.0
7.33670653174e-05,0.0166666666666666
7.337706491740003e-05,0.0166666666666666
7.33870645174e-05,0.0
7.339706411740003e-05,0.0
7.34070637174e-05,0.0
7.341706331740003e-05,0.0
7.342706291740001e-05,0.0
7.34370625175e-05,0.0166666666666666
7.344706211750003e-05,0.0166666666666666
7.34570617175e-05,0.0166666666666666
7.346706131750003e-05,0.0
7.347706091750001e-05,0.0166666666666666
7.348706051750004e-05,0.0
7.349706011760003e-05,0.0166666666666666
7.35070597176e-05,0.0166666666666666
7.351705931760003e-05,0.0166666666666666
7.352705891760001e-05,0.0166666666666666
7.353705851760004e-05,0.0166666666666666
7.354705811760001e-05,0.0166666666666666
7.35570577177e-05,0.0166666666666666
7.356705731770003e-05,0.0166666666666666
7.357705691770001e-05,0.0166666666666666
7.358705651770004e-05,0.0166666666666666
7.359705611770001e-05,0.0166666666666666
7.360705571770004e-05,0.0166666666666666
7.361705531780003e-05,0.0166666666666666
7.362705491780001e-05,0.0
7.363705451780004e-05,0.0166666666666666
7.364705411780001e-05,0.0166666666666666
7.365705371780004e-05,0.0166666666666666
7.366705331780002e-05,0.0
7.367705291779999e-05,0.0
7.368705251790004e-05,0.0
7.369705211790001e-05,0.0
7.370705171790004e-05,0.0166666666666666
7.371705131790002e-05,0.0
7.372705091789999e-05,0.0166666666666666
7.373705051790002e-05,0.0166666666666666
7.374705011800001e-05,0.0166666666666666
7.375704971800004e-05,0.0166666666666666
7.376704931800002e-05,0.0
7.377704891799999e-05,0.0166666666666666
7.378704851800002e-05,0.0166666666666666
7.3797048118e-05,0.0166666666666666
7.380704771810004e-05,0.0166666666666666
7.381704731810001e-05,0.0166666666666666
7.382704691809999e-05,0.0
7.383704651810002e-05,0.0166666666666666
7.38470461181e-05,0.0166666666666666
7.385704571810002e-05,0.0166666666666666
7.386704531820001e-05,0.0166666666666666
7.387704491820004e-05,0.0166666666666666
7.388704451820002e-05,0.0
7.389704411819999e-05,0.0166666666666666
7.390704371820002e-05,0.0
7.39170433182e-05,0.0166666666666666
7.392704291820003e-05,0.0
7.393704251830002e-05,0.0
7.394704211829999e-05,0.0
7.395704171830002e-05,0.0166666666666666
7.39670413183e-05,0.0166666666666666
7.397704091830003e-05,0.0
7.39870405183e-05,0.0
7.399704011839999e-05,0.0166666666666666
7.400703971840002e-05,0.0
7.40170393184e-05,0.0166666666666666
7.402703891840003e-05,0.0
7.40370385184e-05,0.0
7.404703811840003e-05,0.0166666666666666
7.405703771850002e-05,0.0166666666666666
7.40670373185e-05,0.0
7.407703691850002e-05,0.0166666666666666
7.40870365185e-05,0.0
7.409703611850003e-05,0.0166666666666666
7.41070357185e-05,0.0166666666666666
7.41170353186e-05,0.0166666666666666
7.412703491860002e-05,0.0166666666666666
7.41370345186e-05,0.0166666666666666
7.414703411860003e-05,0.0166666666666666
7.41570337186e-05,0.0166666666666666
7.416703331860003e-05,0.0
7.41770329186e-05,0.0166666666666666
7.41870325187e-05,0.0166666666666666
7.419703211870003e-05,0.0166666666666666
7.42070317187e-05,0.0166666666666666
7.421703131870003e-05,0.0166666666666666
7.42270309187e-05,0.0166666666666666
7.423703051870004e-05,0.0
7.424703011880003e-05,0.0166666666666666
7.42570297188e-05,0.0
7.426702931880003e-05,0.0166666666666666
7.42770289188e-05,0.0166666666666666
7.428702851880004e-05,0.0166666666666666
7.429702811880001e-05,0.0166666666666666
7.43070277189e-05,0.0
7.431702731890003e-05,0.0166666666666666
7.43270269189e-05,0.0166666666666666
7.433702651890003e-05,0.0
7.434702611890001e-05,0.0166666666666666
7.435702571890004e-05,0.0166666666666666
7.436702531900003e-05,0.0
7.4377024919e-05,0.0166666666666666
7.438702451900003e-05,0.0
7.439702411900001e-05,0.0166666666666666
7.440702371900004e-05,0.0
7.441702331900001e-05,0.0166666666666666
7.442702291900004e-05,0.0
7.443702251910003e-05,0.0
7.444702211910001e-05,0.0
7.445702171910004e-05,0.0
7.446702131910001e-05,0.0
7.447702091910004e-05,0.0
7.448702051910002e-05,0.0166666666666666
7.449702011920001e-05,0.0166666666666666
7.450701971920004e-05,0.0166666666666666
7.451701931920001e-05,0.0166666666666666
7.452701891920004e-05,0.0166666666666666
7.453701851920002e-05,0.0166666666666666
7.454701811919999e-05,0.0166666666666666
7.455701771930004e-05,0.0166666666666666
7.456701731930001e-05,0.0166666666666666
7.457701691930004e-05,0.0166666666666666
7.458701651930002e-05,0.0
7.459701611929999e-05,0.0166666666666666
7.460701571930002e-05,0.0
7.461701531940001e-05,0.0166666666666666
7.462701491940004e-05,0.0
7.463701451940002e-05,0.0
7.464701411939999e-05,0.0
7.465701371940002e-05,0.0
7.46670133194e-05,0.0
7.467701291940002e-05,0.0166666666666666
7.468701251950002e-05,0.0
7.469701211949999e-05,0.0
7.470701171950002e-05,0.0166666666666666
7.47170113195e-05,0.0166666666666666
7.472701091950002e-05,0.0166666666666666
7.47370105195e-05,0.0
7.474701011959999e-05,0.0
7.475700971960002e-05,0.0166666666666666
7.47670093196e-05,0.0166666666666666
7.477700891960002e-05,0.0166666666666666
7.47870085196e-05,0.0166666666666666
7.479700811960003e-05,0.0166666666666666
7.480700771970002e-05,0.0166666666666666
7.48170073197e-05,0.0166666666666666
7.482700691970002e-05,0.0166666666666666
7.48370065197e-05,0.0166666666666666
7.484700611970003e-05,0.0166666666666666
7.48570057197e-05,0.0166666666666666
7.48670053198e-05,0.0
7.487700491980002e-05,0.0166666666666666
7.48870045198e-05,0.0166666666666666
7.489700411980003e-05,0.0
7.49070037198e-05,0.0166666666666666
7.491700331980003e-05,0.0
7.49270029198e-05,0.0
7.49370025199e-05,0.0
7.494700211990003e-05,0.0166666666666666
7.49570017199e-05,0.0
7.496700131990003e-05,0.0
7.49770009199e-05,0.0
7.498700051990003e-05,0.0
7.499700012000003e-05,0.0
7.500699972e-05,0.0166666666666666
7.501699932000003e-05,0.0
7.502699892e-05,0.0
7.503699852000003e-05,0.0166666666666666
7.504699812000001e-05,0.0166666666666666
7.50569977201e-05,0.0166666666666666
7.506699732010003e-05,0.0166666666666666
7.50769969201e-05,0.0166666666666666
7.508699652010003e-05,0.0
7.509699612010001e-05,0.0166666666666666
7.510699572010004e-05,0.0
7.511699532020003e-05,0.0166666666666666
7.51269949202e-05,0.0
7.513699452020003e-05,0.0166666666666666
7.514699412020001e-05,0.0166666666666666
7.515699372020004e-05,0.0166666666666666
7.516699332020001e-05,0.0166666666666666
7.517699292020004e-05,0.0166666666666666
7.518699252030003e-05,0.0166666666666666
7.51969921203e-05,0.0166666666666666
7.520699172030004e-05,0.0166666666666666
7.521699132030001e-05,0.0166666666666666
7.522699092030004e-05,0.0166666666666666
7.523699052030001e-05,0.0166666666666666
7.52469901204e-05,0.0
7.525698972040004e-05,0.0166666666666666
7.526698932040001e-05,0.0
7.527698892040004e-05,0.0166666666666666
7.528698852040001e-05,0.0
7.529698812040004e-05,0.0166666666666666
7.530698772050004e-05,0.0166666666666666
7.531698732050001e-05,0.0166666666666666
7.532698692050004e-05,0.0
7.533698652050001e-05,0.0
7.534698612050004e-05,0.0
7.535698572050002e-05,0.0166666666666666
7.536698532060001e-05,0.0166666666666666
7.537698492060004e-05,0.0166666666666666
7.538698452060001e-05,0.0
7.539698412060004e-05,0.0166666666666666
7.540698372060002e-05,0.0166666666666666
7.541698332059999e-05,0.0166666666666666
7.542698292060002e-05,0.0
7.543698252070001e-05,0.0166666666666666
7.544698212070004e-05,0.0166666666666666
7.545698172070002e-05,0.0166666666666666
7.546698132069999e-05,0.0166666666666666
7.547698092070002e-05,0.0166666666666666
7.54869805207e-05,0.0166666666666666
7.549698012080004e-05,0.0166666666666666
7.550697972080002e-05,0.0166666666666666
7.551697932079999e-05,0.0
7.552697892080002e-05,0.0
7.55369785208e-05,0.0166666666666666
7.554697812080002e-05,0.0166666666666666
7.555697772090002e-05,0.0
7.556697732089999e-05,0.0166666666666666
7.557697692090002e-05,0.0166666666666666
7.55869765209e-05,0.0
7.559697612090002e-05,0.0166666666666666
7.56069757209e-05,0.0
7.561697532099999e-05,0.0
7.562697492100002e-05,0.0166666666666666
7.5636974521e-05,0.0166666666666666
7.564697412100002e-05,0.0
7.5656973721e-05,0.0166666666666666
7.566697332100003e-05,0.0
7.5676972921e-05,0.0166666666666666
7.56869725211e-05,0.0166666666666666
7.569697212110002e-05,0.0
7.57069717211e-05,0.0166666666666666
7.571697132110003e-05,0.0166666666666666
7.57269709211e-05,0.0166666666666666
7.573697052110003e-05,0.0166666666666666
7.574697012120002e-05,0.0166666666666666
7.57569697212e-05,0.0166666666666666
7.576696932120003e-05,0.0166666666666666
7.57769689212e-05,0.0
7.578696852120003e-05,0.0166666666666666
7.57969681212e-05,0.0166666666666666
7.58069677213e-05,0.0
7.581696732130003e-05,0.0166666666666666
7.58269669213e-05,0.0166666666666666
7.583696652130003e-05,0.0166666666666666
7.58469661213e-05,0.0
7.585696572130003e-05,0.0
7.586696532140003e-05,0.0166666666666666
7.58769649214e-05,0.0166666666666666
7.588696452140003e-05,0.0166666666666666
7.58969641214e-05,0.0
7.590696372140003e-05,0.0166666666666666
7.591696332140001e-05,0.0166666666666666
7.592696292140004e-05,0.0
7.593696252150003e-05,0.0166666666666666
7.59469621215e-05,0.0
7.595696172150003e-05,0.0166666666666666
7.596696132150001e-05,0.0
7.597696092150004e-05,0.0166666666666666
7.598696052150001e-05,0.0166666666666666
7.59969601216e-05,0.0166666666666666
7.600695972160003e-05,0.0166666666666666
7.601695932160001e-05,0.0
7.602695892160004e-05,0.0166666666666666
7.603695852160001e-05,0.0166666666666666
7.604695812160004e-05,0.0166666666666666
7.605695772170003e-05,0.0
7.606695732170001e-05,0.0
7.607695692170004e-05,0.0166666666666666
7.608695652170001e-05,0.0166666666666666
7.609695612170004e-05,0.0
7.610695572170001e-05,0.0166666666666666
7.611695532180001e-05,0.0166666666666666
7.612695492180004e-05,0.0166666666666666
7.613695452180001e-05,0.0166666666666666
7.614695412180004e-05,0.0166666666666666
7.615695372180001e-05,0.0166666666666666
7.616695332180004e-05,0.0
7.617695292180002e-05,0.0166666666666666
7.618695252190001e-05,0.0
7.619695212190004e-05,0.0166666666666666
7.620695172190001e-05,0.0166666666666666
7.621695132190004e-05,0.0166666666666666
7.622695092190002e-05,0.0
7.623695052189999e-05,0.0166666666666666
7.624695012200004e-05,0.0166666666666666
7.625694972200001e-05,0.0
7.626694932200004e-05,0.0
7.627694892200002e-05,0.0166666666666666
7.628694852199999e-05,0.0
7.629694812200002e-05,0.0166666666666666
7.630694772210001e-05,0.0166666666666666
7.631694732210004e-05,0.0166666666666666
7.632694692210002e-05,0.0
7.633694652209999e-05,0.0
7.634694612210002e-05,0.0
7.63569457221e-05,0.0166666666666666
7.636694532220004e-05,0.0
7.637694492220002e-05,0.0
7.638694452219999e-05,0.0166666666666666
7.639694412220002e-05,0.0
7.64069437222e-05,0.0166666666666666
7.641694332220002e-05,0.0166666666666666
7.64269429222e-05,0.0
7.643694252229999e-05,0.0166666666666666
7.644694212230002e-05,0.0166666666666666
7.64569417223e-05,0.0166666666666666
7.646694132230002e-05,0.0166666666666666
7.64769409223e-05,0.0166666666666666
7.648694052230003e-05,0.0166666666666666
7.649694012240002e-05,0.0166666666666666
7.65069397224e-05,0.0166666666666666
7.651693932240002e-05,0.0166666666666666
7.65269389224e-05,0.0166666666666666
7.653693852240003e-05,0.0166666666666666
7.65469381224e-05,0.0166666666666666
7.65569377225e-05,0.0166666666666666
7.656693732250002e-05,0.0166666666666666
7.65769369225e-05,0.0
7.658693652250003e-05,0.0166666666666666
7.65969361225e-05,0.0166666666666666
7.660693572250003e-05,0.0
7.661693532260002e-05,0.0
7.66269349226e-05,0.0
7.663693452260003e-05,0.0
7.66469341226e-05,0.0166666666666666
7.665693372260003e-05,0.0
7.66669333226e-05,0.0166666666666666
7.667693292260003e-05,0.0
7.668693252270003e-05,0.0166666666666666
7.66969321227e-05,0.0
7.670693172270003e-05,0.0
7.67169313227e-05,0.0166666666666666
7.672693092270003e-05,0.0
7.673693052270001e-05,0.0166666666666666
7.67469301228e-05,0.0166666666666666
7.675692972280003e-05,0.0166666666666666
7.67669293228e-05,0.0166666666666666
7.677692892280003e-05,0.0166666666666666
7.678692852280001e-05,0.0
7.679692812280004e-05,0.0166666666666666
7.680692772290003e-05,0.0
7.68169273229e-05,0.0
7.682692692290003e-05,0.0
7.683692652290001e-05,0.0166666666666666
7.684692612290004e-05,0.0166666666666666
7.685692572290001e-05,0.0333333333333332
7.6866925323e-05,0.0166666666666666
7.687692492300003e-05,-0.0166666666666666
7.688692452300001e-05,0.0
7.689692412300004e-05,0.0
7.690692372300001e-05,0.0166666666666666
7.691692332300004e-05,0.0166666666666666
7.692692292300002e-05,0.0166666666666666
7.693692252310001e-05,0.0
7.694692212310004e-05,0.0
7.695692172310001e-05,0.0166666666666666
7.696692132310004e-05,0.0166666666666666
7.697692092310002e-05,0.0166666666666666
7.698692052309999e-05,0.0333333333333332
7.699692012320004e-05,0.0333333333333332
7.700691972320001e-05,0.0166666666666666
7.701691932320004e-05,0.0
7.702691892320002e-05,0.0
7.703691852319999e-05,0.0166666666666666
7.704691812320002e-05,0.0166666666666666
7.705691772330001e-05,0.0166666666666666
7.706691732330004e-05,0.0166666666666666
7.707691692330002e-05,0.0166666666666666
7.708691652329999e-05,0.0
7.709691612330002e-05,-0.0166666666666666
7.71069157233e-05,0.0
7.711691532340004e-05,0.0166666666666666
7.712691492340001e-05,0.0166666666666666
7.713691452339999e-05,0.0166666666666666
7.714691412340002e-05,0.0
7.71569137234e-05,0.0166666666666666
7.716691332340002e-05,0.0
7.71769129234e-05,0.0166666666666666
7.718691252350004e-05,0.0166666666666666
7.719691212350002e-05,0.0
7.720691172349999e-05,0.0
7.721691132350002e-05,0.0
7.72269109235e-05,0.0166666666666666
7.723691052350003e-05,0.0166666666666666
7.724691012360002e-05,0.0166666666666666
7.725690972359999e-05,0.0166666666666666
7.726690932360002e-05,0.0166666666666666
7.72769089236e-05,0.0166666666666666
7.728690852360003e-05,0.0166666666666666
7.72969081236e-05,0.0
7.730690772369999e-05,0.0166666666666666
7.731690732370002e-05,0.0166666666666666
7.73269069237e-05,0.0166666666666666
7.733690652370003e-05,0.0
7.73469061237e-05,0.0166666666666666
7.735690572370003e-05,0.0
7.736690532380002e-05,0.0
7.73769049238e-05,0.0
7.738690452380002e-05,0.0
7.73969041238e-05,0.0
7.740690372380003e-05,0.0166666666666666
7.74169033238e-05,0.0166666666666666
7.742690292380003e-05,0.0
7.743690252390002e-05,0.0166666666666666
7.74469021239e-05,0.0166666666666666
7.745690172390003e-05,0.0166666666666666
7.74669013239e-05,0.0333333333333332
7.747690092390003e-05,0.0166666666666666
7.74869005239e-05,0.0166666666666666
7.7496900124e-05,0.0
7.750689972400003e-05,0.0166666666666666
7.7516899324e-05,0.0166666666666666
7.752689892400003e-05,0.0166666666666666
7.7536898524e-05,0.0166666666666666
7.754689812400004e-05,0.0
7.755689772410003e-05,0.0
7.75668973241e-05,0.0
7.757689692410003e-05,0.0
7.75868965241e-05,0.0166666666666666
7.759689612410004e-05,0.0166666666666666
7.760689572410001e-05,0.0166666666666666
7.76168953242e-05,0.0166666666666666
7.762689492420003e-05,0.0
7.76368945242e-05,0.0166666666666666
7.764689412420003e-05,0.0166666666666666
7.765689372420001e-05,0.0166666666666666
7.766689332420004e-05,0.0166666666666666
7.767689292420001e-05,0.0166666666666666
7.76868925243e-05,0.0166666666666666
7.769689212430003e-05,0.0
7.770689172430001e-05,0.0
7.771689132430004e-05,0.0166666666666666
7.772689092430001e-05,0.0
7.773689052430004e-05,0.0166666666666666
7.774689012440003e-05,0.0166666666666666
7.775688972440001e-05,0.0166666666666666
7.776688932440004e-05,0.0166666666666666
7.777688892440001e-05,0.0
7.778688852440004e-05,0.0166666666666666
7.779688812440002e-05,0.0166666666666666
7.780688772450001e-05,0.0
7.781688732450004e-05,0.0166666666666666
7.782688692450001e-05,0.0166666666666666
7.783688652450004e-05,0.0166666666666666
7.784688612450002e-05,0.0166666666666666
7.785688572449999e-05,0.0166666666666666
7.786688532460004e-05,0.0166666666666666
7.787688492460001e-05,0.0166666666666666
7.788688452460004e-05,0.0
7.789688412460002e-05,0.0166666666666666
7.790688372459999e-05,0.0166666666666666
7.791688332460002e-05,0.0166666666666666
7.79268829246e-05,0.0166666666666666
7.793688252470004e-05,0.0166666666666666
7.794688212470002e-05,0.0166666666666666
7.795688172469999e-05,0.0166666666666666
7.796688132470002e-05,0.0166666666666666
7.79768809247e-05,0.0166666666666666
7.798688052470002e-05,0.0166666666666666
7.799688012480002e-05,0.0
7.800687972479999e-05,0.0166666666666666
7.801687932480002e-05,0.0
7.80268789248e-05,0.0166666666666666
7.803687852480002e-05,0.0166666666666666
7.80468781248e-05,0.0
7.805687772489999e-05,0.0
7.806687732490002e-05,0.0166666666666666
7.80768769249e-05,0.0
7.808687652490002e-05,0.0
7.80968761249e-05,0.0
7.810687572490003e-05,0.0
7.811687532500002e-05,0.0166666666666666
7.8126874925e-05,0.0
7.813687452500002e-05,0.0166666666666666
7.8146874125e-05,0.0
7.815687372500003e-05,0.0166666666666666
7.8166873325e-05,0.0166666666666666
7.817687292500003e-05,0.0166666666666666
7.818687252510002e-05,0.0
7.81968721251e-05,0.0
7.820687172510003e-05,0.0166666666666666
7.82168713251e-05,0.0
7.822687092510003e-05,0.0
7.82368705251e-05,0.0
7.82468701252e-05,0.0
7.825686972520003e-05,0.0166666666666666
7.82668693252e-05,0.0166666666666666
7.827686892520003e-05,0.0
7.82868685252e-05,0.0166666666666666
7.829686812520003e-05,0.0166666666666666
7.830686772530003e-05,0.0
7.83168673253e-05,0.0
7.832686692530003e-05,0.0
7.83368665253e-05,0.0166666666666666
7.834686612530003e-05,0.0
7.835686572530001e-05,0.0
7.83668653254e-05,0.0
7.837686492540003e-05,0.0
7.83868645254e-05,0.0166666666666666
7.839686412540003e-05,0.0
7.840686372540001e-05,0.0166666666666666
7.841686332540004e-05,0.0
7.842686292540001e-05,0.0
7.84368625255e-05,0.0166666666666666
7.844686212550003e-05,0.0
7.845686172550001e-05,0.0
7.846686132550004e-05,0.0
7.847686092550001e-05,0.0166666666666666
7.848686052550004e-05,0.0166666666666666
7.849686012560003e-05,0.0166666666666666
7.85068597256e-05,0.0166666666666666
7.851685932560004e-05,0.0166666666666666
7.852685892560001e-05,0.0
7.853685852560004e-05,0.0166666666666666
7.854685812560001e-05,0.0166666666666666
7.85568577257e-05,0.0166666666666666
7.856685732570004e-05,0.0
7.857685692570001e-05,0.0
7.858685652570004e-05,0.0
7.859685612570001e-05,0.0166666666666666
7.860685572570004e-05,0.0166666666666666
7.861685532580004e-05,0.0
7.862685492580001e-05,0.0166666666666666
7.863685452580004e-05,0.0166666666666666
7.864685412580001e-05,0.0
7.865685372580004e-05,0.0166666666666666
7.866685332580002e-05,0.0
7.867685292579999e-05,0.0166666666666666
7.868685252590004e-05,0.0
7.869685212590001e-05,0.0
7.870685172590004e-05,0.0166666666666666
7.871685132590002e-05,0.0
7.872685092589999e-05,0.0166666666666666
7.873685052590002e-05,0.0166666666666666
7.874685012600001e-05,0.0166666666666666
7.875684972600004e-05,0.0166666666666666
7.876684932600002e-05,0.0166666666666666
7.877684892599999e-05,0.0166666666666666
7.878684852600002e-05,0.0166666666666666
7.8796848126e-05,0.0166666666666666
7.880684772610004e-05,0.0166666666666666
7.881684732610002e-05,0.0
7.882684692609999e-05,0.0166666666666666
7.883684652610002e-05,0.0166666666666666
7.88468461261e-05,0.0166666666666666
7.885684572610002e-05,0.0166666666666666
7.886684532620002e-05,0.0166666666666666
7.887684492619999e-05,0.0166666666666666
7.888684452620002e-05,0.0166666666666666
7.88968441262e-05,0.0
7.890684372620002e-05,0.0166666666666666
7.89168433262e-05,0.0166666666666666
7.892684292620003e-05,0.0
7.893684252630002e-05,0.0166666666666666
7.89468421263e-05,0.0
7.895684172630002e-05,0.0166666666666666
7.89668413263e-05,0.0166666666666666
7.897684092630003e-05,0.0
7.89868405263e-05,0.0
7.89968401264e-05,0.0
7.900683972640002e-05,0.0166666666666666
7.90168393264e-05,0.0
7.902683892640003e-05,0.0
7.90368385264e-05,0.0166666666666666
7.904683812640003e-05,0.0
7.905683772650002e-05,0.0
7.90668373265e-05,0.0166666666666666
7.907683692650003e-05,0.0
7.90868365265e-05,0.0
7.909683612650003e-05,0.0
7.91068357265e-05,0.0
7.91168353266e-05,0.0166666666666666
7.912683492660003e-05,0.0166666666666666
7.91368345266e-05,0.0
7.914683412660003e-05,0.0
7.91568337266e-05,0.0166666666666666
7.916683332660003e-05,0.0
7.917683292660001e-05,0.0
7.91868325267e-05,0.0166666666666666
7.919683212670003e-05,0.0166666666666666
7.92068317267e-05,0.0166666666666666
7.921683132670003e-05,0.0
7.922683092670001e-05,0.0
7.923683052670004e-05,0.0166666666666666
7.924683012680003e-05,0.0
7.92568297268e-05,0.0
7.926682932680003e-05,0.0166666666666666
7.927682892680001e-05,0.0166666666666666
7.928682852680004e-05,0.0
7.929682812680001e-05,0.0
7.93068277269e-05,0.0
7.931682732690003e-05,0.0
7.932682692690001e-05,0.0166666666666666
7.933682652690004e-05,0.0166666666666666
7.934682612690001e-05,0.0166666666666666
7.935682572690004e-05,0.0166666666666666
7.936682532700003e-05,0.0166666666666666
7.937682492700001e-05,0.0166666666666666
7.938682452700004e-05,0.0
7.939682412700001e-05,0.0166666666666666
7.940682372700004e-05,0.0
7.941682332700001e-05,0.0
7.942682292699999e-05,0.0
7.943682252710004e-05,0.0
7.944682212710001e-05,0.0166666666666666
7.945682172710004e-05,0.0
7.946682132710001e-05,0.0
7.947682092710004e-05,0.0
7.948682052710002e-05,0.0166666666666666
7.949682012720001e-05,0.0
7.950681972720004e-05,0.0
7.951681932720001e-05,0.0166666666666666
7.952681892720004e-05,0.0
7.953681852720002e-05,0.0
7.954681812719999e-05,0.0166666666666666
7.955681772730004e-05,0.0166666666666666
7.956681732730001e-05,0.0166666666666666
7.957681692730004e-05,0.0
7.958681652730002e-05,0.0166666666666666
7.959681612729999e-05,0.0166666666666666
7.960681572730002e-05,0.0
7.961681532740001e-05,0.0
7.962681492740004e-05,0.0166666666666666
7.963681452740002e-05,0.0
7.964681412739999e-05,0.0
7.965681372740002e-05,0.0166666666666666
7.96668133274e-05,0.0166666666666666
7.967681292740002e-05,0.0
7.968681252750002e-05,0.0
7.969681212749999e-05,0.0
7.970681172750002e-05,0.0166666666666666
7.97168113275e-05,0.0
7.972681092750002e-05,0.0166666666666666
7.97368105275e-05,0.0166666666666666
7.974681012759999e-05,0.0
7.975680972760002e-05,0.0
7.97668093276e-05,0.0166666666666666
7.977680892760002e-05,0.0
7.97868085276e-05,0.0
7.979680812760003e-05,0.0
7.980680772770002e-05,0.0166666666666666
7.98168073277e-05,0.0166666666666666
7.982680692770002e-05,0.0166666666666666
7.98368065277e-05,0.0166666666666666
7.984680612770003e-05,0.0166666666666666
7.98568057277e-05,0.0166666666666666
7.98668053278e-05,0.0166666666666666
7.987680492780002e-05,0.0166666666666666
7.98868045278e-05,0.0166666666666666
7.989680412780003e-05,0.0166666666666666
7.99068037278e-05,0.0166666666666666
7.991680332780003e-05,0.0166666666666666
7.99268029278e-05,0.0
7.99368025279e-05,0.0
7.994680212790003e-05,0.0
7.99568017279e-05,0.0
7.996680132790003e-05,0.0
7.99768009279e-05,0.0
7.998680052790003e-05,0.0
7.999680012800003e-05,0.0
8.0006799728e-05,0.0166666666666666
8.001679932800003e-05,0.0
8.0026798928e-05,0.0
8.003679852800003e-05,0.0
8.004679812800001e-05,0.0
8.00567977281e-05,0.0166666666666666
8.006679732810003e-05,0.0166666666666666
8.00767969281e-05,0.0166666666666666
8.008679652810003e-05,0.0
8.009679612810001e-05,0.0
8.010679572810004e-05,0.0166666666666666
8.011679532820003e-05,0.0166666666666666
8.01267949282e-05,0.0166666666666666
8.013679452820003e-05,0.0166666666666666
8.014679412820001e-05,0.0166666666666666
8.015679372820004e-05,0.0166666666666666
8.016679332820001e-05,0.0166666666666666
8.017679292820004e-05,0.0
8.018679252830003e-05,0.0166666666666666
8.019679212830001e-05,0.0166666666666666
8.020679172830004e-05,0.0
8.021679132830001e-05,0.0166666666666666
8.022679092830004e-05,0.0166666666666666
8.023679052830002e-05,0.0166666666666666
8.024679012840001e-05,0.0
8.025678972840004e-05,0.0166666666666666
8.026678932840001e-05,0.0
8.027678892840004e-05,0.0166666666666666
8.028678852840002e-05,0.0
8.029678812839999e-05,0.0166666666666666
8.030678772850004e-05,0.0166666666666666
8.031678732850001e-05,0.0166666666666666
8.032678692850004e-05,0.0166666666666666
8.033678652850002e-05,0.0166666666666666
8.034678612849999e-05,0.0
8.035678572850002e-05,0.0166666666666666
8.036678532860001e-05,0.0166666666666666
8.037678492860004e-05,0.0166666666666666
8.038678452860002e-05,0.0166666666666666
8.039678412859999e-05,0.0166666666666666
8.040678372860002e-05,0.0166666666666666
8.04167833286e-05,0.0166666666666666
8.042678292860002e-05,0.0
8.043678252870001e-05,0.0166666666666666
8.044678212870004e-05,0.0
8.045678172870002e-05,0.0166666666666666
8.04667813287e-05,0.0
8.047678092870002e-05,0.0
8.04867805287e-05,0.0166666666666666
8.049678012880004e-05,0.0166666666666666
8.050677972880002e-05,0.0
8.051677932879999e-05,0.0
8.052677892880002e-05,0.0166666666666666
8.05367785288e-05,0.0
8.054677812880003e-05,0.0
8.055677772890002e-05,0.0166666666666666
8.056677732889999e-05,0.0166666666666666
8.057677692890002e-05,0.0166666666666666
8.05867765289e-05,0.0166666666666666
8.059677612890003e-05,0.0166666666666666
8.06067757289e-05,0.0166666666666666
8.061677532899999e-05,0.0166666666666666
8.062677492900002e-05,0.0166666666666666
8.0636774529e-05,0.0166666666666666
8.064677412900003e-05,0.0166666666666666
8.0656773729e-05,0.0166666666666666
8.066677332900003e-05,0.0166666666666666
8.0676772929e-05,0.0166666666666666
8.06867725291e-05,0.0166666666666666
8.069677212910002e-05,0.0166666666666666
8.07067717291e-05,0.0
8.071677132910003e-05,0.0
8.07267709291e-05,0.0
8.073677052910003e-05,0.0
8.074677012920002e-05,0.0
8.07567697292e-05,0.0
8.076676932920003e-05,0.0166666666666666
8.07767689292e-05,0.0
8.078676852920003e-05,0.0
8.07967681292e-05,0.0
8.08067677293e-05,0.0166666666666666
8.081676732930003e-05,0.0
8.08267669293e-05,0.0
8.083676652930003e-05,0.0
8.08467661293e-05,0.0166666666666666
8.085676572930004e-05,0.0166666666666666
8.086676532940003e-05,0.0
8.08767649294e-05,0.0166666666666666
8.088676452940003e-05,0.0166666666666666
8.08967641294e-05,0.0166666666666666
8.090676372940004e-05,0.0166666666666666
8.091676332940001e-05,0.0166666666666666
8.092676292940004e-05,0.0166666666666666
8.093676252950003e-05,0.0166666666666666
8.09467621295e-05,0.0166666666666666
8.095676172950003e-05,0.0166666666666666
8.096676132950001e-05,0.0
8.097676092950004e-05,0.0166666666666666
8.098676052950001e-05,0.0
8.09967601296e-05,0.0
8.100675972960003e-05,0.0
8.101675932960001e-05,0.0166666666666666
8.102675892960004e-05,0.0
8.103675852960001e-05,0.0
8.104675812960004e-05,0.0166666666666666
8.105675772970003e-05,0.0166666666666666
8.106675732970001e-05,0.0166666666666666
8.107675692970004e-05,0.0166666666666666
8.108675652970001e-05,0.0166666666666666
8.109675612970004e-05,0.0166666666666666
8.110675572970002e-05,0.0166666666666666
8.111675532980001e-05,0.0166666666666666
8.112675492980004e-05,0.0
8.113675452980001e-05,0.0166666666666666
8.114675412980004e-05,0.0
8.115675372980002e-05,0.0166666666666666
8.116675332979999e-05,0.0166666666666666
8.117675292980002e-05,0.0
8.118675252990001e-05,0.0166666666666666
8.119675212990004e-05,0.0
8.120675172990002e-05,0.0
8.121675132989999e-05,0.0166666666666666
8.122675092990002e-05,0.0166666666666666
8.12367505299e-05,0.0
8.124675013000004e-05,0.0166666666666666
8.125674973000002e-05,0.0
8.126674932999999e-05,0.0166666666666666
8.127674893000002e-05,0.0166666666666666
8.128674853e-05,0.0166666666666666
8.129674813000002e-05,0.0
8.130674773010002e-05,0.0
8.131674733009999e-05,0.0
8.132674693010002e-05,0.0
8.13367465301e-05,0.0166666666666666
8.134674613010002e-05,0.0
8.13567457301e-05,0.0
8.136674533019999e-05,0.0166666666666666
8.137674493020002e-05,0.0
8.13867445302e-05,0.0
8.139674413020002e-05,0.0166666666666666
8.14067437302e-05,0.0
8.141674333020003e-05,0.0166666666666666
8.14267429302e-05,0.0166666666666666
8.14367425303e-05,0.0166666666666666
8.144674213030002e-05,0.0166666666666666
8.14567417303e-05,0.0166666666666666
8.146674133030003e-05,0.0166666666666666
8.14767409303e-05,0.0166666666666666
8.148674053030003e-05,0.0166666666666666
8.149674013040002e-05,0.0
8.15067397304e-05,0.0166666666666666
8.151673933040003e-05,0.0166666666666666
8.15267389304e-05,0.0333333333333332
8.153673853040003e-05,0.0166666666666666
8.15467381304e-05,0.0166666666666666
8.15567377305e-05,0.0166666666666666
8.156673733050003e-05,0.0166666666666666
8.15767369305e-05,0.0166666666666666
8.158673653050003e-05,0.0166666666666666
8.15967361305e-05,0.0166666666666666
8.160673573050003e-05,0.0166666666666666
8.161673533060003e-05,0.0166666666666666
8.16267349306e-05,0.0166666666666666
8.163673453060003e-05,0.0166666666666666
8.16467341306e-05,0.0
8.165673373060003e-05,0.0
8.166673333060001e-05,0.0166666666666666
8.167673293060004e-05,0.0166666666666666
8.168673253070003e-05,0.0
8.16967321307e-05,0.0
8.170673173070003e-05,0.0
8.171673133070001e-05,0.0166666666666666
8.172673093070004e-05,0.0
8.173673053070001e-05,0.0
8.17467301308e-05,0.0
8.175672973080003e-05,0.0
8.176672933080001e-05,0.0
8.177672893080004e-05,0.0166666666666666
8.178672853080001e-05,0.0
8.179672813080004e-05,0.0166666666666666
8.180672773090003e-05,0.0166666666666666
8.18167273309e-05,0.0
8.182672693090004e-05,0.0
8.183672653090001e-05,0.0166666666666666
8.184672613090004e-05,0.0
8.185672573090001e-05,0.0166666666666666
8.1866725331e-05,0.0166666666666666
8.187672493100004e-05,0.0166666666666666
8.188672453100001e-05,0.0
8.189672413100004e-05,0.0166666666666666
8.190672373100001e-05,0.0166666666666666
8.191672333100004e-05,0.0166666666666666
8.192672293100002e-05,0.0166666666666666
8.193672253110001e-05,0.0
8.194672213110004e-05,0.0
8.195672173110001e-05,0.0166666666666666
8.196672133110004e-05,0.0
8.197672093110002e-05,0.0166666666666666
8.198672053109999e-05,0.0
8.199672013120004e-05,0.0
8.200671973120001e-05,0.0
8.201671933120004e-05,0.0166666666666666
8.202671893120002e-05,0.0
8.203671853119999e-05,0.0
8.204671813120002e-05,0.0166666666666666
8.205671773130001e-05,0.0
8.206671733130004e-05,0.0166666666666666
8.207671693130002e-05,0.0166666666666666
8.208671653129999e-05,0.0166666666666666
8.209671613130002e-05,0.0166666666666666
8.21067157313e-05,0.0166666666666666
8.211671533140004e-05,0.0166666666666666
8.212671493140002e-05,0.0
8.213671453139999e-05,0.0166666666666666
8.214671413140002e-05,0.0166666666666666
8.21567137314e-05,0.0
8.216671333140002e-05,0.0
8.21767129314e-05,0.0166666666666666
8.218671253149999e-05,0.0166666666666666
8.219671213150002e-05,0.0166666666666666
8.22067117315e-05,0.0
8.221671133150002e-05,0.0
8.22267109315e-05,0.0166666666666666
8.223671053150003e-05,0.0166666666666666
8.224671013160002e-05,0.0166666666666666
8.22567097316e-05,0.0166666666666666
8.226670933160002e-05,0.0166666666666666
8.22767089316e-05,0.0166666666666666
8.228670853160003e-05,0.0166666666666666
8.22967081316e-05,0.0166666666666666
8.23067077317e-05,0.0166666666666666
8.231670733170002e-05,0.0166666666666666
8.23267069317e-05,0.0
8.233670653170003e-05,0.0166666666666666
8.23467061317e-05,0.0
8.235670573170003e-05,0.0166666666666666
8.236670533180002e-05,0.0166666666666666
8.23767049318e-05,0.0
8.238670453180003e-05,0.0
8.23967041318e-05,0.0
8.240670373180003e-05,0.0
8.24167033318e-05,0.0166666666666666
8.242670293180003e-05,0.0166666666666666
8.243670253190003e-05,0.0166666666666666
8.24467021319e-05,0.0166666666666666
8.245670173190003e-05,0.0166666666666666
8.24667013319e-05,0.0166666666666666
8.247670093190003e-05,0.0166666666666666
8.248670053190001e-05,0.0166666666666666
8.2496700132e-05,0.0166666666666666
8.250669973200003e-05,0.0166666666666666
8.2516699332e-05,0.0166666666666666
8.252669893200003e-05,0.0166666666666666
8.253669853200001e-05,0.0
8.254669813200004e-05,0.0166666666666666
8.255669773210003e-05,0.0166666666666666
8.25666973321e-05,0.0
8.257669693210003e-05,0.0
8.258669653210001e-05,0.0
8.259669613210004e-05,0.0166666666666666
8.260669573210001e-05,0.0166666666666666
8.26166953322e-05,0.0166666666666666
8.262669493220003e-05,0.0166666666666666
8.263669453220001e-05,0.0166666666666666
8.264669413220004e-05,0.0166666666666666
8.265669373220001e-05,0.0166666666666666
8.266669333220004e-05,0.0166666666666666
8.267669293220002e-05,0.0166666666666666
8.268669253230001e-05,0.0166666666666666
8.269669213230004e-05,0.0166666666666666
8.270669173230001e-05,0.0
8.271669133230004e-05,0.0
8.272669093230001e-05,0.0
8.273669053230004e-05,0.0
8.274669013240004e-05,0.0166666666666666
8.275668973240001e-05,0.0166666666666666
8.276668933240004e-05,0.0166666666666666
8.277668893240001e-05,0.0333333333333332
8.278668853240004e-05,0.0166666666666666
8.279668813240002e-05,0.0166666666666666
8.280668773250001e-05,0.0166666666666666
8.281668733250004e-05,0.0166666666666666
8.282668693250001e-05,0.0
8.283668653250004e-05,0.0166666666666666
8.284668613250002e-05,0.0
8.285668573249999e-05,0.0
8.286668533260004e-05,0.0
8.287668493260001e-05,0.0
8.288668453260004e-05,0.0
8.289668413260002e-05,0.0
8.290668373259999e-05,0.0166666666666666
8.291668333260002e-05,0.0166666666666666
8.29266829326e-05,0.0
8.293668253270004e-05,0.0166666666666666
8.294668213270002e-05,0.0
8.295668173269999e-05,0.0
8.296668133270002e-05,0.0
8.29766809327e-05,0.0166666666666666
8.298668053270002e-05,0.0166666666666666
8.299668013280002e-05,0.0166666666666666
8.300667973279999e-05,0.0166666666666666
8.301667933280002e-05,0.0166666666666666
8.30266789328e-05,0.0
8.303667853280002e-05,0.0
8.30466781328e-05,0.0
8.305667773289999e-05,0.0
8.306667733290002e-05,0.0
8.30766769329e-05,0.0
8.308667653290002e-05,0.0
8.30966761329e-05,0.0
8.310667573290003e-05,0.0
8.311667533300002e-05,0.0166666666666666
8.3126674933e-05,0.0166666666666666
8.313667453300002e-05,0.0166666666666666
8.3146674133e-05,0.0166666666666666
8.315667373300003e-05,0.0166666666666666
8.3166673333e-05,0.0166666666666666
8.317667293300003e-05,0.0166666666666666
8.318667253310002e-05,0.0166666666666666
8.31966721331e-05,0.0
8.320667173310003e-05,0.0166666666666666
8.32166713331e-05,0.0
8.322667093310003e-05,0.0
8.32366705331e-05,0.0
8.32466701332e-05,0.0
8.325666973320003e-05,0.0
8.32666693332e-05,0.0166666666666666
8.327666893320003e-05,0.0333333333333332
8.32866685332e-05,0.0166666666666666
8.329666813320003e-05,0.0333333333333332
8.330666773330003e-05,0.0166666666666666
8.33166673333e-05,0.0166666666666666
8.332666693330003e-05,0.0166666666666666
8.33366665333e-05,0.0166666666666666
8.334666613330003e-05,0.0
8.335666573330001e-05,0.0
8.33666653334e-05,0.0
8.337666493340003e-05,0.0
8.33866645334e-05,0.0166666666666666
8.339666413340003e-05,0.0166666666666666
8.340666373340001e-05,0.0
8.341666333340004e-05,0.0166666666666666
8.342666293340001e-05,0.0166666666666666
8.34366625335e-05,0.0166666666666666
8.344666213350003e-05,0.0166666666666666
8.345666173350001e-05,0.0
8.346666133350004e-05,0.0
8.347666093350001e-05,0.0166666666666666
8.348666053350004e-05,0.0166666666666666
8.349666013360003e-05,0.0
8.350665973360001e-05,0.0
8.351665933360004e-05,0.0166666666666666
8.352665893360001e-05,0.0
8.353665853360004e-05,0.0
8.354665813360002e-05,0.0
8.355665773370001e-05,0.0166666666666666
8.356665733370004e-05,0.0
8.357665693370001e-05,0.0
8.358665653370004e-05,0.0
8.359665613370002e-05,0.0
8.360665573369999e-05,0.0166666666666666
8.361665533380004e-05,0.0166666666666666
8.362665493380001e-05,0.0333333333333332
8.363665453380004e-05,0.0166666666666666
8.364665413380002e-05,0.0333333333333332
8.365665373379999e-05,0.0333333333333332
8.366665333380002e-05,0.0166666666666666
8.36766529338e-05,0.0166666666666666
8.368665253390004e-05,0.0166666666666666
8.369665213390002e-05,0.0
8.370665173389999e-05,0.0166666666666666
8.371665133390002e-05,0.0
8.37266509339e-05,0.0
8.373665053390002e-05,0.0
8.374665013400001e-05,0.0
8.375664973400004e-05,0.0
8.376664933400002e-05,0.0166666666666666
8.3776648934e-05,0.0
8.378664853400002e-05,0.0166666666666666
8.3796648134e-05,0.0166666666666666
8.380664773410004e-05,0.0166666666666666
8.381664733410002e-05,0.0333333333333332
8.382664693409999e-05,0.0166666666666666
8.383664653410002e-05,0.0166666666666666
8.38466461341e-05,0.0166666666666666
8.385664573410003e-05,0.0
8.386664533420002e-05,0.0166666666666666
8.387664493419999e-05,0.0166666666666666
8.388664453420002e-05,0.0
8.38966441342e-05,0.0
8.390664373420003e-05,0.0
8.39166433342e-05,0.0
8.392664293420003e-05,0.0166666666666666
8.393664253430002e-05,0.0166666666666666
8.39466421343e-05,0.0166666666666666
8.395664173430003e-05,0.0166666666666666
8.39666413343e-05,0.0166666666666666
8.397664093430003e-05,0.0333333333333332
8.39866405343e-05,0.0166666666666666
8.39966401344e-05,0.0166666666666666
8.400663973440002e-05,0.0333333333333332
8.40166393344e-05,0.0166666666666666
8.402663893440003e-05,0.0
8.40366385344e-05,0.0
8.404663813440003e-05,0.0
8.405663773450002e-05,0.0166666666666666
8.40666373345e-05,0.0166666666666666
8.407663693450003e-05,0.0
8.40866365345e-05,0.0
8.409663613450003e-05,0.0166666666666666
8.41066357345e-05,0.0
8.41166353346e-05,0.0166666666666666
8.412663493460003e-05,0.0166666666666666
8.41366345346e-05,0.0166666666666666
8.414663413460003e-05,0.0166666666666666
8.41566337346e-05,0.0166666666666666
8.416663333460004e-05,0.0166666666666666
8.417663293460001e-05,0.0166666666666666
8.41866325347e-05,0.0166666666666666
8.419663213470003e-05,0.0
8.42066317347e-05,0.0166666666666666
8.421663133470004e-05,0.0166666666666666
8.422663093470001e-05,0.0166666666666666
8.423663053470004e-05,0.0
8.424663013480003e-05,0.0
8.42566297348e-05,0.0
8.426662933480003e-05,0.0166666666666666
8.427662893480001e-05,0.0166666666666666
8.428662853480004e-05,0.0166666666666666
8.429662813480001e-05,0.0166666666666666
8.43066277349e-05,0.0
8.431662733490003e-05,0.0
8.432662693490001e-05,0.0
8.433662653490004e-05,0.0
8.434662613490001e-05,0.0
8.435662573490004e-05,0.0
8.436662533500003e-05,0.0
8.437662493500001e-05,0.0
8.438662453500004e-05,0.0
8.439662413500001e-05,0.0
8.440662373500004e-05,0.0
8.441662333500002e-05,0.0
8.442662293499999e-05,0.0166666666666666
8.443662253510004e-05,0.0166666666666666
8.444662213510001e-05,0.0166666666666666
8.445662173510004e-05,0.0333333333333332
8.446662133510002e-05,0.0166666666666666
8.447662093509999e-05,0.0166666666666666
8.448662053510002e-05,0.0166666666666666
8.449662013520001e-05,0.0166666666666666
8.450661973520004e-05,0.0166666666666666
8.451661933520002e-05,0.0166666666666666
8.452661893519999e-05,0.0166666666666666
8.453661853520002e-05,0.0166666666666666
8.45466181352e-05,0.0166666666666666
8.455661773530004e-05,0.0166666666666666
8.456661733530002e-05,0.0
8.457661693529999e-05,0.0166666666666666
8.458661653530002e-05,0.0166666666666666
8.45966161353e-05,0.0
8.460661573530002e-05,0.0
8.461661533540002e-05,0.0166666666666666
8.462661493539999e-05,0.0166666666666666
8.463661453540002e-05,0.0166666666666666
8.46466141354e-05,0.0166666666666666
8.465661373540002e-05,0.0
8.46666133354e-05,0.0166666666666666
8.467661293540003e-05,0.0166666666666666
8.468661253550002e-05,0.0
8.46966121355e-05,0.0166666666666666
8.470661173550002e-05,0.0
8.47166113355e-05,0.0
8.472661093550003e-05,0.0166666666666666
8.47366105355e-05,0.0
8.47466101356e-05,0.0166666666666666
8.475660973560002e-05,0.0
8.47666093356e-05,0.0166666666666666
8.477660893560003e-05,0.0166666666666666
8.47866085356e-05,0.0166666666666666
8.479660813560003e-05,0.0166666666666666
8.480660773570002e-05,0.0166666666666666
8.48166073357e-05,0.0166666666666666
8.482660693570003e-05,0.0166666666666666
8.48366065357e-05,0.0166666666666666
8.484660613570003e-05,0.0166666666666666
8.48566057357e-05,0.0166666666666666
8.48666053358e-05,0.0
8.487660493580003e-05,0.0166666666666666
8.48866045358e-05,0.0
8.489660413580003e-05,0.0166666666666666
8.49066037358e-05,0.0
8.491660333580003e-05,0.0166666666666666
8.492660293580001e-05,0.0166666666666666
8.49366025359e-05,0.0166666666666666
8.494660213590003e-05,0.0166666666666666
8.49566017359e-05,0.0166666666666666
8.496660133590003e-05,0.0166666666666666
8.497660093590001e-05,0.0166666666666666
8.498660053590004e-05,0.0166666666666666
8.499660013600003e-05,0.0166666666666666
8.5006599736e-05,0.0166666666666666
8.501659933600003e-05,0.0166666666666666
8.502659893600001e-05,0.0166666666666666
8.503659853600004e-05,0.0166666666666666
8.504659813600001e-05,0.0166666666666666
8.50565977361e-05,0.0166666666666666
8.506659733610003e-05,0.0166666666666666
8.507659693610001e-05,0.0166666666666666
8.508659653610004e-05,0.0166666666666666
8.509659613610001e-05,0.0333333333333332
8.510659573610004e-05,0.0166666666666666
8.511659533620003e-05,0.0166666666666666
8.51265949362e-05,0.0166666666666666
8.513659453620004e-05,0.0166666666666666
8.514659413620001e-05,0.0166666666666666
8.515659373620004e-05,0.0166666666666666
8.516659333620001e-05,0.0166666666666666
8.517659293620004e-05,0.0166666666666666
8.518659253630004e-05,0.0166666666666666
8.519659213630001e-05,0.0166666666666666
8.520659173630004e-05,0.0166666666666666
8.521659133630001e-05,0.0
8.522659093630004e-05,0.0166666666666666
8.523659053630002e-05,0.0166666666666666
8.524659013640001e-05,0.0166666666666666
8.525658973640004e-05,0.0166666666666666
8.526658933640001e-05,0.0
8.527658893640004e-05,0.0166666666666666
8.528658853640002e-05,0.0166666666666666
8.529658813639999e-05,0.0
8.530658773650004e-05,0.0166666666666666
8.531658733650001e-05,0.0
8.532658693650004e-05,0.0
8.533658653650002e-05,0.0166666666666666
8.534658613649999e-05,0.0
8.535658573650002e-05,0.0
8.536658533660001e-05,0.0166666666666666
8.537658493660004e-05,0.0166666666666666
8.538658453660002e-05,0.0166666666666666
8.539658413659999e-05,0.0166666666666666
8.540658373660002e-05,0.0166666666666666
8.54165833366e-05,0.0333333333333332
8.542658293660002e-05,0.0166666666666666
8.543658253670002e-05,0.0166666666666666
8.544658213669999e-05,0.0166666666666666
8.545658173670002e-05,0.0166666666666666
8.54665813367e-05,0.0166666666666666
8.547658093670002e-05,0.0166666666666666
8.54865805367e-05,0.0
8.549658013679999e-05,0.0166666666666666
8.550657973680002e-05,0.0
8.55165793368e-05,0.0
8.552657893680002e-05,0.0
8.55365785368e-05,-0.0166666666666666
8.554657813680003e-05,0.0
8.555657773690002e-05,0.0
8.55665773369e-05,-0.0166666666666666
8.557657693690002e-05,0.0
8.55865765369e-05,0.0
8.559657613690003e-05,0.0166666666666666
8.56065757369e-05,0.0
8.5616575337e-05,0.0166666666666666
8.562657493700002e-05,0.0166666666666666
8.5636574537e-05,0.0166666666666666
8.564657413700003e-05,0.0166666666666666
8.5656573737e-05,0.0166666666666666
8.566657333700003e-05,0.0166666666666666
8.5676572937e-05,0.0166666666666666
8.56865725371e-05,0.0333333333333332
8.569657213710003e-05,0.0499999999999998
8.57065717371e-05,0.0666666666666664
8.571657133710003e-05,0.0666666666666664
8.57265709371e-05,0.0833333333333334
8.573657053710003e-05,0.0499999999999998
8.574657013720003e-05,0.0333333333333332
8.57565697372e-05,0.0166666666666666
8.576656933720003e-05,0.0
8.57765689372e-05,0.0
8.578656853720003e-05,-0.0166666666666666
8.579656813720001e-05,-0.0166666666666666
8.58065677373e-05,-0.0166666666666666
8.581656733730003e-05,-0.0166666666666666
8.58265669373e-05,-0.0166666666666666
8.583656653730003e-05,0.0
8.584656613730001e-05,0.0
8.585656573730004e-05,0.0
8.586656533740003e-05,0.0
8.58765649374e-05,0.0
8.588656453740003e-05,0.0
8.589656413740001e-05,-0.0166666666666666
8.590656373740004e-05,0.0
8.591656333740001e-05,0.0
8.592656293740004e-05,0.0
8.593656253750003e-05,0.0
8.594656213750001e-05,-0.0166666666666666
8.595656173750004e-05,0.0
8.596656133750001e-05,0.0
8.597656093750004e-05,0.0166666666666666
8.598656053750002e-05,0.0
8.599656013760001e-05,0.0166666666666666
8.600655973760004e-05,0.0166666666666666
8.601655933760001e-05,0.0166666666666666
8.602655893760004e-05,0.0166666666666666
8.603655853760001e-05,0.0166666666666666
8.604655813760004e-05,0.0166666666666666
8.605655773770004e-05,0.0166666666666666
8.606655733770001e-05,0.0
8.607655693770004e-05,0.0166666666666666
8.608655653770001e-05,0.0166666666666666
8.609655613770004e-05,0.0166666666666666
8.610655573770002e-05,0.0
8.611655533780001e-05,0.0166666666666666
8.612655493780004e-05,0.0166666666666666
8.613655453780001e-05,0.0166666666666666
8.614655413780004e-05,0.0166666666666666
8.615655373780002e-05,0.0166666666666666
8.616655333779999e-05,0.0166666666666666
8.617655293780002e-05,0.0166666666666666
8.618655253790001e-05,0.0333333333333332
8.619655213790004e-05,0.0166666666666666
8.620655173790002e-05,0.0166666666666666
8.621655133789999e-05,0.0333333333333332
8.622655093790002e-05,0.0166666666666666
8.62365505379e-05,0.0166666666666666
8.624655013800004e-05,0.0166666666666666
8.625654973800002e-05,0.0166666666666666
8.626654933799999e-05,0.0
8.627654893800002e-05,0.0
8.6286548538e-05,0.0166666666666666
8.629654813800002e-05,0.0
8.630654773810002e-05,0.0
8.631654733809999e-05,0.0
8.632654693810002e-05,0.0166666666666666
8.63365465381e-05,0.0166666666666666
8.634654613810002e-05,0.0166666666666666
8.63565457381e-05,0.0166666666666666
8.636654533819999e-05,0.0166666666666666
8.637654493820002e-05,0.0166666666666666
8.63865445382e-05,0.0166666666666666
8.639654413820002e-05,0.0166666666666666
8.64065437382e-05,0.0166666666666666
8.641654333820003e-05,0.0
8.64265429382e-05,0.0
8.64365425383e-05,0.0166666666666666
8.644654213830002e-05,0.0166666666666666
8.64565417383e-05,0.0
8.646654133830003e-05,0.0
8.64765409383e-05,0.0166666666666666
8.648654053830003e-05,0.0166666666666666
8.649654013840002e-05,0.0
8.65065397384e-05,0.0166666666666666
8.651653933840003e-05,0.0166666666666666
8.65265389384e-05,0.0
8.653653853840003e-05,0.0
8.65465381384e-05,0.0166666666666666
8.65565377385e-05,0.0166666666666666
8.656653733850003e-05,0.0166666666666666
8.65765369385e-05,0.0166666666666666
8.658653653850003e-05,0.0166666666666666
8.65965361385e-05,0.0166666666666666
8.660653573850003e-05,0.0166666666666666
8.661653533860003e-05,0.0333333333333332
8.66265349386e-05,0.0166666666666666
8.663653453860003e-05,0.0166666666666666
8.66465341386e-05,0.0166666666666666
8.665653373860003e-05,0.0166666666666666
8.666653333860001e-05,0.0166666666666666
8.667653293860004e-05,0.0
8.668653253870003e-05,0.0
8.66965321387e-05,0.0
8.670653173870003e-05,0.0
8.671653133870001e-05,0.0
8.672653093870004e-05,0.0
8.673653053870001e-05,0.0
8.67465301388e-05,0.0
8.675652973880003e-05,-0.0166666666666666
8.676652933880001e-05,0.0
8.677652893880004e-05,0.0
8.678652853880001e-05,0.0
8.679652813880004e-05,0.0
8.680652773890003e-05,0.0
8.681652733890001e-05,0.0
8.682652693890004e-05,0.0166666666666666
8.683652653890001e-05,0.0166666666666666
8.684652613890004e-05,0.0166666666666666
8.685652573890002e-05,0.0333333333333332
8.686652533900001e-05,0.0333333333333332
8.687652493900004e-05,0.0166666666666666
8.688652453900001e-05,0.0333333333333332
8.689652413900004e-05,0.0166666666666666
8.690652373900002e-05,0.0166666666666666
8.691652333899999e-05,0.0166666666666666
8.692652293900002e-05,0.0166666666666666
8.693652253910001e-05,0.0166666666666666
8.694652213910004e-05,0.0166666666666666
8.695652173910002e-05,0.0166666666666666
8.696652133909999e-05,0.0166666666666666
8.697652093910002e-05,0.0166666666666666
8.69865205391e-05,0.0166666666666666
8.699652013920004e-05,0.0166666666666666
8.700651973920002e-05,0.0166666666666666
8.701651933919999e-05,0.0
8.702651893920002e-05,0.0166666666666666
8.70365185392e-05,0.0
8.704651813920002e-05,0.0
8.705651773930001e-05,0.0
8.706651733930004e-05,0.0
8.707651693930002e-05,0.0
8.708651653929999e-05,0.0
8.709651613930002e-05,0.0
8.71065157393e-05,0.0
8.711651533940004e-05,0.0166666666666666
8.712651493940002e-05,0.0166666666666666
8.713651453939999e-05,0.0166666666666666
8.714651413940002e-05,0.0
8.71565137394e-05,0.0166666666666666
8.716651333940003e-05,0.0
8.71765129394e-05,0.0166666666666666
8.718651253949999e-05,0.0166666666666666
8.719651213950002e-05,0.0166666666666666
8.72065117395e-05,0.0166666666666666
8.721651133950003e-05,0.0
8.72265109395e-05,0.0166666666666666
8.723651053950003e-05,0.0166666666666666
8.724651013960002e-05,0.0166666666666666
8.72565097396e-05,0.0166666666666666
8.726650933960003e-05,0.0166666666666666
8.72765089396e-05,0.0166666666666666
8.728650853960003e-05,0.0
8.72965081396e-05,0.0166666666666666
8.73065077397e-05,0.0166666666666666
8.731650733970002e-05,0.0166666666666666
8.73265069397e-05,0.0166666666666666
8.733650653970003e-05,0.0333333333333332
8.73465061397e-05,0.0333333333333332
8.735650573970003e-05,0.0166666666666666
8.736650533980002e-05,0.0166666666666666
8.73765049398e-05,0.0
8.738650453980003e-05,0.0
8.73965041398e-05,-0.0166666666666666
8.740650373980003e-05,-0.0166666666666666
8.74165033398e-05,-0.0166666666666666
8.742650293980004e-05,-0.0166666666666666
8.743650253990003e-05,0.0
8.74465021399e-05,0.0
8.745650173990003e-05,0.0166666666666666
8.74665013399e-05,0.0166666666666666
8.747650093990004e-05,0.0333333333333332
8.748650053990001e-05,0.0166666666666666
8.749650014e-05,0.0166666666666666
8.750649974000003e-05,0.0333333333333332
8.751649934e-05,0.0333333333333332
8.752649894000004e-05,0.0333333333333332
8.753649854000001e-05,0.0333333333333332
8.754649814000004e-05,0.0333333333333332
8.755649774010003e-05,0.0333333333333332
8.75664973401e-05,0.0333333333333332
8.757649694010003e-05,0.0333333333333332
8.758649654010001e-05,0.0333333333333332
8.759649614010004e-05,0.0333333333333332
8.760649574010001e-05,0.0166666666666666
8.76164953402e-05,0.0166666666666666
8.762649494020003e-05,0.0166666666666666
8.763649454020001e-05,0.0166666666666666
8.764649414020004e-05,0.0166666666666666
8.765649374020001e-05,0.0166666666666666
8.766649334020004e-05,0.0166666666666666
8.767649294020002e-05,0.0166666666666666
8.768649254030001e-05,0.0166666666666666
8.769649214030004e-05,0.0166666666666666
8.770649174030001e-05,0.0
8.771649134030004e-05,0.0
8.772649094030002e-05,0.0
8.773649054029999e-05,0.0
8.774649014040004e-05,0.0
8.775648974040001e-05,-0.0166666666666666
8.776648934040004e-05,-0.0166666666666666
8.777648894040002e-05,-0.0333333333333332
8.778648854039999e-05,-0.0166666666666666
8.779648814040002e-05,-0.0166666666666666
8.780648774050001e-05,-0.0166666666666666
8.781648734050004e-05,0.0
8.782648694050002e-05,0.0
8.783648654049999e-05,0.0
8.784648614050002e-05,0.0
8.78564857405e-05,0.0166666666666666
8.786648534060004e-05,0.0
8.787648494060002e-05,-0.0166666666666666
8.788648454059999e-05,0.0
8.789648414060002e-05,0.0
8.79064837406e-05,0.0
8.791648334060002e-05,0.0166666666666666
8.79264829406e-05,0.0166666666666666
8.793648254069999e-05,0.0166666666666666
8.794648214070002e-05,0.0333333333333332
8.79564817407e-05,0.0333333333333332
8.796648134070002e-05,0.0333333333333332
8.79764809407e-05,0.0333333333333332
8.798648054070003e-05,0.0333333333333332
8.799648014080002e-05,0.0333333333333332
8.80064797408e-05,0.0499999999999998
8.801647934080002e-05,0.0333333333333332
8.80264789408e-05,0.0333333333333332
8.803647854080003e-05,0.0499999999999998
8.80464781408e-05,0.0333333333333332
8.80564777409e-05,0.0333333333333332
8.806647734090002e-05,0.0333333333333332
8.80764769409e-05,0.0333333333333332
8.808647654090003e-05,0.0166666666666666
8.80964761409e-05,0.0166666666666666
8.810647574090003e-05,0.0166666666666666
8.811647534100002e-05,0.0166666666666666
8.8126474941e-05,0.0
8.813647454100003e-05,0.0
8.8146474141e-05,-0.0166666666666666
8.815647374100003e-05,0.0166666666666666
8.8166473341e-05,0.0
8.817647294100003e-05,0.0
8.818647254110003e-05,0.0
8.81964721411e-05,0.0166666666666666
8.820647174110003e-05,0.0166666666666666
8.82164713411e-05,0.0166666666666666
8.822647094110003e-05,0.0
8.823647054110001e-05,0.0
8.82464701412e-05,0.0166666666666666
8.825646974120003e-05,0.0
8.82664693412e-05,0.0
8.827646894120003e-05,0.0
8.828646854120001e-05,0.0
8.829646814120004e-05,0.0
8.830646774130003e-05,0.0
8.83164673413e-05,0.0
8.832646694130003e-05,0.0
8.833646654130001e-05,0.0
8.834646614130004e-05,0.0166666666666666
8.835646574130001e-05,0.0166666666666666
8.83664653414e-05,0.0
8.837646494140003e-05,0.0166666666666666
8.838646454140001e-05,0.0166666666666666
8.839646414140004e-05,0.0
8.840646374140001e-05,0.0
8.841646334140004e-05,0.0
8.842646294140001e-05,0.0
8.84364625415e-05,0.0166666666666666
8.844646214150004e-05,0.0166666666666666
8.845646174150001e-05,0.0166666666666666
8.846646134150004e-05,0.0
8.847646094150001e-05,0.0166666666666666
8.848646054150004e-05,0.0166666666666666
8.849646014160004e-05,0.0166666666666666
8.850645974160001e-05,0.0166666666666666
8.851645934160004e-05,0.0166666666666666
8.852645894160001e-05,0.0166666666666666
8.853645854160004e-05,0.0166666666666666
8.854645814160002e-05,0.0166666666666666
8.855645774170001e-05,0.0166666666666666
8.856645734170004e-05,0.0333333333333332
8.857645694170001e-05,0.0166666666666666
8.858645654170004e-05,0.0333333333333332
8.859645614170002e-05,0.0166666666666666
8.860645574169999e-05,0.0166666666666666
8.861645534180004e-05,0.0166666666666666
8.862645494180001e-05,0.0166666666666666
8.863645454180004e-05,0.0166666666666666
8.864645414180002e-05,0.0
8.865645374179999e-05,0.0
8.866645334180002e-05,0.0166666666666666
8.86764529418e-05,0.0166666666666666
8.868645254190004e-05,0.0166666666666666
8.869645214190002e-05,0.0166666666666666
8.870645174189999e-05,0.0166666666666666
8.871645134190002e-05,0.0166666666666666
8.87264509419e-05,0.0166666666666666
8.873645054190002e-05,0.0166666666666666
8.874645014200002e-05,0.0
8.875644974199999e-05,0.0
8.876644934200002e-05,0.0
8.8776448942e-05,0.0
8.878644854200002e-05,0.0
8.8796448142e-05,0.0
8.880644774209999e-05,0.0
8.881644734210002e-05,0.0166666666666666
8.88264469421e-05,0.0
8.883644654210002e-05,0.0
8.88464461421e-05,0.0166666666666666
8.885644574210003e-05,0.0166666666666666
8.886644534220002e-05,0.0
8.88764449422e-05,0.0
8.888644454220002e-05,0.0166666666666666
8.88964441422e-05,0.0
8.890644374220003e-05,0.0
8.89164433422e-05,0.0
8.892644294220003e-05,0.0
8.893644254230002e-05,0.0166666666666666
8.89464421423e-05,0.0166666666666666
8.895644174230003e-05,0.0
8.89664413423e-05,0.0166666666666666
8.897644094230003e-05,0.0166666666666666
8.89864405423e-05,0.0166666666666666
8.89964401424e-05,0.0
8.900643974240003e-05,0.0166666666666666
8.90164393424e-05,0.0166666666666666
8.902643894240003e-05,0.0
8.90364385424e-05,0.0166666666666666
8.904643814240003e-05,0.0
8.905643774250003e-05,0.0166666666666666
8.90664373425e-05,0.0
8.907643694250003e-05,0.0166666666666666
8.90864365425e-05,0.0
8.909643614250003e-05,0.0166666666666666
8.910643574250001e-05,0.0166666666666666
8.91164353426e-05,0.0166666666666666
8.912643494260003e-05,0.0
8.91364345426e-05,0.0166666666666666
8.914643414260003e-05,0.0
8.915643374260001e-05,0.0
8.916643334260004e-05,0.0166666666666666
8.917643294260001e-05,0.0
8.91864325427e-05,0.0166666666666666
8.919643214270003e-05,0.0166666666666666
8.920643174270001e-05,0.0166666666666666
8.921643134270004e-05,0.0166666666666666
8.922643094270001e-05,0.0166666666666666
8.923643054270004e-05,0.0166666666666666
8.924643014280003e-05,0.0166666666666666
8.925642974280001e-05,0.0166666666666666
8.926642934280004e-05,0.0166666666666666
8.927642894280001e-05,0.0166666666666666
8.928642854280004e-05,0.0166666666666666
8.929642814280002e-05,0.0333333333333332
8.930642774290001e-05,0.0333333333333332
8.931642734290004e-05,0.0333333333333332
8.932642694290001e-05,0.0166666666666666
8.933642654290004e-05,0.0333333333333332
8.934642614290001e-05,0.0166666666666666
8.935642574290004e-05,0.0166666666666666
8.936642534300004e-05,0.0166666666666666
8.937642494300001e-05,0.0
8.938642454300004e-05,0.0
8.939642414300001e-05,0.0
8.940642374300004e-05,0.0
8.941642334300002e-05,0.0166666666666666
8.942642294299999e-05,0.0
8.943642254310004e-05,0.0166666666666666
8.944642214310001e-05,0.0166666666666666
8.945642174310004e-05,0.0166666666666666
8.946642134310002e-05,0.0166666666666666
8.947642094309999e-05,0.0166666666666666
8.948642054310002e-05,0.0
8.949642014320001e-05,0.0
8.950641974320004e-05,0.0
8.951641934320002e-05,0.0
8.952641894319999e-05,0.0166666666666666
8.953641854320002e-05,0.0
8.95464181432e-05,0.0
8.955641774330004e-05,0.0166666666666666
8.956641734330002e-05,0.0
8.957641694329999e-05,0.0166666666666666
8.958641654330002e-05,0.0
8.95964161433e-05,0.0
8.960641574330002e-05,0.0
8.961641534340002e-05,0.0166666666666666
8.962641494339999e-05,0.0
8.963641454340002e-05,0.0166666666666666
8.96464141434e-05,0.0166666666666666
8.965641374340002e-05,0.0166666666666666
8.96664133434e-05,0.0166666666666666
8.967641294340003e-05,0.0166666666666666
8.968641254350002e-05,0.0166666666666666
8.96964121435e-05,0.0166666666666666
8.970641174350002e-05,0.0166666666666666
8.97164113435e-05,0.0166666666666666
8.972641094350003e-05,0.0
8.97364105435e-05,0.0
8.97464101436e-05,0.0166666666666666
8.975640974360002e-05,0.0166666666666666
8.97664093436e-05,0.0166666666666666
8.977640894360003e-05,0.0166666666666666
8.97864085436e-05,0.0166666666666666
8.979640814360003e-05,0.0166666666666666
8.980640774370002e-05,0.0166666666666666
8.98164073437e-05,0.0166666666666666
8.982640694370003e-05,0.0166666666666666
8.98364065437e-05,0.0166666666666666
8.984640614370003e-05,0.0
8.98564057437e-05,0.0333333333333332
8.98664053438e-05,0.0
8.987640494380003e-05,0.0166666666666666
8.98864045438e-05,0.0166666666666666
8.989640414380003e-05,0.0166666666666666
8.99064037438e-05,0.0166666666666666
8.991640334380003e-05,0.0166666666666666
8.992640294380001e-05,0.0166666666666666
8.99364025439e-05,0.0166666666666666
8.994640214390003e-05,0.0166666666666666
8.99564017439e-05,0.0166666666666666
8.996640134390003e-05,0.0
8.997640094390001e-05,0.0166666666666666
8.998640054390004e-05,0.0166666666666666
8.999640014400003e-05,0.0
9.0006399744e-05,0.0
9.001639934400003e-05,0.0166666666666666
9.002639894400001e-05,0.0166666666666666
9.003639854400004e-05,0.0
9.004639814400001e-05,0.0166666666666666
9.00563977441e-05,0.0166666666666666
9.006639734410003e-05,0.0166666666666666
9.007639694410001e-05,0.0
9.008639654410004e-05,0.0
9.009639614410001e-05,0.0
9.010639574410004e-05,0.0
9.011639534420003e-05,0.0
9.012639494420001e-05,0.0
9.013639454420004e-05,0.0166666666666666
9.014639414420001e-05,0.0
9.015639374420004e-05,0.0166666666666666
9.016639334420002e-05,0.0
9.017639294419999e-05,0.0
9.018639254430004e-05,0.0
9.019639214430001e-05,0.0166666666666666
9.020639174430004e-05,0.0
9.021639134430002e-05,0.0166666666666666
9.022639094429999e-05,0.0
9.023639054430002e-05,0.0166666666666666
9.024639014440001e-05,0.0166666666666666
9.025638974440004e-05,0.0166666666666666
9.026638934440002e-05,0.0166666666666666
9.027638894439999e-05,0.0166666666666666
9.028638854440002e-05,0.0166666666666666
9.02963881444e-05,0.0166666666666666
9.030638774450004e-05,0.0166666666666666
9.031638734450002e-05,0.0166666666666666
9.032638694449999e-05,0.0166666666666666
9.033638654450002e-05,0.0166666666666666
9.03463861445e-05,0.0166666666666666
9.035638574450002e-05,0.0166666666666666
9.036638534460001e-05,0.0166666666666666
9.037638494460004e-05,0.0166666666666666
9.038638454460002e-05,0.0
9.039638414459999e-05,0.0166666666666666
9.040638374460002e-05,0.0166666666666666
9.04163833446e-05,0.0166666666666666
9.042638294460003e-05,0.0166666666666666
9.043638254470002e-05,0.0166666666666666
9.044638214469999e-05,0.0166666666666666
9.045638174470002e-05,0.0166666666666666
9.04663813447e-05,0.0
9.047638094470003e-05,0.0166666666666666
9.04863805447e-05,0.0
9.049638014479999e-05,0.0166666666666666
9.050637974480002e-05,0.0
9.05163793448e-05,0.0166666666666666
9.052637894480003e-05,0.0166666666666666
9.05363785448e-05,0.0
9.054637814480003e-05,0.0333333333333332
9.055637774490002e-05,0.0333333333333332
9.05663773449e-05,0.0166666666666666
9.057637694490003e-05,0.0166666666666666
9.05863765449e-05,0.0166666666666666
9.059637614490003e-05,0.0166666666666666
9.06063757449e-05,0.0166666666666666
9.0616375345e-05,0.0166666666666666
9.062637494500002e-05,0.0166666666666666
9.0636374545e-05,0.0166666666666666
9.064637414500003e-05,0.0166666666666666
9.0656373745e-05,0.0166666666666666
9.066637334500003e-05,0.0166666666666666
9.067637294500001e-05,0.0166666666666666
9.06863725451e-05,0.0333333333333332
9.069637214510003e-05,0.0166666666666666
9.07063717451e-05,0.0166666666666666
9.071637134510003e-05,0.0166666666666666
9.07263709451e-05,0.0166666666666666
9.073637054510004e-05,0.0166666666666666
9.074637014520003e-05,0.0166666666666666
9.07563697452e-05,0.0166666666666666
9.076636934520003e-05,0.0166666666666666
9.07763689452e-05,0.0166666666666666
9.078636854520004e-05,0.0
9.079636814520001e-05,0.0166666666666666
9.08063677453e-05,0.0
9.081636734530003e-05,0.0166666666666666
9.08263669453e-05,0.0
9.083636654530004e-05,0.0
9.084636614530001e-05,0.0
9.085636574530004e-05,0.0
9.086636534540003e-05,0.0
9.08763649454e-05,0.0
9.088636454540003e-05,0.0
9.089636414540001e-05,0.0
9.090636374540004e-05,0.0
9.091636334540001e-05,0.0166666666666666
9.092636294540004e-05,0.0166666666666666
9.093636254550003e-05,0.0166666666666666
9.094636214550001e-05,0.0166666666666666
9.095636174550004e-05,0.0166666666666666
9.096636134550001e-05,0.0166666666666666
9.097636094550004e-05,0.0166666666666666
9.098636054550002e-05,0.0166666666666666
9.099636014560001e-05,0.0166666666666666
9.100635974560004e-05,0.0166666666666666
9.101635934560001e-05,0.0166666666666666
9.102635894560004e-05,0.0166666666666666
9.103635854560002e-05,0.0166666666666666
9.104635814559999e-05,0.0166666666666666
9.105635774570004e-05,0.0166666666666666
9.106635734570001e-05,0.0
9.107635694570004e-05,0.0166666666666666
9.108635654570002e-05,0.0166666666666666
9.109635614569999e-05,0.0166666666666666
9.110635574570002e-05,0.0166666666666666
9.111635534580001e-05,0.0166666666666666
9.112635494580004e-05,0.0166666666666666
9.113635454580002e-05,0.0166666666666666
9.114635414579999e-05,0.0333333333333332
9.115635374580002e-05,0.0166666666666666
9.11663533458e-05,0.0166666666666666
9.117635294580002e-05,0.0166666666666666
9.118635254590002e-05,0.0166666666666666
9.119635214589999e-05,0.0166666666666666
9.120635174590002e-05,0.0166666666666666
9.12163513459e-05,0.0
9.122635094590002e-05,0.0166666666666666
9.12363505459e-05,0.0166666666666666
9.124635014599999e-05,0.0166666666666666
9.125634974600002e-05,0.0166666666666666
9.1266349346e-05,0.0166666666666666
9.127634894600002e-05,0.0166666666666666
9.1286348546e-05,0.0166666666666666
9.129634814600003e-05,0.0166666666666666
9.130634774610002e-05,0.0166666666666666
9.13163473461e-05,0.0166666666666666
9.132634694610002e-05,0.0166666666666666
9.13363465461e-05,0.0
9.134634614610003e-05,0.0166666666666666
9.13563457461e-05,0.0166666666666666
9.13663453462e-05,0.0166666666666666
9.137634494620002e-05,0.0166666666666666
9.13863445462e-05,0.0
9.139634414620003e-05,0.0166666666666666
9.14063437462e-05,0.0
9.141634334620003e-05,0.0166666666666666
9.14263429462e-05,0.0166666666666666
9.14363425463e-05,0.0
9.144634214630003e-05,0.0
9.14563417463e-05,0.0166666666666666
9.146634134630003e-05,0.0
9.14763409463e-05,0.0166666666666666
9.148634054630003e-05,0.0
9.149634014640003e-05,0.0166666666666666
9.15063397464e-05,0.0166666666666666
9.151633934640003e-05,0.0166666666666666
9.15263389464e-05,0.0166666666666666
9.153633854640003e-05,0.0333333333333332
9.154633814640001e-05,0.0166666666666666
9.15563377465e-05,0.0166666666666666
9.156633734650003e-05,0.0166666666666666
9.15763369465e-05,0.0166666666666666
9.158633654650003e-05,0.0
9.159633614650001e-05,0.0166666666666666
9.160633574650004e-05,0.0
9.161633534660003e-05,0.0166666666666666
9.16263349466e-05,0.0166666666666666
9.163633454660003e-05,0.0
9.164633414660001e-05,0.0
9.165633374660004e-05,0.0166666666666666
9.166633334660001e-05,0.0
9.167633294660004e-05,0.0166666666666666
9.168633254670003e-05,0.0166666666666666
9.169633214670001e-05,0.0166666666666666
9.170633174670004e-05,0.0166666666666666
9.171633134670001e-05,0.0166666666666666
9.172633094670004e-05,0.0166666666666666
9.173633054670001e-05,0.0166666666666666
9.17463301468e-05,0.0166666666666666
9.175632974680004e-05,0.0
9.176632934680001e-05,0.0
9.177632894680004e-05,0.0166666666666666
9.178632854680001e-05,0.0166666666666666
9.179632814680004e-05,0.0166666666666666
9.180632774690004e-05,0.0166666666666666
9.181632734690001e-05,0.0166666666666666
9.182632694690004e-05,0.0166666666666666
9.183632654690001e-05,0.0166666666666666
9.184632614690004e-05,0.0166666666666666
9.185632574690002e-05,0.0166666666666666
9.186632534700001e-05,0.0166666666666666
9.187632494700004e-05,0.0
9.188632454700001e-05,0.0166666666666666
9.189632414700004e-05,0.0166666666666666
9.190632374700002e-05,0.0166666666666666
9.191632334699999e-05,0.0166666666666666
9.192632294700002e-05,0.0166666666666666
9.193632254710001e-05,0.0166666666666666
9.194632214710004e-05,0.0
9.195632174710002e-05,0.0166666666666666
9.196632134709999e-05,0.0166666666666666
9.197632094710002e-05,0.0
9.19863205471e-05,0.0
9.199632014720004e-05,0.0166666666666666
9.200631974720002e-05,0.0166666666666666
9.201631934719999e-05,0.0
9.202631894720002e-05,0.0
9.20363185472e-05,0.0166666666666666
9.204631814720002e-05,0.0
9.205631774730002e-05,0.0166666666666666
9.206631734729999e-05,0.0166666666666666
9.207631694730002e-05,0.0
9.20863165473e-05,0.0166666666666666
9.209631614730002e-05,0.0166666666666666
9.21063157473e-05,0.0166666666666666
9.211631534739999e-05,0.0166666666666666
9.212631494740002e-05,0.0
9.21363145474e-05,0.0166666666666666
9.214631414740002e-05,0.0166666666666666
9.21563137474e-05,0.0166666666666666
9.216631334740003e-05,0.0166666666666666
9.21763129474e-05,0.0166666666666666
9.21863125475e-05,0.0
9.219631214750002e-05,0.0166666666666666
9.22063117475e-05,0.0166666666666666
9.221631134750003e-05,0.0166666666666666
9.22263109475e-05,0.0166666666666666
9.223631054750003e-05,0.0166666666666666
9.224631014760002e-05,0.0166666666666666
9.22563097476e-05,0.0166666666666666
9.226630934760003e-05,0.0166666666666666
9.22763089476e-05,0.0166666666666666
9.228630854760003e-05,0.0
9.22963081476e-05,0.0166666666666666
9.23063077477e-05,0.0166666666666666
9.231630734770003e-05,0.0166666666666666
9.23263069477e-05,0.0166666666666666
9.233630654770003e-05,0.0166666666666666
9.23463061477e-05,0.0166666666666666
9.235630574770003e-05,0.0166666666666666
9.236630534780003e-05,0.0166666666666666
9.23763049478e-05,0.0166666666666666
9.238630454780003e-05,0.0166666666666666
9.23963041478e-05,0.0
9.240630374780003e-05,0.0
9.241630334780001e-05,0.0166666666666666
9.242630294780004e-05,0.0166666666666666
9.243630254790003e-05,0.0333333333333332
9.24463021479e-05,0.0166666666666666
9.245630174790003e-05,0.0166666666666666
9.246630134790001e-05,0.0
9.247630094790004e-05,0.0
9.248630054790001e-05,0.0166666666666666
9.2496300148e-05,0.0166666666666666
9.250629974800003e-05,0.0166666666666666
9.251629934800001e-05,0.0166666666666666
9.252629894800004e-05,0.0166666666666666
9.253629854800001e-05,0.0
9.254629814800004e-05,0.0
9.255629774810003e-05,0.0166666666666666
9.256629734810001e-05,0.0333333333333332
9.257629694810004e-05,0.0
9.258629654810001e-05,0.0166666666666666
9.259629614810004e-05,0.0166666666666666
9.260629574810002e-05,-0.0166666666666666
9.261629534820001e-05,0.0
9.262629494820004e-05,0.0166666666666666
9.263629454820001e-05,0.0166666666666666
9.264629414820004e-05,0.0166666666666666
9.265629374820001e-05,0.0
9.266629334820004e-05,0.0
9.267629294820002e-05,0.0
9.268629254830001e-05,0.0166666666666666
9.269629214830004e-05,0.0166666666666666
9.270629174830001e-05,0.0333333333333332
9.271629134830004e-05,0.0166666666666666
9.272629094830002e-05,0.0166666666666666
9.273629054829999e-05,0.0166666666666666
9.274629014840004e-05,0.0166666666666666
9.275628974840001e-05,0.0333333333333332
9.276628934840004e-05,0.0166666666666666
9.277628894840002e-05,0.0166666666666666
9.278628854839999e-05,0.0
9.279628814840002e-05,0.0
9.280628774850001e-05,0.0
9.281628734850004e-05,0.0166666666666666
9.282628694850002e-05,0.0166666666666666
9.283628654849999e-05,0.0166666666666666
9.284628614850002e-05,0.0166666666666666
9.28562857485e-05,0.0166666666666666
9.286628534860004e-05,0.0166666666666666
9.287628494860002e-05,0.0166666666666666
9.288628454859999e-05,0.0166666666666666
9.289628414860002e-05,0.0166666666666666
9.29062837486e-05,0.0
9.291628334860002e-05,0.0166666666666666
9.29262829486e-05,0.0
9.293628254869999e-05,0.0166666666666666
9.294628214870002e-05,0.0
9.29562817487e-05,0.0166666666666666
9.296628134870002e-05,0.0
9.29762809487e-05,0.0166666666666666
9.298628054870003e-05,0.0
9.299628014880002e-05,0.0166666666666666
9.30062797488e-05,0.0
9.301627934880002e-05,0.0
9.30262789488e-05,0.0166666666666666
9.303627854880003e-05,0.0166666666666666
9.30462781488e-05,0.0166666666666666
9.30562777489e-05,0.0166666666666666
9.306627734890002e-05,0.0166666666666666
9.30762769489e-05,0.0166666666666666
9.308627654890003e-05,0.0166666666666666
9.30962761489e-05,0.0166666666666666
9.310627574890003e-05,0.0
9.311627534900002e-05,0.0333333333333332
9.3126274949e-05,0.0166666666666666
9.313627454900003e-05,0.0166666666666666
9.3146274149e-05,0.0
9.315627374900003e-05,0.0
9.3166273349e-05,0.0166666666666666
9.317627294900003e-05,0.0166666666666666
9.318627254910003e-05,0.0166666666666666
9.31962721491e-05,0.0166666666666666
9.320627174910003e-05,0.0166666666666666
9.32162713491e-05,0.0166666666666666
9.322627094910003e-05,0.0166666666666666
9.323627054910001e-05,0.0166666666666666
9.32462701492e-05,0.0166666666666666
9.325626974920003e-05,0.0166666666666666
9.32662693492e-05,0.0
9.327626894920003e-05,0.0
9.328626854920001e-05,0.0166666666666666
9.329626814920004e-05,0.0166666666666666
9.330626774930003e-05,0.0
9.33162673493e-05,0.0
9.332626694930003e-05,0.0
9.333626654930001e-05,0.0
9.334626614930004e-05,0.0166666666666666
9.335626574930001e-05,0.0166666666666666
9.33662653494e-05,0.0
9.337626494940003e-05,0.0166666666666666
9.338626454940001e-05,0.0
9.339626414940004e-05,0.0166666666666666
9.340626374940001e-05,0.0166666666666666
9.341626334940004e-05,0.0166666666666666
9.342626294940002e-05,0.0166666666666666
9.343626254950001e-05,0.0166666666666666
9.344626214950004e-05,0.0166666666666666
9.345626174950001e-05,0.0166666666666666
9.346626134950004e-05,0.0166666666666666
9.347626094950002e-05,0.0166666666666666
9.348626054949999e-05,0.0166666666666666
9.349626014960004e-05,0.0166666666666666
9.350625974960001e-05,0.0166666666666666
9.351625934960004e-05,0.0166666666666666
9.352625894960002e-05,0.0166666666666666
9.353625854959999e-05,0.0
9.354625814960002e-05,0.0166666666666666
9.355625774970001e-05,0.0166666666666666
9.356625734970004e-05,0.0166666666666666
9.357625694970002e-05,0.0166666666666666
9.358625654969999e-05,0.0166666666666666
9.359625614970002e-05,0.0166666666666666
9.36062557497e-05,0.0
9.361625534980004e-05,0.0
9.362625494980002e-05,0.0
9.363625454979999e-05,0.0166666666666666
9.364625414980002e-05,0.0166666666666666
9.36562537498e-05,0.0166666666666666
9.366625334980002e-05,0.0166666666666666
9.36762529498e-05,0.0166666666666666
9.368625254990004e-05,0.0
9.369625214990002e-05,0.0166666666666666
9.370625174989999e-05,0.0166666666666666
9.371625134990002e-05,0.0166666666666666
9.37262509499e-05,0.0
9.373625054990003e-05,0.0166666666666666
9.374625015000002e-05,0.0166666666666666
9.375624974999999e-05,0.0166666666666666
9.376624935000002e-05,0.0
9.377624895e-05,0.0166666666666666
9.378624855000003e-05,0.0166666666666666
9.379624815e-05,0.0166666666666666
9.380624775009999e-05,0.0166666666666666
9.381624735010002e-05,0.0166666666666666
9.38262469501e-05,0.0166666666666666
9.383624655010003e-05,0.0166666666666666
9.38462461501e-05,0.0166666666666666
9.385624575010003e-05,0.0166666666666666
9.386624535020002e-05,0.0166666666666666
9.38762449502e-05,0.0166666666666666
9.388624455020003e-05,0.0166666666666666
9.38962441502e-05,0.0166666666666666
9.390624375020003e-05,0.0166666666666666
9.39162433502e-05,0.0166666666666666
9.392624295020003e-05,0.0
9.393624255030002e-05,0.0166666666666666
9.39462421503e-05,0.0166666666666666
9.395624175030003e-05,0.0166666666666666
9.39662413503e-05,0.0166666666666666
9.397624095030003e-05,0.0
9.398624055030001e-05,0.0166666666666666
9.39962401504e-05,0.0166666666666666
9.400623975040003e-05,0.0166666666666666
9.40162393504e-05,0.0
9.402623895040003e-05,0.0166666666666666
9.40362385504e-05,0.0166666666666666
9.404623815040004e-05,0.0166666666666666
9.405623775050003e-05,0.0
9.40662373505e-05,0.0
9.407623695050003e-05,0.0166666666666666
9.40862365505e-05,0.0166666666666666
9.409623615050004e-05,0.0166666666666666
9.410623575050001e-05,0.0166666666666666
9.41162353506e-05,0.0166666666666666
9.412623495060003e-05,0.0166666666666666
9.41362345506e-05,0.0166666666666666
9.414623415060004e-05,0.0166666666666666
9.415623375060001e-05,0.0
9.416623335060004e-05,0.0166666666666666
9.417623295060001e-05,0.0166666666666666
9.41862325507e-05,0.0166666666666666
9.419623215070003e-05,0.0166666666666666
9.420623175070001e-05,0.0
9.421623135070004e-05,0.0166666666666666
9.422623095070001e-05,0.0
9.423623055070004e-05,0.0166666666666666
9.424623015080003e-05,0.0166666666666666
9.425622975080001e-05,0.0166666666666666
9.426622935080004e-05,0.0166666666666666
9.427622895080001e-05,0.0166666666666666
9.428622855080004e-05,0.0166666666666666
9.429622815080002e-05,0.0166666666666666
9.430622775090001e-05,0.0166666666666666
9.431622735090004e-05,0.0166666666666666
9.432622695090001e-05,0.0166666666666666
9.433622655090004e-05,0.0166666666666666
9.434622615090002e-05,0.0166666666666666
9.435622575089999e-05,0.0166666666666666
9.436622535100004e-05,0.0
9.437622495100001e-05,0.0166666666666666
9.438622455100004e-05,0.0
9.439622415100002e-05,0.0166666666666666
9.440622375099999e-05,0.0166666666666666
9.441622335100002e-05,0.0166666666666666
9.4426222951e-05,0.0166666666666666
9.443622255110004e-05,0.0166666666666666
9.444622215110002e-05,0.0166666666666666
9.445622175109999e-05,0.0
9.446622135110002e-05,0.0
9.44762209511e-05,0.0166666666666666
9.448622055110002e-05,0.0166666666666666
9.449622015120002e-05,0.0
9.450621975119999e-05,0.0
9.451621935120002e-05,0.0166666666666666
9.45262189512e-05,0.0166666666666666
9.453621855120002e-05,0.0166666666666666
9.45462181512e-05,0.0166666666666666
9.455621775129999e-05,0.0166666666666666
9.456621735130002e-05,0.0166666666666666
9.45762169513e-05,0.0166666666666666
9.458621655130002e-05,0.0
9.45962161513e-05,0.0166666666666666
9.460621575130003e-05,0.0166666666666666
9.461621535140002e-05,0.0166666666666666
9.46262149514e-05,0.0166666666666666
9.463621455140002e-05,0.0166666666666666
9.46462141514e-05,0.0166666666666666
9.465621375140003e-05,0.0166666666666666
9.46662133514e-05,0.0166666666666666
9.467621295140003e-05,0.0166666666666666
9.468621255150002e-05,0.0166666666666666
9.46962121515e-05,0.0166666666666666
9.470621175150003e-05,0.0166666666666666
9.47162113515e-05,0.0
9.472621095150003e-05,0.0
9.47362105515e-05,0.0
9.47462101516e-05,0.0
9.475620975160003e-05,0.0166666666666666
9.47662093516e-05,0.0
9.477620895160003e-05,0.0166666666666666
9.47862085516e-05,0.0166666666666666
9.479620815160003e-05,0.0166666666666666
9.480620775170003e-05,0.0166666666666666
9.48162073517e-05,0.0166666666666666
9.482620695170003e-05,0.0
9.48362065517e-05,0.0166666666666666
9.484620615170003e-05,0.0
9.485620575170001e-05,0.0166666666666666
9.48662053518e-05,0.0
9.487620495180003e-05,0.0166666666666666
9.48862045518e-05,0.0
9.489620415180003e-05,0.0
9.490620375180001e-05,0.0166666666666666
9.491620335180004e-05,0.0166666666666666
9.492620295180001e-05,0.0166666666666666
9.49362025519e-05,0.0166666666666666
9.494620215190003e-05,0.0
9.495620175190001e-05,0.0166666666666666
9.496620135190004e-05,0.0166666666666666
9.497620095190001e-05,0.0166666666666666
9.498620055190004e-05,0.0166666666666666
9.499620015200003e-05,0.0166666666666666
9.500619975200001e-05,0.0166666666666666
9.501619935200004e-05,0.0166666666666666
9.502619895200001e-05,0.0166666666666666
9.503619855200004e-05,0.0166666666666666
9.504619815200001e-05,0.0166666666666666
9.50561977521e-05,0.0166666666666666
9.506619735210004e-05,0.0166666666666666
9.507619695210001e-05,0.0166666666666666
9.508619655210004e-05,0.0166666666666666
9.509619615210001e-05,0.0166666666666666
9.510619575210004e-05,0.0
9.511619535220004e-05,0.0166666666666666
9.512619495220001e-05,0.0166666666666666
9.513619455220004e-05,0.0166666666666666
9.514619415220001e-05,0.0
9.515619375220004e-05,0.0
9.516619335220002e-05,0.0
9.517619295219999e-05,0.0166666666666666
9.518619255230004e-05,0.0166666666666666
9.519619215230001e-05,0.0166666666666666
9.520619175230004e-05,0.0166666666666666
9.521619135230002e-05,0.0166666666666666
9.522619095229999e-05,0.0166666666666666
9.523619055230002e-05,0.0
9.524619015240001e-05,0.0166666666666666
9.525618975240004e-05,0.0166666666666666
9.526618935240002e-05,0.0166666666666666
9.527618895239999e-05,0.0166666666666666
9.528618855240002e-05,0.0166666666666666
9.52961881524e-05,0.0166666666666666
9.530618775250004e-05,0.0166666666666666
9.531618735250002e-05,0.0166666666666666
9.532618695249999e-05,0.0
9.533618655250002e-05,0.0166666666666666
9.53461861525e-05,0.0
9.535618575250002e-05,0.0
9.536618535260002e-05,0.0
9.537618495259999e-05,0.0
9.538618455260002e-05,0.0166666666666666
9.53961841526e-05,0.0166666666666666
9.540618375260002e-05,0.0
9.54161833526e-05,0.0166666666666666
9.542618295260003e-05,0.0166666666666666
9.543618255270002e-05,0.0166666666666666
9.54461821527e-05,0.0
9.545618175270002e-05,0.0166666666666666
9.54661813527e-05,0.0166666666666666
9.547618095270003e-05,0.0
9.54861805527e-05,0.0166666666666666
9.54961801528e-05,0.0166666666666666
9.550617975280002e-05,0.0166666666666666
9.55161793528e-05,0.0166666666666666
9.552617895280003e-05,0.0166666666666666
9.55361785528e-05,0.0166666666666666
9.554617815280003e-05,0.0166666666666666
9.555617775290002e-05,0.0166666666666666
9.55661773529e-05,0.0166666666666666
9.557617695290003e-05,0.0166666666666666
9.55861765529e-05,0.0166666666666666
9.559617615290003e-05,0.0166666666666666
9.56061757529e-05,0.0166666666666666
9.5616175353e-05,0.0166666666666666
9.562617495300003e-05,0.0166666666666666
9.5636174553e-05,0.0
9.564617415300003e-05,0.0166666666666666
9.5656173753e-05,0.0
9.566617335300003e-05,0.0166666666666666
9.567617295300001e-05,0.0166666666666666
9.56861725531e-05,0.0166666666666666
9.569617215310003e-05,0.0166666666666666
9.57061717531e-05,0.0
9.571617135310003e-05,0.0166666666666666
9.572617095310001e-05,0.0
9.573617055310004e-05,0.0
9.574617015320003e-05,0.0
9.57561697532e-05,0.0
9.576616935320003e-05,0.0
9.577616895320001e-05,0.0
9.578616855320004e-05,0.0166666666666666
9.579616815320001e-05,0.0
9.58061677533e-05,0.0166666666666666
9.581616735330003e-05,0.0166666666666666
9.582616695330001e-05,0.0
9.583616655330004e-05,0.0166666666666666
9.584616615330001e-05,0.0166666666666666
9.585616575330004e-05,0.0166666666666666
9.586616535340003e-05,0.0166666666666666
9.587616495340001e-05,0.0166666666666666
9.588616455340004e-05,0.0166666666666666
9.589616415340001e-05,0.0166666666666666
9.590616375340004e-05,0.0166666666666666
9.591616335340002e-05,0.0166666666666666
9.592616295339999e-05,0.0166666666666666
9.593616255350004e-05,0.0166666666666666
9.594616215350001e-05,0.0166666666666666
9.595616175350004e-05,0.0333333333333332
9.596616135350001e-05,0.0166666666666666
9.597616095350004e-05,0.0166666666666666
9.598616055350002e-05,0.0166666666666666
9.599616015360001e-05,0.0166666666666666
9.600615975360004e-05,0.0166666666666666
9.601615935360001e-05,0.0166666666666666
9.602615895360004e-05,0.0166666666666666
9.603615855360002e-05,0.0166666666666666
9.604615815359999e-05,0.0166666666666666
9.605615775370004e-05,0.0166666666666666
9.606615735370001e-05,0.0166666666666666
9.607615695370004e-05,0.0166666666666666
9.608615655370002e-05,0.0166666666666666
9.609615615369999e-05,0.0166666666666666
9.610615575370002e-05,0.0166666666666666
9.611615535380001e-05,0.0166666666666666
9.612615495380004e-05,0.0
9.613615455380002e-05,0.0166666666666666
9.614615415379999e-05,0.0
9.615615375380002e-05,0.0166666666666666
9.61661533538e-05,0.0166666666666666
9.617615295380003e-05,0.0166666666666666
9.618615255390002e-05,0.0
9.619615215389999e-05,0.0
9.620615175390002e-05,0.0
9.62161513539e-05,0.0
9.622615095390002e-05,0.0
9.62361505539e-05,0.0
9.624615015399999e-05,0.0
9.625614975400002e-05,0.0
9.6266149354e-05,0.0
9.627614895400002e-05,0.0166666666666666
9.6286148554e-05,0.0166666666666666
9.629614815400003e-05,0.0166666666666666
9.630614775410002e-05,0.0333333333333332
9.63161473541e-05,0.0166666666666666
9.632614695410002e-05,0.0166666666666666
9.63361465541e-05,0.0166666666666666
9.634614615410003e-05,0.0166666666666666
9.63561457541e-05,0.0166666666666666
9.63661453542e-05,0.0166666666666666
9.637614495420002e-05,0.0166666666666666
9.63861445542e-05,0.0166666666666666
9.639614415420003e-05,0.0166666666666666
9.64061437542e-05,0.0166666666666666
9.641614335420003e-05,0.0166666666666666
9.64261429542e-05,0.0166666666666666
9.64361425543e-05,0.0166666666666666
9.644614215430003e-05,0.0166666666666666
9.64561417543e-05,0.0166666666666666
9.646614135430003e-05,0.0166666666666666
9.64761409543e-05,0.0166666666666666
9.648614055430003e-05,0.0
9.649614015440003e-05,0.0
9.65061397544e-05,0.0166666666666666
9.651613935440003e-05,0.0166666666666666
9.65261389544e-05,0.0166666666666666
9.653613855440003e-05,0.0166666666666666
9.654613815440001e-05,0.0166666666666666
9.65561377545e-05,0.0166666666666666
9.656613735450003e-05,0.0
9.65761369545e-05,0.0
9.658613655450003e-05,0.0166666666666666
9.659613615450001e-05,0.0
9.660613575450004e-05,0.0166666666666666
9.661613535460003e-05,0.0
9.66261349546e-05,0.0166666666666666
9.663613455460003e-05,0.0166666666666666
9.664613415460001e-05,0.0166666666666666
9.665613375460004e-05,0.0166666666666666
9.666613335460001e-05,0.0166666666666666
9.667613295460004e-05,0.0166666666666666
9.668613255470003e-05,0.0
9.669613215470001e-05,0.0166666666666666
9.670613175470004e-05,0.0
9.671613135470001e-05,0.0
9.672613095470004e-05,0.0166666666666666
9.673613055470002e-05,0.0166666666666666
9.674613015480001e-05,0.0
9.675612975480004e-05,0.0166666666666666
9.676612935480001e-05,0.0166666666666666
9.677612895480004e-05,0.0166666666666666
9.678612855480002e-05,0.0166666666666666
9.679612815479999e-05,0.0166666666666666
9.680612775490004e-05,0.0166666666666666
9.681612735490001e-05,0.0
9.682612695490004e-05,0.0166666666666666
9.683612655490002e-05,0.0166666666666666
9.684612615489999e-05,0.0166666666666666
9.685612575490002e-05,0.0166666666666666
9.686612535500001e-05,0.0166666666666666
9.687612495500004e-05,0.0166666666666666
9.688612455500002e-05,0.0166666666666666
9.689612415499999e-05,0.0166666666666666
9.690612375500002e-05,0.0166666666666666
9.6916123355e-05,0.0166666666666666
9.692612295500002e-05,0.0166666666666666
9.693612255510001e-05,0.0166666666666666
9.694612215509999e-05,0.0
9.695612175510002e-05,0.0166666666666666
9.69661213551e-05,0.0
9.697612095510002e-05,0.0166666666666666
9.69861205551e-05,0.0166666666666666
9.699612015520004e-05,0.0166666666666666
9.700611975520002e-05,0.0166666666666666
9.701611935519999e-05,0.0
9.702611895520002e-05,0.0166666666666666
9.70361185552e-05,0.0166666666666666
9.704611815520003e-05,0.0166666666666666
9.705611775530002e-05,0.0
9.706611735529999e-05,0.0166666666666666
9.707611695530002e-05,0.0
9.70861165553e-05,0.0166666666666666
9.709611615530003e-05,0.0
9.71061157553e-05,0.0
9.711611535539999e-05,0.0166666666666666
9.712611495540002e-05,0.0166666666666666
9.71361145554e-05,0.0166666666666666
9.714611415540003e-05,0.0166666666666666
9.71561137554e-05,0.0166666666666666
9.716611335540003e-05,0.0166666666666666
9.71761129554e-05,0.0166666666666666
9.71861125555e-05,0.0166666666666666
9.719611215550003e-05,0.0166666666666666
9.72061117555e-05,0.0166666666666666
9.721611135550003e-05,0.0333333333333332
9.72261109555e-05,0.0166666666666666
9.723611055550003e-05,0.0166666666666666
9.724611015560002e-05,0.0166666666666666
9.72561097556e-05,0.0
9.726610935560003e-05,0.0166666666666666
9.72761089556e-05,0.0166666666666666
9.728610855560003e-05,0.0
9.729610815560001e-05,0.0
9.73061077557e-05,0.0
9.731610735570003e-05,0.0
9.73261069557e-05,0.0
9.733610655570003e-05,0.0
9.73461061557e-05,0.0166666666666666
9.735610575570004e-05,0.0166666666666666
9.736610535580003e-05,0.0
9.73761049558e-05,0.0
9.738610455580003e-05,0.0
9.73961041558e-05,0.0166666666666666
9.740610375580004e-05,0.0
9.741610335580001e-05,0.0166666666666666
9.742610295580004e-05,0.0
9.743610255590003e-05,0.0166666666666666
9.74461021559e-05,0.0166666666666666
9.745610175590004e-05,0.0166666666666666
9.746610135590001e-05,0.0166666666666666
9.747610095590004e-05,0.0166666666666666
9.748610055590001e-05,0.0166666666666666
9.7496100156e-05,0.0166666666666666
9.750609975600003e-05,0.0166666666666666
9.751609935600001e-05,0.0166666666666666
9.752609895600004e-05,0.0166666666666666
9.753609855600001e-05,0.0166666666666666
9.754609815600004e-05,0.0333333333333332
9.755609775610003e-05,0.0
9.756609735610001e-05,0.0
9.757609695610004e-05,0.0166666666666666
9.758609655610001e-05,0.0166666666666666
9.759609615610004e-05,0.0
9.760609575610002e-05,0.0166666666666666
9.761609535620001e-05,0.0
9.762609495620004e-05,0.0
9.763609455620001e-05,0.0166666666666666
9.764609415620004e-05,0.0166666666666666
9.765609375620002e-05,0.0
9.766609335619999e-05,0.0166666666666666
9.767609295620002e-05,0.0166666666666666
9.768609255630001e-05,0.0166666666666666
9.769609215630004e-05,0.0166666666666666
9.770609175630002e-05,0.0166666666666666
9.771609135629999e-05,0.0166666666666666
9.772609095630002e-05,0.0166666666666666
9.77360905563e-05,0.0166666666666666
9.774609015640004e-05,0.0166666666666666
9.775608975640002e-05,0.0166666666666666
9.776608935639999e-05,0.0
9.777608895640002e-05,0.0166666666666666
9.77860885564e-05,0.0166666666666666
9.779608815640002e-05,0.0166666666666666
9.780608775650002e-05,0.0166666666666666
9.781608735649999e-05,0.0166666666666666
9.782608695650002e-05,0.0166666666666666
9.78360865565e-05,0.0166666666666666
9.784608615650002e-05,0.0166666666666666
9.78560857565e-05,0.0166666666666666
9.786608535659999e-05,0.0166666666666666
9.787608495660002e-05,0.0
9.78860845566e-05,0.0
9.789608415660002e-05,0.0166666666666666
9.79060837566e-05,0.0166666666666666
9.791608335660003e-05,0.0166666666666666
9.79260829566e-05,0.0166666666666666
9.79360825567e-05,0.0166666666666666
9.794608215670002e-05,0.0166666666666666
9.79560817567e-05,0.0166666666666666
9.796608135670003e-05,0.0
9.79760809567e-05,0.0166666666666666
9.798608055670003e-05,0.0166666666666666
9.799608015680002e-05,0.0166666666666666
9.80060797568e-05,0.0
9.801607935680003e-05,0.0166666666666666
9.80260789568e-05,0.0166666666666666
9.803607855680003e-05,0.0166666666666666
9.80460781568e-05,0.0
9.80560777569e-05,0.0
9.806607735690003e-05,0.0166666666666666
9.80760769569e-05,0.0166666666666666
9.808607655690003e-05,0.0166666666666666
9.80960761569e-05,0.0166666666666666
9.810607575690003e-05,0.0
9.811607535700003e-05,0.0
9.8126074957e-05,0.0
9.813607455700003e-05,0.0166666666666666
9.8146074157e-05,0.0166666666666666
9.815607375700003e-05,0.0166666666666666
9.816607335700001e-05,0.0166666666666666
9.817607295700004e-05,0.0166666666666666
9.818607255710003e-05,0.0166666666666666
9.81960721571e-05,0.0
9.820607175710003e-05,0.0166666666666666
9.821607135710001e-05,0.0
9.822607095710004e-05,0.0166666666666666
9.823607055710001e-05,0.0166666666666666
9.82460701572e-05,0.0166666666666666
9.825606975720003e-05,0.0166666666666666
9.826606935720001e-05,0.0
9.827606895720004e-05,0.0166666666666666
9.828606855720001e-05,0.0166666666666666
9.829606815720004e-05,0.0166666666666666
9.830606775730003e-05,0.0166666666666666
9.831606735730001e-05,0.0166666666666666
9.832606695730004e-05,0.0166666666666666
9.833606655730001e-05,0.0166666666666666
9.834606615730004e-05,0.0166666666666666
9.835606575730001e-05,0.0166666666666666
9.83660653574e-05,0.0166666666666666
9.837606495740004e-05,0.0166666666666666
9.838606455740001e-05,0.0
9.839606415740004e-05,0.0166666666666666
9.840606375740001e-05,0.0166666666666666
9.841606335740004e-05,0.0166666666666666
9.842606295740002e-05,0.0166666666666666
9.843606255750001e-05,0.0166666666666666
9.844606215750004e-05,0.0166666666666666
9.845606175750001e-05,0.0166666666666666
9.846606135750004e-05,0.0166666666666666
9.847606095750002e-05,0.0166666666666666
9.848606055749999e-05,0.0166666666666666
9.849606015760004e-05,0.0166666666666666
9.850605975760001e-05,0.0166666666666666
9.851605935760004e-05,0.0
9.852605895760002e-05,0.0166666666666666
9.853605855759999e-05,0.0166666666666666
9.854605815760002e-05,0.0
9.855605775770001e-05,0.0
9.856605735770004e-05,0.0
9.857605695770002e-05,0.0
9.858605655769999e-05,0.0
9.859605615770002e-05,0.0
9.86060557577e-05,0.0
9.861605535780004e-05,0.0
9.862605495780002e-05,0.0
9.863605455779999e-05,0.0
9.864605415780002e-05,0.0166666666666666
9.86560537578e-05,0.0
9.866605335780002e-05,0.0166666666666666
9.86760529578e-05,0.0166666666666666
9.868605255789999e-05,0.0
9.869605215790002e-05,0.0166666666666666
9.87060517579e-05,0.0166666666666666
9.871605135790002e-05,0.0166666666666666
9.87260509579e-05,0.0166666666666666
9.873605055790003e-05,0.0333333333333332
9.874605015800002e-05,0.0166666666666666
9.8756049758e-05,0.0333333333333332
9.876604935800002e-05,0.0166666666666666
9.8776048958e-05,0.0166666666666666
9.878604855800003e-05,0.0166666666666666
9.8796048158e-05,0.0166666666666666
9.88060477581e-05,0.0166666666666666
9.881604735810002e-05,0.0166666666666666
9.88260469581e-05,0.0166666666666666
9.883604655810003e-05,0.0166666666666666
9.88460461581e-05,0.0
9.885604575810003e-05,0.0
9.886604535820002e-05,0.0
9.88760449582e-05,0.0
9.888604455820003e-05,0.0
9.88960441582e-05,0.0
9.890604375820003e-05,0.0
9.89160433582e-05,0.0
9.892604295820003e-05,0.0
9.893604255830003e-05,0.0
9.89460421583e-05,0.0166666666666666
9.895604175830003e-05,0.0166666666666666
9.89660413583e-05,0.0166666666666666
9.897604095830003e-05,0.0
9.898604055830001e-05,0.0
9.89960401584e-05,0.0166666666666666
9.900603975840003e-05,0.0166666666666666
9.90160393584e-05,0.0
9.902603895840003e-05,0.0166666666666666
9.903603855840001e-05,0.0166666666666666
9.904603815840004e-05,0.0166666666666666
9.905603775850003e-05,0.0166666666666666
9.90660373585e-05,0.0166666666666666
9.907603695850003e-05,0.0166666666666666
9.908603655850001e-05,0.0
9.909603615850004e-05,0.0166666666666666
9.910603575850001e-05,0.0166666666666666
9.91160353586e-05,0.0166666666666666
9.912603495860003e-05,0.0166666666666666
9.913603455860001e-05,0.0166666666666666
9.914603415860004e-05,0.0166666666666666
9.915603375860001e-05,0.0166666666666666
9.916603335860004e-05,0.0
9.917603295860002e-05,0.0166666666666666
9.918603255870001e-05,0.0166666666666666
9.919603215870004e-05,0.0166666666666666
9.920603175870001e-05,0.0166666666666666
9.921603135870004e-05,0.0
9.922603095870001e-05,0.0
9.923603055869999e-05,0.0
9.924603015880004e-05,0.0
9.925602975880001e-05,0.0166666666666666
9.926602935880004e-05,0.0166666666666666
9.927602895880001e-05,0.0166666666666666
9.928602855880004e-05,0.0166666666666666
9.929602815880002e-05,0.0166666666666666
9.930602775890001e-05,0.0
9.931602735890004e-05,0.0166666666666666
9.932602695890001e-05,0.0166666666666666
9.933602655890004e-05,0.0166666666666666
9.934602615890002e-05,0.0166666666666666
9.935602575889999e-05,0.0166666666666666
9.936602535900004e-05,0.0166666666666666
9.937602495900001e-05,0.0166666666666666
9.938602455900004e-05,0.0166666666666666
9.939602415900002e-05,0.0
9.940602375899999e-05,0.0
9.941602335900002e-05,0.0166666666666666
9.9426022959e-05,0.0
9.943602255910004e-05,0.0166666666666666
9.944602215910002e-05,0.0166666666666666
9.945602175909999e-05,0.0166666666666666
9.946602135910002e-05,0.0166666666666666
9.94760209591e-05,0.0166666666666666
9.948602055910003e-05,0.0
9.949602015920002e-05,0.0166666666666666
9.950601975919999e-05,0.0
9.951601935920002e-05,0.0
9.95260189592e-05,0.0
9.953601855920002e-05,0.0
9.95460181592e-05,0.0166666666666666
9.955601775929999e-05,0.0166666666666666
9.956601735930002e-05,0.0
9.95760169593e-05,0.0
9.958601655930002e-05,0.0
9.95960161593e-05,0.0
9.960601575930003e-05,0.0166666666666666
9.961601535940002e-05,0.0166666666666666
9.96260149594e-05,0.0166666666666666
9.963601455940002e-05,0.0166666666666666
9.96460141594e-05,0.0
9.965601375940003e-05,0.0166666666666666
9.96660133594e-05,0.0166666666666666
9.967601295940003e-05,0.0166666666666666
9.968601255950002e-05,0.0166666666666666
9.96960121595e-05,0.0166666666666666
9.970601175950003e-05,0.0
9.97160113595e-05,0.0166666666666666
9.972601095950003e-05,0.0166666666666666
9.97360105595e-05,0.0
9.97460101596e-05,0.0
9.975600975960003e-05,0.0166666666666666
9.97660093596e-05,0.0166666666666666
9.977600895960003e-05,0.0166666666666666
9.97860085596e-05,0.0166666666666666
9.979600815960003e-05,0.0166666666666666
9.980600775970003e-05,0.0166666666666666
9.98160073597e-05,0.0166666666666666
9.982600695970003e-05,0.0166666666666666
9.98360065597e-05,0.0166666666666666
9.984600615970003e-05,0.0166666666666666
9.985600575970001e-05,0.0166666666666666
9.98660053598e-05,0.0166666666666666
9.987600495980003e-05,0.0166666666666666
9.98860045598e-05,0.0166666666666666
9.989600415980003e-05,0.0
9.990600375980001e-05,0.0166666666666666
9.991600335980004e-05,0.0
9.992600295980001e-05,0.0166666666666666
9.99360025599e-05,0.0166666666666666
9.994600215990003e-05,0.0166666666666666
9.995600175990001e-05,0.0
9.996600135990004e-05,0.0
9.997600095990001e-05,0.0166666666666666
9.998600055990004e-05,0.0166666666666666
9.999600016000003e-05,0.0
0.00010000599976000001,0.0166666666666666
0.00010001599936000004,0.0166666666666666
0.00010002599896000001,0.0166666666666666
0.00010003599856000004,0.0
0.00010004599816000002,0.0
0.00010005599776010001,0.0166666666666666
0.00010006599736010004,0.0166666666666666
0.00010007599696010001,0.0166666666666666
0.00010008599656010004,0.0166666666666666
0.00010009599616010002,0.0166666666666666
0.00010010599576009999,0.0166666666666666
0.00010011599536020004,0.0166666666666666
0.00010012599496020001,0.0166666666666666
0.00010013599456020004,0.0
0.00010014599416020002,0.0166666666666666
0.00010015599376019999,0.0166666666666666
0.00010016599336020002,0.0166666666666666
0.0001001759929602,0.0166666666666666
0.00010018599256030004,0.0166666666666666
0.00010019599216030002,0.0166666666666666
0.00010020599176029999,0.0
0.00010021599136030002,0.0166666666666666
0.0001002259909603,0.0
0.00010023599056030002,0.0166666666666666
0.00010024599016040001,0.0
0.00010025598976039999,0.0166666666666666
0.00010026598936040002,0.0166666666666666
0.0001002759889604,0.0166666666666666
0.00010028598856040002,0.0166666666666666
0.0001002959881604,0.0166666666666666
0.00010030598776050004,0.0166666666666666
0.00010031598736050002,0.0166666666666666
0.00010032598696049999,0.0
0.00010033598656050002,0.0166666666666666
0.0001003459861605,0.0166666666666666
0.00010035598576050003,0.0166666666666666
0.00010036598536060002,0.0166666666666666
0.00010037598496059999,0.0166666666666666
0.00010038598456060002,0.0166666666666666
0.0001003959841606,0.0
0.00010040598376060003,0.0166666666666666
0.0001004159833606,0.0166666666666666
0.00010042598296060003,0.0166666666666666
0.00010043598256070002,0.0166666666666666
0.0001004459821607,0.0166666666666666
0.00010045598176070003,0.0166666666666666
0.0001004659813607,0.0166666666666666
0.00010047598096070003,0.0166666666666666
0.0001004859805607,0.0166666666666666
0.0001004959801608,0.0166666666666666
0.00010050597976080003,0.0
0.0001005159793608,0.0166666666666666
0.00010052597896080003,0.0166666666666666
0.0001005359785608,0.0166666666666666
0.00010054597816080003,0.0
0.00010055597776090002,0.0
0.0001005659773609,0.0
0.00010057597696090003,0.0166666666666666
0.0001005859765609,0.0166666666666666
0.00010059597616090003,0.0166666666666666
0.00010060597576090001,0.0
0.000100615975361,0.0166666666666666
0.00010062597496100003,0.0166666666666666
0.000100635974561,0.0
0.00010064597416100003,0.0166666666666666
0.000100655973761,0.0166666666666666
0.00010066597336100004,0.0
0.00010067597296100001,0.0166666666666666
0.0001006859725611,0.0166666666666666
0.00010069597216110003,0.0166666666666666
0.0001007059717611,0.0166666666666666
0.00010071597136110004,0.0166666666666666
0.00010072597096110001,0.0166666666666666
0.00010073597056110004,0.0166666666666666
0.00010074597016120003,0.0
0.0001007559697612,0.0166666666666666
0.00010076596936120004,0.0
0.00010077596896120001,0.0166666666666666
0.00010078596856120004,0.0166666666666666
0.00010079596816120001,0.0166666666666666
0.0001008059677613,0.0
0.00010081596736130003,0.0
0.00010082596696130001,0.0
0.00010083596656130004,0.0166666666666666
0.00010084596616130001,0.0166666666666666
0.00010085596576130004,0.0166666666666666
0.00010086596536140003,0.0166666666666666
0.00010087596496140001,0.0166666666666666
0.00010088596456140004,0.0
0.00010089596416140001,0.0
0.00010090596376140004,0.0166666666666666
0.00010091596336140002,0.0166666666666666
0.00010092596296139999,0.0166666666666666
0.00010093596256150004,0.0166666666666666
0.00010094596216150001,0.0166666666666666
0.00010095596176150004,0.0166666666666666
0.00010096596136150002,0.0166666666666666
0.00010097596096149999,0.0166666666666666
0.00010098596056150002,0.0166666666666666
0.00010099596016160001,0.0166666666666666
0.00010100595976160004,0.0166666666666666
0.00010101595936160002,0.0166666666666666
0.00010102595896159999,0.0
0.00010103595856160002,0.0166666666666666
0.0001010459581616,0.0166666666666666
0.00010105595776170004,0.0166666666666666
0.00010106595736170002,0.0
0.00010107595696169999,0.0166666666666666
0.00010108595656170002,0.0166666666666666
0.0001010959561617,0.0166666666666666
0.00010110595576170002,0.0166666666666666
0.00010111595536180002,0.0166666666666666
0.00010112595496179999,0.0166666666666666
0.00010113595456180002,0.0166666666666666
0.0001011459541618,0.0
0.00010115595376180002,0.0166666666666666
0.0001011659533618,0.0
0.00010117595296180003,0.0166666666666666
0.00010118595256190002,0.0
0.0001011959521619,0.0166666666666666
0.00010120595176190002,0.0166666666666666
0.0001012159513619,0.0
0.00010122595096190003,0.0166666666666666
0.0001012359505619,0.0166666666666666
0.000101245950162,0.0166666666666666
0.00010125594976200002,0.0166666666666666
0.000101265949362,0.0
0.00010127594896200003,0.0166666666666666
0.000101285948562,0.0
0.00010129594816200003,0.0166666666666666
0.00010130594776210002,0.0166666666666666
0.0001013159473621,0.0
0.00010132594696210003,0.0166666666666666
0.0001013359465621,0.0
0.00010134594616210003,0.0
0.0001013559457621,0.0166666666666666
0.0001013659453622,0.0
0.00010137594496220003,0.0
0.0001013859445622,0.0166666666666666
0.00010139594416220003,0.0166666666666666
0.0001014059437622,0.0166666666666666
0.00010141594336220003,0.0166666666666666
0.00010142594296220001,0.0166666666666666
0.0001014359425623,0.0
0.00010144594216230003,0.0166666666666666
0.0001014559417623,0.0166666666666666
0.00010146594136230003,0.0166666666666666
0.00010147594096230001,0.0166666666666666
0.00010148594056230004,0.0166666666666666
0.00010149594016240003,0.0166666666666666
0.0001015059397624,0.0166666666666666
0.00010151593936240003,0.0166666666666666
0.00010152593896240001,0.0166666666666666
0.00010153593856240004,0.0166666666666666
0.00010154593816240001,0.0166666666666666
0.0001015559377625,0.0
0.00010156593736250003,0.0
0.00010157593696250001,0.0166666666666666
0.00010158593656250004,0.0166666666666666
0.00010159593616250001,0.0166666666666666
0.00010160593576250004,0.0166666666666666
0.00010161593536260003,0.0166666666666666
0.00010162593496260001,0.0166666666666666
0.00010163593456260004,0.0166666666666666
0.00010164593416260001,0.0166666666666666
0.00010165593376260004,0.0166666666666666
0.00010166593336260001,0.0
0.00010167593296260004,0.0
0.00010168593256270004,0.0166666666666666
0.00010169593216270001,0.0166666666666666
0.00010170593176270004,0.0166666666666666
0.00010171593136270001,0.0166666666666666
0.00010172593096270004,0.0166666666666666
0.00010173593056270002,0.0166666666666666
0.00010174593016280001,0.0166666666666666
0.00010175592976280004,0.0166666666666666
0.00010176592936280001,0.0166666666666666
0.00010177592896280004,0.0166666666666666
0.00010178592856280002,0.0166666666666666
0.00010179592816279999,0.0
0.00010180592776290004,0.0166666666666666
0.00010181592736290001,0.0166666666666666
0.00010182592696290004,0.0
0.00010183592656290002,0.0166666666666666
0.00010184592616289999,0.0166666666666666
0.00010185592576290002,0.0166666666666666
0.00010186592536300001,0.0
0.00010187592496300004,0.0166666666666666
0.00010188592456300002,0.0166666666666666
0.00010189592416299999,0.0166666666666666
0.00010190592376300002,0.0166666666666666
0.000101915923363,0.0166666666666666
0.00010192592296300002,0.0166666666666666
0.00010193592256310002,0.0166666666666666
0.00010194592216309999,0.0166666666666666
0.00010195592176310002,0.0
0.0001019659213631,0.0
0.00010197592096310002,0.0166666666666666
0.0001019859205631,0.0166666666666666
0.00010199592016319999,0.0166666666666666
0.00010200591976320002,0.0
0.0001020159193632,0.0166666666666666
0.00010202591896320002,0.0166666666666666
0.0001020359185632,0.0166666666666666
0.00010204591816320003,0.0
0.00010205591776330002,0.0166666666666666
0.0001020659173633,0.0166666666666666
0.00010207591696330002,0.0166666666666666
0.0001020859165633,0.0166666666666666
0.00010209591616330003,0.0166666666666666
0.0001021059157633,0.0
0.0001021159153634,0.0166666666666666
0.00010212591496340002,0.0166666666666666
0.0001021359145634,0.0166666666666666
0.00010214591416340003,0.0166666666666666
0.0001021559137634,0.0166666666666666
0.00010216591336340003,0.0166666666666666
0.0001021759129634,0.0166666666666666
0.0001021859125635,0.0
0.00010219591216350003,0.0
0.0001022059117635,0.0166666666666666
0.00010221591136350003,0.0166666666666666
0.0001022259109635,0.0166666666666666
0.00010223591056350003,0.0166666666666666
0.00010224591016360003,0.0166666666666666
0.0001022559097636,0.0166666666666666
0.00010226590936360003,0.0
0.0001022759089636,0.0166666666666666
0.00010228590856360003,0.0166666666666666
0.00010229590816360001,0.0166666666666666
0.0001023059077637,0.0166666666666666
0.00010231590736370003,0.0166666666666666
0.0001023259069637,0.0166666666666666
0.00010233590656370003,0.0166666666666666
0.00010234590616370001,0.0
0.00010235590576370004,0.0166666666666666
0.00010236590536380003,0.0166666666666666
0.0001023759049638,0.0166666666666666
0.00010238590456380003,0.0166666666666666
0.00010239590416380001,0.0166666666666666
0.00010240590376380004,0.0166666666666666
0.00010241590336380001,0.0166666666666666
0.00010242590296380004,0.0166666666666666
0.00010243590256390003,0.0166666666666666
0.00010244590216390001,0.0166666666666666
0.00010245590176390004,0.0166666666666666
0.00010246590136390001,0.0
0.00010247590096390004,0.0166666666666666
0.00010248590056390002,0.0166666666666666
0.00010249590016400001,0.0166666666666666
0.00010250589976400004,0.0166666666666666
0.00010251589936400001,0.0166666666666666
0.00010252589896400004,0.0166666666666666
0.00010253589856400001,0.0166666666666666
0.00010254589816399999,0.0166666666666666
0.00010255589776410004,0.0166666666666666
0.00010256589736410001,0.0
0.00010257589696410004,0.0166666666666666
0.00010258589656410001,0.0
0.00010259589616410004,0.0166666666666666
0.00010260589576410002,0.0166666666666666
0.00010261589536420001,0.0166666666666666
0.00010262589496420004,0.0
0.00010263589456420001,0.0166666666666666
0.00010264589416420004,0.0
0.00010265589376420002,0.0
0.00010266589336419999,0.0166666666666666
0.00010267589296420002,0.0166666666666666
0.00010268589256430001,0.0
0.00010269589216430004,0.0166666666666666
0.00010270589176430002,0.0166666666666666
0.00010271589136429999,0.0166666666666666
0.00010272589096430002,0.0166666666666666
0.0001027358905643,0.0166666666666666
0.00010274589016440004,0.0166666666666666
0.00010275588976440002,0.0166666666666666
0.00010276588936439999,0.0166666666666666
0.00010277588896440002,0.0166666666666666
0.0001027858885644,0.0166666666666666
0.00010279588816440003,0.0166666666666666
0.00010280588776450002,0.0166666666666666
0.00010281588736449999,0.0
0.00010282588696450002,0.0
0.0001028358865645,0.0166666666666666
0.00010284588616450002,0.0166666666666666
0.0001028558857645,0.0166666666666666
0.00010286588536459999,0.0166666666666666
0.00010287588496460002,0.0
0.0001028858845646,0.0
0.00010289588416460002,0.0166666666666666
0.0001029058837646,0.0
0.00010291588336460003,0.0
0.0001029258829646,0.0166666666666666
0.0001029358825647,0.0166666666666666
0.00010294588216470002,0.0166666666666666
0.0001029558817647,0.0166666666666666
0.00010296588136470003,0.0166666666666666
0.0001029758809647,0.0166666666666666
0.00010298588056470003,0.0
0.00010299588016480002,0.0166666666666666
0.0001030058797648,0.0
0.00010301587936480003,0.0166666666666666
0.0001030258789648,0.0166666666666666
0.00010303587856480003,0.0166666666666666
0.0001030458781648,0.0166666666666666
0.0001030558777649,0.0166666666666666
0.00010306587736490003,0.0166666666666666
0.0001030758769649,0.0166666666666666
0.00010308587656490003,0.0166666666666666
0.0001030958761649,0.0166666666666666
0.00010310587576490003,0.0166666666666666
0.00010311587536500003,0.0166666666666666
0.000103125874965,0.0166666666666666
0.00010313587456500003,0.0166666666666666
0.000103145874165,0.0166666666666666
0.00010315587376500003,0.0166666666666666
0.00010316587336500001,0.0166666666666666
0.00010317587296500004,0.0166666666666666
0.00010318587256510003,0.0166666666666666
0.0001031958721651,0.0166666666666666
0.00010320587176510003,0.0
0.00010321587136510001,0.0166666666666666
0.00010322587096510004,0.0166666666666666
0.00010323587056510001,0.0166666666666666
0.0001032458701652,0.0166666666666666
0.00010325586976520003,0.0166666666666666
0.00010326586936520001,0.0
0.00010327586896520004,0.0
0.00010328586856520001,0.0
0.00010329586816520004,0.0
0.00010330586776530003,0.0166666666666666
0.00010331586736530001,0.0
0.00010332586696530004,0.0166666666666666
0.00010333586656530001,0.0166666666666666
0.00010334586616530004,0.0
0.00010335586576530002,0.0
0.00010336586536540001,0.0166666666666666
0.00010337586496540004,0.0166666666666666
0.00010338586456540001,0.0
0.00010339586416540004,0.0166666666666666
0.00010340586376540002,0.0166666666666666
0.00010341586336539999,0.0166666666666666
0.00010342586296540002,0.0166666666666666
0.00010343586256550001,0.0166666666666666
0.00010344586216550004,0.0
0.00010345586176550002,0.0166666666666666
0.00010346586136549999,0.0
0.00010347586096550002,0.0166666666666666
0.0001034858605655,0.0166666666666666
0.00010349586016560004,0.0166666666666666
0.00010350585976560002,0.0166666666666666
0.00010351585936559999,0.0166666666666666
0.00010352585896560002,0.0166666666666666
0.0001035358585656,0.0166666666666666
0.00010354585816560002,0.0166666666666666
0.00010355585776570001,0.0166666666666666
0.00010356585736569999,0.0
0.00010357585696570002,0.0
0.0001035858565657,0.0166666666666666
0.00010359585616570002,0.0166666666666666
0.0001036058557657,0.0166666666666666
0.00010361585536580004,0.0166666666666666
0.00010362585496580002,0.0166666666666666
0.00010363585456579999,0.0166666666666666
0.00010364585416580002,0.0166666666666666
0.0001036558537658,0.0166666666666666
0.00010366585336580003,0.0166666666666666
0.0001036758529658,0.0166666666666666
0.00010368585256589999,0.0
0.00010369585216590002,0.0166666666666666
0.0001037058517659,0.0166666666666666
0.00010371585136590003,0.0166666666666666
0.0001037258509659,0.0166666666666666
0.00010373585056590003,0.0
0.00010374585016600002,0.0166666666666666
0.000103755849766,0.0166666666666666
0.00010376584936600003,0.0166666666666666
0.000103775848966,0.0
0.00010378584856600003,0.0166666666666666
0.000103795848166,0.0
0.0001038058477661,0.0
0.00010381584736610003,0.0166666666666666
0.0001038258469661,0.0
0.00010383584656610003,0.0
0.0001038458461661,0.0166666666666666
0.00010385584576610003,0.0166666666666666
0.00010386584536620002,0.0
0.0001038758449662,0.0
0.00010388584456620003,0.0166666666666666
0.0001038958441662,0.0
0.00010390584376620003,0.0166666666666666
0.00010391584336620001,0.0
0.00010392584296620004,0.0
0.00010393584256630003,0.0166666666666666
0.0001039458421663,0.0166666666666666
0.00010395584176630003,0.0166666666666666
0.0001039658413663,0.0
0.00010397584096630004,0.0166666666666666
0.00010398584056630001,0.0166666666666666
0.0001039958401664,0.0166666666666666
0.00010400583976640003,0.0166666666666666
0.0001040158393664,0.0166666666666666
0.00010402583896640004,0.0166666666666666
0.00010403583856640001,0.0166666666666666
0.00010404583816640004,0.0
0.00010405583776650003,0.0166666666666666
0.0001040658373665,0.0
0.00010407583696650004,0.0166666666666666
0.00010408583656650001,0.0166666666666666
0.00010409583616650004,0.0166666666666666
0.00010410583576650001,0.0
0.0001041158353666,0.0166666666666666
0.00010412583496660003,0.0
0.00010413583456660001,0.0166666666666666
0.00010414583416660004,0.0
0.00010415583376660001,0.0166666666666666
0.00010416583336660004,0.0166666666666666
0.00010417583296660002,0.0166666666666666
0.00010418583256670001,0.0
0.00010419583216670004,0.0166666666666666
0.00010420583176670001,0.0166666666666666
0.00010421583136670004,0.0166666666666666
0.00010422583096670002,0.0
0.00010423583056669999,0.0166666666666666
0.00010424583016680004,0.0
0.00010425582976680001,0.0166666666666666
0.00010426582936680004,0.0166666666666666
0.00010427582896680002,0.0166666666666666
0.00010428582856679999,0.0166666666666666
0.00010429582816680002,0.0166666666666666
0.00010430582776690001,0.0166666666666666
0.00010431582736690004,0.0
0.00010432582696690002,0.0
0.00010433582656689999,0.0166666666666666
0.00010434582616690002,0.0166666666666666
0.0001043558257669,0.0166666666666666
0.00010436582536700004,0.0166666666666666
0.00010437582496700002,0.0166666666666666
0.00010438582456699999,0.0166666666666666
0.00010439582416700002,0.0166666666666666
0.000104405823767,0.0166666666666666
0.00010441582336700002,0.0166666666666666
0.000104425822967,0.0166666666666666
0.00010443582256709999,0.0
0.00010444582216710002,0.0166666666666666
0.0001044558217671,0.0166666666666666
0.00010446582136710002,0.0166666666666666
0.0001044758209671,0.0166666666666666
0.00010448582056710003,0.0
0.00010449582016720002,0.0166666666666666
0.0001045058197672,0.0166666666666666
0.00010451581936720002,0.0166666666666666
0.0001045258189672,0.0166666666666666
0.00010453581856720003,0.0
0.0001045458181672,0.0166666666666666
0.0001045558177673,0.0166666666666666
0.00010456581736730002,0.0166666666666666
0.0001045758169673,0.0166666666666666
0.00010458581656730003,0.0
0.0001045958161673,0.0166666666666666
0.00010460581576730003,0.0166666666666666
0.00010461581536740002,0.0166666666666666
0.0001046258149674,0.0
0.00010463581456740003,0.0166666666666666
0.0001046458141674,0.0166666666666666
0.00010465581376740003,0.0166666666666666
0.0001046658133674,0.0166666666666666
0.00010467581296740003,0.0166666666666666
0.00010468581256750003,0.0166666666666666
0.0001046958121675,0.0166666666666666
0.00010470581176750003,0.0
0.0001047158113675,0.0166666666666666
0.00010472581096750003,0.0
0.00010473581056750001,0.0166666666666666
0.0001047458101676,0.0166666666666666
0.00010475580976760003,0.0166666666666666
0.0001047658093676,0.0
0.00010477580896760003,0.0166666666666666
0.00010478580856760001,0.0166666666666666
0.00010479580816760004,0.0166666666666666
0.00010480580776770003,0.0166666666666666
0.0001048158073677,0.0166666666666666
0.00010482580696770003,0.0
0.00010483580656770001,0.0166666666666666
0.00010484580616770004,0.0
0.00010485580576770001,0.0166666666666666
0.0001048658053678,0.0
0.00010487580496780003,0.0166666666666666
0.00010488580456780001,0.0166666666666666
0.00010489580416780004,0.0166666666666666
0.00010490580376780001,0.0166666666666666
0.00010491580336780004,0.0166666666666666
0.00010492580296780001,0.0166666666666666
0.00010493580256790001,0.0166666666666666
0.00010494580216790004,0.0166666666666666
0.00010495580176790001,0.0166666666666666
0.00010496580136790004,0.0166666666666666
0.00010497580096790001,0.0166666666666666
0.00010498580056790004,0.0
0.00010499580016800004,0.0333333333333332
0.00010500579976800001,0.0166666666666666
0.00010501579936800004,0.0166666666666666
0.00010502579896800001,0.0166666666666666
0.00010503579856800004,0.0166666666666666
0.00010504579816800002,0.0166666666666666
0.00010505579776810001,0.0166666666666666
0.00010506579736810004,0.0
0.00010507579696810001,0.0166666666666666
0.00010508579656810004,0.0166666666666666
0.00010509579616810002,0.0166666666666666
0.00010510579576809999,0.0
0.00010511579536820004,0.0166666666666666
0.00010512579496820001,0.0166666666666666
0.00010513579456820004,0.0166666666666666
0.00010514579416820002,0.0166666666666666
0.00010515579376819999,0.0166666666666666
0.00010516579336820002,0.0166666666666666
0.0001051757929682,0.0166666666666666
0.00010518579256830004,0.0166666666666666
0.00010519579216830002,0.0166666666666666
0.00010520579176829999,0.0166666666666666
0.00010521579136830002,0.0166666666666666
0.0001052257909683,0.0
0.00010523579056830002,0.0
0.00010524579016840002,0.0166666666666666
0.00010525578976839999,0.0
0.00010526578936840002,0.0166666666666666
0.0001052757889684,0.0166666666666666
0.00010528578856840002,0.0
0.0001052957881684,0.0166666666666666
0.00010530578776849999,0.0166666666666666
0.00010531578736850002,0.0166666666666666
0.0001053257869685,0.0166666666666666
0.00010533578656850002,0.0
0.0001053457861685,0.0
0.00010535578576850003,0.0166666666666666
0.00010536578536860002,0.0166666666666666
0.0001053757849686,0.0166666666666666
0.00010538578456860002,0.0
0.0001053957841686,0.0
0.00010540578376860003,0.0166666666666666
0.0001054157833686,0.0166666666666666
0.00010542578296860003,0.0166666666666666
0.00010543578256870002,0.0166666666666666
0.0001054457821687,0.0
0.00010545578176870003,0.0166666666666666
0.0001054657813687,0.0166666666666666
0.00010547578096870003,0.0166666666666666
0.0001054857805687,0.0
0.0001054957801688,0.0166666666666666
0.00010550577976880003,0.0166666666666666
0.0001055157793688,0.0166666666666666
0.00010552577896880003,0.0166666666666666
0.0001055357785688,0.0166666666666666
0.00010554577816880003,0.0
0.00010555577776890003,0.0
0.0001055657773689,0.0166666666666666
0.00010557577696890003,0.0166666666666666
0.0001055857765689,0.0166666666666666
0.00010559577616890003,0.0166666666666666
0.00010560577576890001,0.0166666666666666
0.000105615775369,0.0
0.00010562577496900003,0.0166666666666666
0.000105635774569,0.0166666666666666
0.00010564577416900003,0.0166666666666666
0.00010565577376900001,0.0166666666666666
0.00010566577336900004,0.0
0.00010567577296900001,0.0166666666666666
0.0001056857725691,0.0166666666666666
0.00010569577216910003,0.0166666666666666
0.00010570577176910001,0.0166666666666666
0.00010571577136910004,0.0166666666666666
0.00010572577096910001,0.0166666666666666
0.00010573577056910004,0.0
0.00010574577016920003,0.0166666666666666
0.00010575576976920001,0.0
0.00010576576936920004,0.0166666666666666
0.00010577576896920001,0.0166666666666666
0.00010578576856920004,0.0166666666666666
0.00010579576816920002,0.0166666666666666
0.00010580576776930001,0.0
0.00010581576736930004,0.0
0.00010582576696930001,0.0
0.00010583576656930004,0.0166666666666666
0.00010584576616930001,0.0166666666666666
0.00010585576576929999,0.0166666666666666
0.00010586576536940004,0.0
0.00010587576496940001,0.0166666666666666
0.00010588576456940004,0.0166666666666666
0.00010589576416940001,0.0166666666666666
0.00010590576376940004,0.0166666666666666
0.00010591576336940002,0.0166666666666666
0.00010592576296939999,0.0166666666666666
0.00010593576256950004,0.0166666666666666
0.00010594576216950001,0.0166666666666666
0.00010595576176950004,0.0166666666666666
0.00010596576136950002,0.0166666666666666
0.00010597576096949999,0.0166666666666666
0.00010598576056950002,0.0166666666666666
0.00010599576016960001,0.0166666666666666
0.00010600575976960004,0.0
0.00010601575936960002,0.0
0.00010602575896959999,0.0166666666666666
0.00010603575856960002,0.0166666666666666
0.0001060457581696,0.0166666666666666
0.00010605575776970004,0.0166666666666666
0.00010606575736970002,0.0166666666666666
0.00010607575696969999,0.0
0.00010608575656970002,0.0
0.0001060957561697,0.0166666666666666
0.00010610575576970003,0.0166666666666666
0.00010611575536980002,0.0
0.00010612575496979999,0.0166666666666666
0.00010613575456980002,0.0166666666666666
0.0001061457541698,0.0166666666666666
0.00010615575376980002,0.0166666666666666
0.0001061657533698,0.0166666666666666
0.00010617575296980003,0.0166666666666666
0.00010618575256990002,0.0166666666666666
0.0001061957521699,0.0166666666666666
0.00010620575176990002,0.0166666666666666
0.0001062157513699,0.0166666666666666
0.00010622575096990003,0.0166666666666666
0.0001062357505699,0.0166666666666666
0.00010624575017,0.0
0.00010625574977000002,0.0166666666666666
0.00010626574937,0.0
0.00010627574897000003,0.0166666666666666
0.00010628574857,0.0
0.00010629574817000003,0.0166666666666666
0.00010630574777010002,0.0166666666666666
0.0001063157473701,0.0
0.00010632574697010003,0.0166666666666666
0.0001063357465701,0.0166666666666666
0.00010634574617010003,0.0
0.0001063557457701,0.0166666666666666
0.0001063657453702,0.0166666666666666
0.00010637574497020003,0.0166666666666666
0.0001063857445702,0.0
0.00010639574417020003,0.0166666666666666
0.0001064057437702,0.0166666666666666
0.00010641574337020003,0.0166666666666666
0.00010642574297020001,0.0166666666666666
0.0001064357425703,0.0166666666666666
0.00010644574217030003,0.0166666666666666
0.0001064557417703,0.0
0.00010646574137030003,0.0166666666666666
0.00010647574097030001,0.0
0.00010648574057030004,0.0166666666666666
0.00010649574017040003,0.0166666666666666
0.0001065057397704,0.0
0.00010651573937040003,0.0166666666666666
0.00010652573897040001,0.0
0.00010653573857040004,0.0166666666666666
0.00010654573817040001,0.0166666666666666
0.0001065557377705,0.0
0.00010656573737050003,0.0
0.00010657573697050001,0.0166666666666666
0.00010658573657050004,0.0
0.00010659573617050001,0.0
0.00010660573577050004,0.0166666666666666
0.00010661573537060003,0.0166666666666666
0.00010662573497060001,0.0166666666666666
0.00010663573457060004,0.0166666666666666
0.00010664573417060001,0.0
0.00010665573377060004,0.0166666666666666
0.00010666573337060002,0.0166666666666666
0.00010667573297059999,0.0166666666666666
0.00010668573257070004,0.0166666666666666
0.00010669573217070001,0.0166666666666666
0.00010670573177070004,0.0
0.00010671573137070002,0.0166666666666666
0.00010672573097069999,0.0166666666666666
0.00010673573057070002,0.0166666666666666
0.00010674573017080001,0.0
0.00010675572977080004,0.0
0.00010676572937080002,0.0166666666666666
0.00010677572897079999,0.0166666666666666
0.00010678572857080002,0.0166666666666666
0.0001067957281708,0.0166666666666666
0.00010680572777090004,0.0166666666666666
0.00010681572737090002,0.0166666666666666
0.00010682572697089999,0.0166666666666666
0.00010683572657090002,0.0166666666666666
0.0001068457261709,0.0166666666666666
0.00010685572577090002,0.0166666666666666
0.00010686572537100001,0.0
0.00010687572497099999,0.0166666666666666
0.00010688572457100002,0.0166666666666666
0.000106895724171,0.0166666666666666
0.00010690572377100002,0.0166666666666666
0.000106915723371,0.0166666666666666
0.00010692572297100003,0.0166666666666666
0.00010693572257110002,0.0166666666666666
0.00010694572217109999,0.0166666666666666
0.00010695572177110002,0.0166666666666666
0.0001069657213711,0.0
0.00010697572097110003,0.0
0.0001069857205711,0.0166666666666666
0.00010699572017119999,0.0166666666666666
0.00010700571977120002,0.0166666666666666
0.0001070157193712,0.0166666666666666
0.00010702571897120003,0.0166666666666666
0.0001070357185712,0.0166666666666666
0.00010704571817120003,0.0
0.00010705571777130002,0.0
0.0001070657173713,0.0166666666666666
0.00010707571697130003,0.0166666666666666
0.0001070857165713,0.0166666666666666
0.00010709571617130003,0.0
0.0001071057157713,0.0166666666666666
0.0001071157153714,0.0166666666666666
0.00010712571497140003,0.0166666666666666
0.0001071357145714,0.0
0.00010714571417140003,0.0166666666666666
0.0001071557137714,0.0166666666666666
0.00010716571337140003,0.0166666666666666
0.00010717571297140001,0.0166666666666666
0.0001071857125715,0.0166666666666666
0.00010719571217150003,0.0166666666666666
0.0001072057117715,0.0166666666666666
0.00010721571137150003,0.0166666666666666
0.00010722571097150001,0.0166666666666666
0.00010723571057150004,0.0166666666666666
0.00010724571017160003,0.0166666666666666
0.0001072557097716,0.0
0.00010726570937160003,0.0166666666666666
0.0001072757089716,0.0166666666666666
0.00010728570857160004,0.0166666666666666
0.00010729570817160001,0.0166666666666666
0.0001073057077717,0.0166666666666666
0.00010731570737170003,0.0166666666666666
0.0001073257069717,0.0166666666666666
0.00010733570657170004,0.0166666666666666
0.00010734570617170001,0.0
0.00010735570577170004,0.0166666666666666
0.00010736570537180003,0.0
0.0001073757049718,0.0166666666666666
0.00010738570457180004,0.0
0.00010739570417180001,0.0166666666666666
0.00010740570377180004,0.0166666666666666
0.00010741570337180001,0.0166666666666666
0.00010742570297180004,0.0166666666666666
0.00010743570257190003,0.0166666666666666
0.00010744570217190001,0.0166666666666666
0.00010745570177190004,0.0166666666666666
0.00010746570137190001,0.0166666666666666
0.00010747570097190004,0.0
0.00010748570057190002,0.0166666666666666
0.00010749570017200001,0.0
0.00010750569977200004,0.0166666666666666
0.00010751569937200001,0.0166666666666666
0.00010752569897200004,0.0166666666666666
0.00010753569857200002,0.0
0.00010754569817199999,0.0166666666666666
0.00010755569777210004,0.0166666666666666
0.00010756569737210001,0.0166666666666666
0.00010757569697210004,0.0166666666666666
0.00010758569657210002,0.0
0.00010759569617209999,0.0166666666666666
0.00010760569577210002,0.0166666666666666
0.00010761569537220001,0.0166666666666666
0.00010762569497220004,0.0
0.00010763569457220002,0.0166666666666666
0.00010764569417219999,0.0
0.00010765569377220002,0.0166666666666666
0.0001076656933722,0.0166666666666666
0.00010767569297220002,0.0166666666666666
0.00010768569257230002,0.0166666666666666
0.00010769569217229999,0.0166666666666666
0.00010770569177230002,0.0166666666666666
0.0001077156913723,0.0166666666666666
0.00010772569097230002,0.0166666666666666
0.0001077356905723,0.0166666666666666
0.00010774569017239999,0.0166666666666666
0.00010775568977240002,0.0
0.0001077656893724,0.0
0.00010777568897240002,0.0166666666666666
0.0001077856885724,0.0166666666666666
0.00010779568817240003,0.0333333333333332
0.00010780568777250002,0.0333333333333332
0.0001078156873725,0.0166666666666666
0.00010782568697250002,0.0
0.0001078356865725,0.0
0.00010784568617250003,0.0
0.0001078556857725,0.0
0.0001078656853726,0.0166666666666666
0.00010787568497260002,0.0166666666666666
0.0001078856845726,0.0166666666666666
0.00010789568417260003,0.0
0.0001079056837726,0.0
0.00010791568337260003,0.0
0.0001079256829726,0.0166666666666666
0.0001079356825727,0.0166666666666666
0.00010794568217270003,0.0166666666666666
0.0001079556817727,0.0
0.00010796568137270003,0.0
0.0001079756809727,0.0
0.00010798568057270003,0.0
0.00010799568017280003,0.0
0.0001080056797728,0.0333333333333332
0.00010801567937280003,0.0166666666666666
0.0001080256789728,0.0
0.00010803567857280003,0.0
0.00010804567817280001,0.0
0.0001080556777729,0.0166666666666666
0.00010806567737290003,0.0166666666666666
0.0001080756769729,0.0166666666666666
0.00010808567657290003,0.0166666666666666
0.00010809567617290001,0.0
0.00010810567577290004,0.0166666666666666
0.00010811567537300003,0.0166666666666666
0.000108125674973,0.0333333333333332
0.00010813567457300003,0.0166666666666666
0.00010814567417300001,0.0166666666666666
0.00010815567377300004,0.0166666666666666
0.00010816567337300001,0.0
0.00010817567297300004,0.0333333333333332
0.00010818567257310003,0.0166666666666666
0.00010819567217310001,0.0166666666666666
0.00010820567177310004,0.0
0.00010821567137310001,0.0
0.00010822567097310004,0.0
0.00010823567057310001,0.0166666666666666
0.00010824567017320001,0.0166666666666666
0.00010825566977320004,0.0166666666666666
0.00010826566937320001,0.0166666666666666
0.00010827566897320004,0.0166666666666666
0.00010828566857320001,0.0
0.00010829566817320004,0.0166666666666666
0.00010830566777330004,0.0166666666666666
0.00010831566737330001,0.0166666666666666
0.00010832566697330004,0.0
0.00010833566657330001,0.0166666666666666
0.00010834566617330004,0.0166666666666666
0.00010835566577330002,0.0166666666666666
0.00010836566537340001,0.0333333333333332
0.00010837566497340004,0.0166666666666666
0.00010838566457340001,0.0166666666666666
0.00010839566417340004,0.0166666666666666
0.00010840566377340002,0.0166666666666666
0.00010841566337339999,0.0166666666666666
0.00010842566297340002,0.0166666666666666
0.00010843566257350001,0.0166666666666666
0.00010844566217350004,0.0166666666666666
0.00010845566177350002,0.0
0.00010846566137349999,0.0
0.00010847566097350002,0.0166666666666666
0.0001084856605735,0.0
0.00010849566017360004,0.0166666666666666
0.00010850565977360002,0.0
0.00010851565937359999,0.0
0.00010852565897360002,0.0166666666666666
0.0001085356585736,0.0166666666666666
0.00010854565817360002,0.0166666666666666
0.00010855565777370002,0.0166666666666666
0.00010856565737369999,0.0166666666666666
0.00010857565697370002,0.0166666666666666
0.0001085856565737,0.0166666666666666
0.00010859565617370002,0.0166666666666666
0.0001086056557737,0.0166666666666666
0.00010861565537379999,0.0166666666666666
0.00010862565497380002,0.0166666666666666
0.0001086356545738,0.0166666666666666
0.00010864565417380002,0.0166666666666666
0.0001086556537738,0.0166666666666666
0.00010866565337380003,0.0166666666666666
0.0001086756529738,0.0166666666666666
0.0001086856525739,0.0166666666666666
0.00010869565217390002,0.0166666666666666
0.0001087056517739,0.0
0.00010871565137390003,0.0166666666666666
0.0001087256509739,0.0166666666666666
0.00010873565057390003,0.0
0.00010874565017400002,0.0
0.000108755649774,0.0
0.00010876564937400003,0.0
0.000108775648974,0.0
0.00010878564857400003,0.0
0.000108795648174,0.0166666666666666
0.0001088056477741,0.0
0.00010881564737410003,0.0166666666666666
0.0001088256469741,0.0
0.00010883564657410003,0.0166666666666666
0.0001088456461741,0.0166666666666666
0.00010885564577410003,0.0166666666666666
0.00010886564537420003,0.0
0.0001088756449742,0.0166666666666666
0.00010888564457420003,0.0166666666666666
0.0001088956441742,0.0166666666666666
0.00010890564377420003,0.0333333333333332
0.00010891564337420001,0.0166666666666666
0.00010892564297420004,0.0166666666666666
0.00010893564257430003,0.0166666666666666
0.0001089456421743,0.0166666666666666
0.00010895564177430003,0.0
0.00010896564137430001,0.0
0.00010897564097430004,0.0
0.00010898564057430001,0.0166666666666666
0.0001089956401744,0.0
0.00010900563977440003,0.0
0.00010901563937440001,0.0
0.00010902563897440004,0.0
0.00010903563857440001,0.0
0.00010904563817440004,0.0
0.00010905563777450003,0.0166666666666666
0.00010906563737450001,0.0166666666666666
0.00010907563697450004,0.0166666666666666
0.00010908563657450001,0.0166666666666666
0.00010909563617450004,0.0166666666666666
0.00010910563577450002,0.0166666666666666
0.00010911563537460001,0.0166666666666666
0.00010912563497460004,0.0166666666666666
0.00010913563457460001,0.0166666666666666
0.00010914563417460004,0.0166666666666666
0.00010915563377460001,0.0166666666666666
0.00010916563337459999,0.0166666666666666
0.00010917563297460002,0.0166666666666666
0.00010918563257470001,0.0166666666666666
0.00010919563217470004,0.0166666666666666
0.00010920563177470001,0.0
0.00010921563137470004,0.0166666666666666
0.00010922563097470002,0.0166666666666666
0.00010923563057469999,0.0166666666666666
0.00010924563017480004,0.0166666666666666
0.00010925562977480001,0.0166666666666666
0.00010926562937480004,0.0
0.00010927562897480002,0.0166666666666666
0.00010928562857479999,0.0166666666666666
0.00010929562817480002,0.0
0.00010930562777490001,0.0166666666666666
0.00010931562737490004,0.0166666666666666
0.00010932562697490002,0.0166666666666666
0.00010933562657489999,0.0166666666666666
0.00010934562617490002,0.0
0.0001093556257749,0.0166666666666666
0.00010936562537500004,0.0
0.00010937562497500002,0.0166666666666666
0.00010938562457499999,0.0166666666666666
0.00010939562417500002,0.0166666666666666
0.000109405623775,0.0166666666666666
0.00010941562337500003,0.0166666666666666
0.000109425622975,0.0166666666666666
0.00010943562257509999,0.0166666666666666
0.00010944562217510002,0.0166666666666666
0.0001094556217751,0.0
0.00010946562137510002,0.0166666666666666
0.0001094756209751,0.0166666666666666
0.00010948562057510003,0.0166666666666666
0.00010949562017520002,0.0166666666666666
0.0001095056197752,0.0
0.00010951561937520002,0.0166666666666666
0.0001095256189752,0.0
0.00010953561857520003,0.0
0.0001095456181752,0.0166666666666666
0.0001095556177753,0.0166666666666666
0.00010956561737530002,0.0166666666666666
0.0001095756169753,0.0166666666666666
0.00010958561657530003,0.0
0.0001095956161753,0.0
0.00010960561577530003,0.0166666666666666
0.00010961561537540002,0.0166666666666666
0.0001096256149754,0.0166666666666666
0.00010963561457540003,0.0
0.0001096456141754,0.0
0.00010965561377540003,0.0166666666666666
0.0001096656133754,0.0166666666666666
0.00010967561297540004,0.0166666666666666
0.00010968561257550003,0.0166666666666666
0.0001096956121755,0.0166666666666666
0.00010970561177550003,0.0166666666666666
0.0001097156113755,0.0166666666666666
0.00010972561097550003,0.0
0.00010973561057550001,0.0166666666666666
0.0001097456101756,0.0166666666666666
0.00010975560977560003,0.0166666666666666
0.0001097656093756,0.0166666666666666
0.00010977560897560003,0.0
0.00010978560857560001,0.0
0.00010979560817560004,0.0
0.00010980560777570003,0.0
0.0001098156073757,0.0166666666666666
0.00010982560697570003,0.0166666666666666
0.00010983560657570001,0.0166666666666666
0.00010984560617570004,0.0
0.00010985560577570001,0.0
0.0001098656053758,0.0166666666666666
0.00010987560497580003,0.0166666666666666
0.00010988560457580001,0.0166666666666666
0.00010989560417580004,0.0
0.00010990560377580001,0.0
0.00010991560337580004,0.0
0.00010992560297580002,0.0
0.00010993560257590001,0.0166666666666666
0.00010994560217590004,0.0166666666666666
0.00010995560177590001,0.0166666666666666
0.00010996560137590004,0.0
0.00010997560097590002,0.0166666666666666
0.00010998560057589999,0.0166666666666666
0.00010999560017600004,0.0
0.00011000559977600001,0.0333333333333332
0.00011001559937600004,0.0166666666666666
0.00011002559897600002,0.0
0.00011003559857599999,0.0
0.00011004559817600002,0.0166666666666666
0.00011005559777610001,0.0166666666666666
0.00011006559737610004,0.0166666666666666
0.00011007559697610002,0.0166666666666666
0.00011008559657609999,0.0166666666666666
0.00011009559617610002,0.0
0.0001101055957761,0.0166666666666666
0.00011011559537620004,0.0166666666666666
0.00011012559497620002,0.0166666666666666
0.00011013559457619999,0.0166666666666666
0.00011014559417620002,0.0
0.0001101555937762,0.0
0.00011016559337620002,0.0166666666666666
0.0001101755929762,0.0166666666666666
0.00011018559257629999,0.0166666666666666
0.00011019559217630002,0.0166666666666666
0.0001102055917763,0.0166666666666666
0.00011021559137630002,0.0
0.0001102255909763,0.0
0.00011023559057630003,0.0166666666666666
0.00011024559017640002,0.0
0.00011025558977639999,0.0
0.00011026558937640002,0.0166666666666666
0.0001102755889764,0.0166666666666666
0.00011028558857640003,0.0166666666666666
0.0001102955881764,0.0
0.00011030558777649999,0.0166666666666666
0.00011031558737650002,0.0166666666666666
0.0001103255869765,0.0166666666666666
0.00011033558657650003,0.0166666666666666
0.0001103455861765,0.0166666666666666
0.00011035558577650003,0.0166666666666666
0.00011036558537660002,0.0166666666666666
0.0001103755849766,0.0166666666666666
0.00011038558457660003,0.0
0.0001103955841766,0.0166666666666666
0.00011040558377660003,0.0166666666666666
0.0001104155833766,0.0166666666666666
0.00011042558297660003,0.0
0.00011043558257670002,0.0166666666666666
0.0001104455821767,0.0
0.00011045558177670003,0.0166666666666666
0.0001104655813767,0.0166666666666666
0.00011047558097670003,0.0166666666666666
0.00011048558057670001,0.0
0.0001104955801768,0.0166666666666666
0.00011050557977680003,0.0
0.0001105155793768,0.0166666666666666
0.00011052557897680003,0.0166666666666666
0.00011053557857680001,0.0166666666666666
0.00011054557817680004,0.0166666666666666
0.00011055557777690003,0.0166666666666666
0.0001105655773769,0.0
0.00011057557697690003,0.0166666666666666
0.0001105855765769,0.0166666666666666
0.00011059557617690004,0.0166666666666666
0.00011060557577690001,0.0166666666666666
0.000110615575377,0.0166666666666666
0.00011062557497700003,0.0166666666666666
0.000110635574577,0.0166666666666666
0.00011064557417700004,0.0166666666666666
0.00011065557377700001,0.0
0.00011066557337700004,0.0166666666666666
0.00011067557297700001,0.0166666666666666
0.0001106855725771,0.0166666666666666
0.00011069557217710004,0.0166666666666666
0.00011070557177710001,0.0
0.00011071557137710004,0.0
0.00011072557097710001,0.0
0.00011073557057710004,0.0
0.00011074557017720003,0.0
0.00011075556977720001,0.0166666666666666
0.00011076556937720004,0.0166666666666666
0.00011077556897720001,0.0
0.00011078556857720004,0.0166666666666666
0.00011079556817720002,0.0166666666666666
0.00011080556777730001,0.0166666666666666
0.00011081556737730004,0.0166666666666666
0.00011082556697730001,0.0166666666666666
0.00011083556657730004,0.0166666666666666
0.00011084556617730002,0.0166666666666666
0.00011085556577729999,0.0166666666666666
0.00011086556537740004,0.0
0.00011087556497740001,0.0
0.00011088556457740004,0.0
0.00011089556417740002,0.0166666666666666
0.00011090556377739999,0.0
0.00011091556337740002,0.0166666666666666
0.0001109255629774,0.0
0.00011093556257750004,0.0
0.00011094556217750002,0.0166666666666666
0.00011095556177749999,0.0166666666666666
0.00011096556137750002,0.0
0.0001109755609775,0.0166666666666666
0.00011098556057750002,0.0166666666666666
0.00011099556017760002,0.0
0.00011100555977759999,0.0166666666666666
0.00011101555937760002,0.0166666666666666
0.0001110255589776,0.0166666666666666
0.00011103555857760002,0.0166666666666666
0.0001110455581776,0.0166666666666666
0.00011105555777769999,0.0166666666666666
0.00011106555737770002,0.0166666666666666
0.0001110755569777,0.0166666666666666
0.00011108555657770002,0.0166666666666666
0.0001110955561777,0.0166666666666666
0.00011110555577770003,0.0166666666666666
0.00011111555537780002,0.0166666666666666
0.0001111255549778,0.0166666666666666
0.00011113555457780002,0.0166666666666666
0.0001111455541778,0.0
0.00011115555377780003,0.0166666666666666
0.0001111655533778,0.0166666666666666
0.00011117555297780003,0.0
0.00011118555257790002,0.0166666666666666
0.0001111955521779,0.0166666666666666
0.00011120555177790003,0.0
0.0001112155513779,0.0
0.00011122555097790003,0.0166666666666666
0.0001112355505779,0.0166666666666666
0.000111245550178,0.0166666666666666
0.00011125554977800003,0.0
0.000111265549378,0.0166666666666666
0.00011127554897800003,0.0166666666666666
0.000111285548578,0.0166666666666666
0.00011129554817800003,0.0166666666666666
0.00011130554777810003,0.0166666666666666
0.0001113155473781,0.0166666666666666
0.00011132554697810003,0.0166666666666666
0.0001113355465781,0.0166666666666666
0.00011134554617810003,0.0166666666666666
0.00011135554577810001,0.0166666666666666
0.0001113655453782,0.0
0.00011137554497820003,0.0166666666666666
0.0001113855445782,0.0166666666666666
0.00011139554417820003,0.0166666666666666
0.00011140554377820001,0.0
0.00011141554337820004,0.0
0.00011142554297820001,0.0166666666666666
0.0001114355425783,0.0166666666666666
0.00011144554217830003,0.0166666666666666
0.00011145554177830001,0.0
0.00011146554137830004,0.0166666666666666
0.00011147554097830001,0.0166666666666666
0.00011148554057830004,0.0
0.00011149554017840003,0.0166666666666666
0.00011150553977840001,0.0166666666666666
0.00011151553937840004,0.0166666666666666
0.00011152553897840001,0.0
0.00011153553857840004,0.0166666666666666
0.00011154553817840001,0.0166666666666666
0.00011155553777850001,0.0166666666666666
0.00011156553737850004,0.0
0.00011157553697850001,0.0166666666666666
0.00011158553657850004,0.0166666666666666
0.00011159553617850001,0.0
0.00011160553577850004,0.0166666666666666
0.00011161553537860004,0.0166666666666666
0.00011162553497860001,0.0166666666666666
0.00011163553457860004,0.0166666666666666
0.00011164553417860001,0.0166666666666666
0.00011165553377860004,0.0166666666666666
0.00011166553337860002,0.0166666666666666
0.00011167553297859999,0.0
0.00011168553257870004,0.0166666666666666
0.00011169553217870001,0.0166666666666666
0.00011170553177870004,0.0166666666666666
0.00011171553137870002,0.0
0.00011172553097869999,0.0166666666666666
0.00011173553057870002,0.0166666666666666
0.00011174553017880001,0.0
0.00011175552977880004,0.0
0.00011176552937880002,0.0166666666666666
0.00011177552897879999,0.0
0.00011178552857880002,0.0
0.0001117955281788,0.0
0.00011180552777890004,0.0166666666666666
0.00011181552737890002,0.0166666666666666
0.00011182552697889999,0.0
0.00011183552657890002,0.0166666666666666
0.0001118455261789,0.0
0.00011185552577890002,0.0166666666666666
0.00011186552537900002,0.0166666666666666
0.00011187552497899999,0.0
0.00011188552457900002,0.0166666666666666
0.000111895524179,0.0166666666666666
0.00011190552377900002,0.0
0.000111915523379,0.0
0.00011192552297900003,0.0166666666666666
0.00011193552257910002,0.0
0.0001119455221791,0.0166666666666666
0.00011195552177910002,0.0166666666666666
0.0001119655213791,0.0166666666666666
0.00011197552097910003,0.0166666666666666
0.0001119855205791,0.0
0.0001119955201792,0.0166666666666666
0.00011200551977920002,0.0
0.0001120155193792,0.0166666666666666
0.00011202551897920003,0.0166666666666666
0.0001120355185792,0.0166666666666666
0.00011204551817920003,0.0166666666666666
0.00011205551777930002,0.0166666666666666
0.0001120655173793,0.0
0.00011207551697930003,0.0166666666666666
0.0001120855165793,0.0166666666666666
0.00011209551617930003,0.0
0.0001121055157793,0.0166666666666666
0.0001121155153794,0.0166666666666666
0.00011212551497940003,0.0
0.0001121355145794,0.0166666666666666
0.00011214551417940003,0.0166666666666666
0.0001121555137794,0.0
0.00011216551337940003,0.0166666666666666
0.00011217551297940001,0.0166666666666666
0.0001121855125795,0.0166666666666666
0.00011219551217950003,0.0166666666666666
0.0001122055117795,0.0166666666666666
0.00011221551137950003,0.0166666666666666
0.00011222551097950001,0.0
0.00011223551057950004,0.0
0.00011224551017960003,0.0166666666666666
0.0001122555097796,0.0
0.00011226550937960003,0.0
0.00011227550897960001,0.0166666666666666
0.00011228550857960004,0.0
0.00011229550817960001,0.0166666666666666
0.0001123055077797,0.0166666666666666
0.00011231550737970003,0.0
0.00011232550697970001,0.0
0.00011233550657970004,0.0
0.00011234550617970001,0.0166666666666666
0.00011235550577970004,0.0166666666666666
0.00011236550537980003,0.0
0.00011237550497980001,0.0166666666666666
0.00011238550457980004,0.0166666666666666
0.00011239550417980001,0.0166666666666666
0.00011240550377980004,0.0166666666666666
0.00011241550337980002,0.0166666666666666
0.00011242550297979999,0.0166666666666666
0.00011243550257990004,0.0166666666666666
0.00011244550217990001,0.0166666666666666
0.00011245550177990004,0.0166666666666666
0.00011246550137990001,0.0
0.00011247550097989999,0.0
0.00011248550057990002,0.0166666666666666
0.00011249550018000001,0.0
0.00011250549978000004,0.0
0.00011251549938000001,0.0
0.00011252549898000004,0.0
0.00011253549858000002,0.0166666666666666
0.00011254549817999999,0.0166666666666666
0.00011255549778010004,0.0166666666666666
0.00011256549738010001,0.0
0.00011257549698010004,0.0166666666666666
0.00011258549658010002,0.0166666666666666
0.00011259549618009999,0.0166666666666666
0.00011260549578010002,0.0166666666666666
0.00011261549538020001,0.0166666666666666
0.00011262549498020004,0.0333333333333332
0.00011263549458020002,0.0166666666666666
0.00011264549418019999,0.0166666666666666
0.00011265549378020002,0.0166666666666666
0.0001126654933802,0.0166666666666666
0.00011267549298020003,0.0166666666666666
0.00011268549258030002,0.0
0.00011269549218029999,0.0
0.00011270549178030002,0.0
0.0001127154913803,0.0
0.00011272549098030002,-0.0166666666666666
0.0001127354905803,0.0
0.00011274549018039999,0.0
0.00011275548978040002,0.0
0.0001127654893804,0.0
0.00011277548898040002,0.0
0.0001127854885804,0.0166666666666666
0.00011279548818040003,0.0166666666666666
0.00011280548778050002,0.0
0.0001128154873805,0.0166666666666666
0.00011282548698050002,0.0166666666666666
0.0001128354865805,0.0166666666666666
0.00011284548618050003,0.0166666666666666
0.0001128554857805,0.0166666666666666
0.0001128654853806,0.0333333333333332
0.00011287548498060002,0.0166666666666666
0.0001128854845806,0.0166666666666666
0.00011289548418060003,0.0166666666666666
0.0001129054837806,0.0166666666666666
0.00011291548338060003,0.0166666666666666
0.0001129254829806,0.0166666666666666
0.0001129354825807,0.0166666666666666
0.00011294548218070003,0.0
0.0001129554817807,0.0166666666666666
0.00011296548138070003,0.0166666666666666
0.0001129754809807,0.0
0.00011298548058070004,0.0
0.00011299548018080003,0.0
0.0001130054797808,0.0
0.00011301547938080003,0.0
0.0001130254789808,0.0
0.00011303547858080003,0.0
0.00011304547818080001,0.0
0.0001130554777809,0.0
0.00011306547738090003,0.0
0.0001130754769809,0.0166666666666666
0.00011308547658090003,0.0166666666666666
0.00011309547618090001,0.0166666666666666
0.00011310547578090004,0.0166666666666666
0.00011311547538100003,0.0166666666666666
0.000113125474981,0.0166666666666666
0.00011313547458100003,0.0166666666666666
0.00011314547418100001,0.0333333333333332
0.00011315547378100004,0.0333333333333332
0.00011316547338100001,0.0166666666666666
0.00011317547298100004,0.0166666666666666
0.00011318547258110003,0.0166666666666666
0.00011319547218110001,0.0166666666666666
0.00011320547178110004,0.0166666666666666
0.00011321547138110001,0.0166666666666666
0.00011322547098110004,0.0166666666666666
0.00011323547058110002,0.0166666666666666
0.00011324547018120001,0.0166666666666666
0.00011325546978120004,0.0166666666666666
0.00011326546938120001,0.0
0.00011327546898120004,0.0
0.00011328546858120002,0.0
0.00011329546818119999,0.0
0.00011330546778130004,0.0
0.00011331546738130001,0.0166666666666666
0.00011332546698130004,0.0
0.00011333546658130002,-0.0166666666666666
0.00011334546618129999,0.0
0.00011335546578130002,0.0166666666666666
0.00011336546538140001,0.0
0.00011337546498140004,0.0166666666666666
0.00011338546458140002,0.0166666666666666
0.00011339546418139999,0.0166666666666666
0.00011340546378140002,0.0166666666666666
0.0001134154633814,0.0166666666666666
0.00011342546298140002,0.0166666666666666
0.00011343546258150002,0.0166666666666666
0.00011344546218149999,0.0166666666666666
0.00011345546178150002,0.0166666666666666
0.0001134654613815,0.0166666666666666
0.00011347546098150002,0.0166666666666666
0.0001134854605815,0.0
0.00011349546018159999,0.0166666666666666
0.00011350545978160002,0.0
0.0001135154593816,0.0
0.00011352545898160002,0.0166666666666666
0.0001135354585816,0.0
0.00011354545818160003,0.0166666666666666
0.00011355545778170002,0.0
0.00011356545738169999,0.0
0.00011357545698170002,0.0
0.0001135854565817,0.0
0.00011359545618170003,0.0166666666666666
0.0001136054557817,0.0
0.00011361545538179999,0.0166666666666666
0.00011362545498180002,0.0166666666666666
0.0001136354545818,0.0
0.00011364545418180003,0.0
0.0001136554537818,0.0166666666666666
0.00011366545338180003,0.0166666666666666
0.0001136754529818,0.0166666666666666
0.0001136854525819,0.0166666666666666
0.00011369545218190003,0.0166666666666666
0.0001137054517819,0.0166666666666666
0.00011371545138190003,0.0166666666666666
0.0001137254509819,0.0166666666666666
0.00011373545058190003,0.0166666666666666
0.00011374545018200002,0.0166666666666666
0.000113755449782,0.0166666666666666
0.00011376544938200003,0.0166666666666666
0.000113775448982,0.0166666666666666
0.00011378544858200003,0.0
0.00011379544818200001,0.0166666666666666
0.0001138054477821,0.0166666666666666
0.00011381544738210003,0.0166666666666666
0.0001138254469821,0.0166666666666666
0.00011383544658210003,0.0
0.00011384544618210001,0.0
0.00011385544578210004,0.0166666666666666
0.00011386544538220003,0.0
0.0001138754449822,0.0166666666666666
0.00011388544458220003,0.0
0.0001138954441822,0.0166666666666666
0.00011390544378220004,0.0
0.00011391544338220001,0.0166666666666666
0.00011392544298220004,0.0
0.00011393544258230003,0.0166666666666666
0.0001139454421823,0.0
0.00011395544178230004,0.0166666666666666
0.00011396544138230001,0.0166666666666666
0.00011397544098230004,0.0166666666666666
0.00011398544058230001,0.0166666666666666
0.0001139954401824,0.0166666666666666
0.00011400543978240004,0.0166666666666666
0.00011401543938240001,0.0166666666666666
0.00011402543898240004,0.0166666666666666
0.00011403543858240001,0.0166666666666666
0.00011404543818240004,0.0166666666666666
0.00011405543778250003,0.0166666666666666
0.00011406543738250001,0.0166666666666666
0.00011407543698250004,0.0166666666666666
0.00011408543658250001,0.0166666666666666
0.00011409543618250004,0.0
0.00011410543578250002,0.0
0.00011411543538260001,0.0
0.00011412543498260004,0.0166666666666666
0.00011413543458260001,0.0
0.00011414543418260004,0.0166666666666666
0.00011415543378260002,0.0166666666666666
0.00011416543338259999,0.0
0.00011417543298260002,0.0166666666666666
0.00011418543258270001,0.0166666666666666
0.00011419543218270004,0.0166666666666666
0.00011420543178270002,0.0166666666666666
0.00011421543138269999,0.0166666666666666
0.00011422543098270002,0.0166666666666666
0.0001142354305827,0.0166666666666666
0.00011424543018280004,0.0166666666666666
0.00011425542978280002,0.0
0.00011426542938279999,0.0166666666666666
0.00011427542898280002,0.0166666666666666
0.0001142854285828,0.0166666666666666
0.00011429542818280002,0.0166666666666666
0.00011430542778290002,0.0
0.00011431542738289999,0.0
0.00011432542698290002,0.0166666666666666
0.0001143354265829,0.0166666666666666
0.00011434542618290002,0.0
0.0001143554257829,0.0166666666666666
0.00011436542538299999,0.0
0.00011437542498300002,0.0
0.000114385424583,0.0
0.00011439542418300002,0.0166666666666666
0.000114405423783,0.0166666666666666
0.00011441542338300003,0.0
0.000114425422983,0.0166666666666666
0.0001144354225831,0.0166666666666666
0.00011444542218310002,0.0166666666666666
0.0001144554217831,0.0166666666666666
0.00011446542138310003,0.0166666666666666
0.0001144754209831,0.0166666666666666
0.00011448542058310003,0.0
0.00011449542018320002,0.0
0.0001145054197832,0.0166666666666666
0.00011451541938320003,0.0166666666666666
0.0001145254189832,0.0166666666666666
0.00011453541858320003,0.0166666666666666
0.0001145454181832,0.0166666666666666
0.0001145554177833,0.0
0.00011456541738330003,0.0166666666666666
0.0001145754169833,0.0166666666666666
0.00011458541658330003,0.0
0.0001145954161833,0.0166666666666666
0.00011460541578330003,0.0
0.00011461541538340003,0.0166666666666666
0.0001146254149834,0.0
0.00011463541458340003,0.0166666666666666
0.0001146454141834,0.0
0.00011465541378340003,0.0166666666666666
0.00011466541338340001,0.0166666666666666
0.00011467541298340004,0.0166666666666666
0.00011468541258350003,0.0
0.0001146954121835,0.0
0.00011470541178350003,0.0166666666666666
0.00011471541138350001,0.0166666666666666
0.00011472541098350004,0.0
0.00011473541058350001,0.0166666666666666
0.0001147454101836,0.0
0.00011475540978360003,0.0166666666666666
0.00011476540938360001,0.0166666666666666
0.00011477540898360004,0.0
0.00011478540858360001,0.0
0.00011479540818360004,0.0166666666666666
0.00011480540778370003,0.0166666666666666
0.00011481540738370001,0.0166666666666666
0.00011482540698370004,0.0
0.00011483540658370001,0.0166666666666666
0.00011484540618370004,0.0166666666666666
0.00011485540578370001,0.0166666666666666
0.00011486540538380001,0.0166666666666666
0.00011487540498380004,0.0166666666666666
0.00011488540458380001,0.0
0.00011489540418380004,0.0166666666666666
0.00011490540378380001,0.0166666666666666
0.00011491540338380004,0.0166666666666666
0.00011492540298380002,0.0166666666666666
0.00011493540258390001,0.0166666666666666
0.00011494540218390004,0.0
0.00011495540178390001,0.0166666666666666
0.00011496540138390004,0.0
0.00011497540098390002,0.0166666666666666
0.00011498540058389999,0.0
0.00011499540018400004,0.0166666666666666
0.00011500539978400001,0.0166666666666666
0.00011501539938400004,0.0166666666666666
0.00011502539898400002,0.0
0.00011503539858399999,0.0
0.00011504539818400002,0.0166666666666666
0.00011505539778410001,0.0166666666666666
0.00011506539738410004,0.0166666666666666
0.00011507539698410002,0.0
0.00011508539658409999,0.0166666666666666
0.00011509539618410002,0.0166666666666666
0.0001151053957841,0.0
0.00011511539538420004,0.0
0.00011512539498420002,0.0166666666666666
0.00011513539458419999,0.0166666666666666
0.00011514539418420002,0.0166666666666666
0.0001151553937842,0.0166666666666666
0.00011516539338420002,0.0
0.0001151753929842,0.0166666666666666
0.00011518539258429999,0.0
0.00011519539218430002,0.0166666666666666
0.0001152053917843,0.0
0.00011521539138430002,0.0166666666666666
0.0001152253909843,0.0166666666666666
0.00011523539058430003,0.0166666666666666
0.00011524539018440002,0.0166666666666666
0.0001152553897844,0.0166666666666666
0.00011526538938440002,0.0166666666666666
0.0001152753889844,0.0166666666666666
0.00011528538858440003,0.0166666666666666
0.0001152953881844,0.0166666666666666
0.0001153053877845,0.0
0.00011531538738450002,0.0166666666666666
0.0001153253869845,0.0166666666666666
0.00011533538658450003,0.0166666666666666
0.0001153453861845,0.0166666666666666
0.00011535538578450003,0.0
0.00011536538538460002,0.0166666666666666
0.0001153753849846,0.0
0.00011538538458460003,0.0166666666666666
0.0001153953841846,0.0166666666666666
0.00011540538378460003,0.0166666666666666
0.0001154153833846,0.0
0.00011542538298460003,0.0166666666666666
0.00011543538258470003,0.0166666666666666
0.0001154453821847,0.0166666666666666
0.00011545538178470003,0.0166666666666666
0.0001154653813847,0.0166666666666666
0.00011547538098470003,0.0166666666666666
0.00011548538058470001,0.0166666666666666
0.0001154953801848,0.0166666666666666
0.00011550537978480003,0.0
0.0001155153793848,0.0166666666666666
0.00011552537898480003,0.0166666666666666
0.00011553537858480001,0.0
0.00011554537818480004,0.0166666666666666
0.00011555537778490003,0.0166666666666666
0.0001155653773849,0.0166666666666666
0.00011557537698490003,0.0166666666666666
0.00011558537658490001,0.0166666666666666
0.00011559537618490004,0.0166666666666666
0.00011560537578490001,0.0166666666666666
0.000115615375385,0.0
0.00011562537498500003,0.0166666666666666
0.00011563537458500001,0.0166666666666666
0.00011564537418500004,0.0166666666666666
0.00011565537378500001,0.0166666666666666
0.00011566537338500004,0.0166666666666666
0.00011567537298500002,0.0
0.00011568537258510001,0.0
0.00011569537218510004,0.0166666666666666
0.00011570537178510001,0.0
0.00011571537138510004,0.0
0.00011572537098510002,0.0166666666666666
0.00011573537058509999,0.0166666666666666
0.00011574537018520004,0.0166666666666666
0.00011575536978520001,0.0166666666666666
0.00011576536938520004,0.0
0.00011577536898520001,0.0166666666666666
0.00011578536858519999,0.0
0.00011579536818520002,0.0166666666666666
0.00011580536778530001,0.0166666666666666
0.00011581536738530004,0.0166666666666666
0.00011582536698530001,0.0166666666666666
0.00011583536658530004,0.0166666666666666
0.00011584536618530002,0.0166666666666666
0.00011585536578529999,0.0166666666666666
0.00011586536538530002,0.0166666666666666
0.00011587536498540001,0.0166666666666666
0.00011588536458540004,0.0166666666666666
0.00011589536418540002,0.0
0.00011590536378539999,0.0
0.00011591536338540002,0.0166666666666666
0.0001159253629854,0.0166666666666666
0.00011593536258550004,0.0166666666666666
0.00011594536218550002,0.0
0.00011595536178549999,0.0166666666666666
0.00011596536138550002,0.0166666666666666
0.0001159753609855,0.0166666666666666
0.00011598536058550003,0.0166666666666666
0.00011599536018560002,0.0166666666666666
0.00011600535978559999,0.0
0.00011601535938560002,0.0166666666666666
0.0001160253589856,0.0166666666666666
0.00011603535858560002,0.0166666666666666
0.0001160453581856,0.0
0.00011605535778569999,0.0166666666666666
0.00011606535738570002,0.0
0.0001160753569857,0.0166666666666666
0.00011608535658570002,0.0166666666666666
0.0001160953561857,0.0166666666666666
0.00011610535578570003,0.0166666666666666
0.0001161153553857,0.0
0.0001161253549858,0.0
0.00011613535458580002,0.0166666666666666
0.0001161453541858,0.0166666666666666
0.00011615535378580003,0.0
0.0001161653533858,0.0166666666666666
0.00011617535298580003,0.0
0.00011618535258590002,0.0166666666666666
0.0001161953521859,0.0
0.00011620535178590003,0.0166666666666666
0.0001162153513859,0.0
0.00011622535098590003,0.0166666666666666
0.0001162353505859,0.0166666666666666
0.000116245350186,0.0166666666666666
0.00011625534978600003,0.0
0.000116265349386,0.0166666666666666
0.00011627534898600003,0.0166666666666666
0.000116285348586,0.0166666666666666
0.00011629534818600004,0.0166666666666666
0.00011630534778610003,0.0166666666666666
0.0001163153473861,0.0166666666666666
0.00011632534698610003,0.0166666666666666
0.0001163353465861,0.0166666666666666
0.00011634534618610003,0.0
0.00011635534578610001,0.0166666666666666
0.00011636534538610004,0.0166666666666666
0.00011637534498620003,0.0
0.0001163853445862,0.0166666666666666
0.00011639534418620003,0.0
0.00011640534378620001,0.0
0.00011641534338620004,0.0166666666666666
0.00011642534298620001,0.0166666666666666
0.0001164353425863,0.0166666666666666
0.00011644534218630003,0.0166666666666666
0.00011645534178630001,0.0166666666666666
0.00011646534138630004,0.0166666666666666
0.00011647534098630001,0.0166666666666666
0.00011648534058630004,0.0
0.00011649534018640003,0.0166666666666666
0.00011650533978640001,0.0166666666666666
0.00011651533938640004,0.0
0.00011652533898640001,0.0
0.00011653533858640004,0.0166666666666666
0.00011654533818640002,0.0166666666666666
0.00011655533778650001,0.0
0.00011656533738650004,0.0166666666666666
0.00011657533698650001,0.0
0.00011658533658650004,0.0166666666666666
0.00011659533618650002,0.0166666666666666
0.00011660533578649999,0.0
0.00011661533538650002,0.0166666666666666
0.00011662533498660001,0.0166666666666666
0.00011663533458660004,0.0166666666666666
0.00011664533418660002,0.0
0.00011665533378659999,0.0166666666666666
0.00011666533338660002,0.0
0.0001166753329866,0.0
0.00011668533258670004,0.0166666666666666
0.00011669533218670002,0.0166666666666666
0.00011670533178669999,0.0166666666666666
0.00011671533138670002,0.0166666666666666
0.0001167253309867,0.0166666666666666
0.00011673533058670002,0.0166666666666666
0.00011674533018680002,0.0
0.00011675532978679999,0.0166666666666666
0.00011676532938680002,0.0166666666666666
0.0001167753289868,0.0
0.00011678532858680002,0.0166666666666666
0.0001167953281868,0.0166666666666666
0.00011680532778689999,0.0166666666666666
0.00011681532738690002,0.0166666666666666
0.0001168253269869,0.0
0.00011683532658690002,0.0166666666666666
0.0001168453261869,0.0166666666666666
0.00011685532578690003,0.0
0.0001168653253869,0.0166666666666666
0.00011687532498699999,0.0
0.00011688532458700002,0.0
0.000116895324187,0.0166666666666666
0.00011690532378700003,0.0166666666666666
0.000116915323387,0.0166666666666666
0.00011692532298700003,0.0166666666666666
0.00011693532258710002,0.0166666666666666
0.0001169453221871,0.0166666666666666
0.00011695532178710003,0.0
0.0001169653213871,0.0166666666666666
0.00011697532098710003,0.0166666666666666
0.0001169853205871,0.0166666666666666
0.0001169953201872,0.0166666666666666
0.00011700531978720003,0.0166666666666666
0.0001170153193872,0.0
0.00011702531898720003,0.0
0.0001170353185872,0.0166666666666666
0.00011704531818720003,0.0166666666666666
0.00011705531778730002,0.0166666666666666
0.0001170653173873,0.0166666666666666
0.00011707531698730003,0.0166666666666666
0.0001170853165873,0.0166666666666666
0.00011709531618730003,0.0166666666666666
0.00011710531578730001,0.0166666666666666
0.00011711531538730004,0.0
0.00011712531498740003,0.0166666666666666
0.0001171353145874,0.0166666666666666
0.00011714531418740003,0.0
0.00011715531378740001,0.0
0.00011716531338740004,0.0
0.00011717531298740001,0.0166666666666666
0.0001171853125875,0.0166666666666666
0.00011719531218750003,0.0166666666666666
0.0001172053117875,0.0166666666666666
0.00011721531138750004,0.0166666666666666
0.00011722531098750001,0.0166666666666666
0.00011723531058750004,0.0
0.00011724531018760003,0.0
0.0001172553097876,0.0166666666666666
0.00011726530938760004,0.0166666666666666
0.00011727530898760001,0.0166666666666666
0.00011728530858760004,0.0166666666666666
0.00011729530818760001,0.0
0.0001173053077877,0.0166666666666666
0.00011731530738770004,0.0
0.00011732530698770001,0.0166666666666666
0.00011733530658770004,0.0166666666666666
0.00011734530618770001,0.0166666666666666
0.00011735530578770004,0.0166666666666666
0.00011736530538770002,0.0
0.00011737530498780001,0.0
0.00011738530458780004,0.0166666666666666
0.00011739530418780001,0.0166666666666666
0.00011740530378780004,0.0
0.00011741530338780002,0.0166666666666666
0.00011742530298779999,0.0166666666666666
0.00011743530258790004,0.0166666666666666
0.00011744530218790001,0.0
0.00011745530178790004,0.0166666666666666
0.00011746530138790002,0.0166666666666666
0.00011747530098789999,0.0166666666666666
0.00011748530058790002,0.0166666666666666
0.00011749530018800001,0.0166666666666666
0.00011750529978800004,0.0166666666666666
0.00011751529938800002,0.0166666666666666
0.00011752529898799999,0.0
0.00011753529858800002,0.0166666666666666
0.000117545298188,0.0
0.00011755529778810004,0.0166666666666666
0.00011756529738810002,0.0
0.00011757529698809999,0.0
0.00011758529658810002,0.0166666666666666
0.0001175952961881,0.0166666666666666
0.00011760529578810002,0.0166666666666666
0.0001176152953881,0.0166666666666666
0.00011762529498819999,0.0166666666666666
0.00011763529458820002,0.0166666666666666
0.0001176452941882,0.0166666666666666
0.00011765529378820002,0.0166666666666666
0.0001176652933882,0.0
0.00011767529298820003,0.0166666666666666
0.00011768529258830002,0.0
0.0001176952921883,0.0166666666666666
0.00011770529178830002,0.0
0.0001177152913883,0.0166666666666666
0.00011772529098830003,0.0166666666666666
0.0001177352905883,0.0166666666666666
0.0001177452901884,0.0
0.00011775528978840002,0.0166666666666666
0.0001177652893884,0.0166666666666666
0.00011777528898840003,0.0166666666666666
0.0001177852885884,0.0
0.00011779528818840003,0.0
0.00011780528778850002,0.0166666666666666
0.0001178152873885,0.0166666666666666
0.00011782528698850003,0.0
0.0001178352865885,0.0166666666666666
0.00011784528618850003,0.0
0.0001178552857885,0.0
0.00011786528538850003,0.0166666666666666
0.00011787528498860003,0.0166666666666666
0.0001178852845886,0.0
0.00011789528418860003,0.0166666666666666
0.0001179052837886,0.0166666666666666
0.00011791528338860003,0.0166666666666666
0.00011792528298860001,0.0166666666666666
0.0001179352825887,0.0166666666666666
0.00011794528218870003,0.0166666666666666
0.0001179552817887,0.0
0.00011796528138870003,0.0166666666666666
0.00011797528098870001,0.0166666666666666
0.00011798528058870004,0.0
0.00011799528018880003,0.0
0.0001180052797888,0.0
0.00011801527938880003,0.0166666666666666
0.00011802527898880001,0.0
0.00011803527858880004,0.0166666666666666
0.00011804527818880001,0.0
0.0001180552777889,0.0
0.00011806527738890003,0.0166666666666666
0.00011807527698890001,0.0166666666666666
0.00011808527658890004,0.0166666666666666
0.00011809527618890001,0.0166666666666666
0.00011810527578890004,0.0166666666666666
0.00011811527538890001,0.0166666666666666
0.00011812527498900001,0.0
0.00011813527458900004,0.0
0.00011814527418900001,0.0166666666666666
0.00011815527378900004,0.0166666666666666
0.00011816527338900001,0.0166666666666666
0.00011817527298900004,0.0166666666666666
0.00011818527258910004,0.0
0.00011819527218910001,0.0166666666666666
0.00011820527178910004,0.0
0.00011821527138910001,0.0166666666666666
0.00011822527098910004,0.0
0.00011823527058910002,0.0166666666666666
0.00011824527018920001,0.0
0.00011825526978920004,0.0166666666666666
0.00011826526938920001,0.0166666666666666
0.00011827526898920004,0.0166666666666666
0.00011828526858920002,0.0
0.00011829526818919999,0.0166666666666666
0.00011830526778930004,0.0166666666666666
0.00011831526738930001,0.0
0.00011832526698930004,0.0166666666666666
0.00011833526658930002,0.0166666666666666
0.00011834526618929999,0.0
0.00011835526578930002,0.0166666666666666
0.0001183652653893,0.0
0.00011837526498940004,0.0166666666666666
0.00011838526458940002,0.0166666666666666
0.00011839526418939999,0.0166666666666666
0.00011840526378940002,0.0166666666666666
0.0001184152633894,0.0166666666666666
0.00011842526298940002,0.0
0.00011843526258950002,0.0
0.00011844526218949999,0.0
0.00011845526178950002,0.0166666666666666
0.0001184652613895,0.0
0.00011847526098950002,0.0166666666666666
0.0001184852605895,0.0166666666666666
0.00011849526018959999,0.0166666666666666
0.00011850525978960002,0.0
0.0001185152593896,0.0166666666666666
0.00011852525898960002,0.0166666666666666
0.0001185352585896,0.0166666666666666
0.00011854525818960003,0.0166666666666666
0.00011855525778970002,0.0166666666666666
0.0001185652573897,0.0166666666666666
0.00011857525698970002,0.0166666666666666
0.0001185852565897,0.0166666666666666
0.00011859525618970003,0.0166666666666666
0.0001186052557897,0.0166666666666666
0.00011861525538970003,0.0
0.00011862525498980002,0.0
0.0001186352545898,0.0166666666666666
0.00011864525418980003,0.0166666666666666
0.0001186552537898,0.0
0.00011866525338980003,0.0166666666666666
0.0001186752529898,0.0166666666666666
0.0001186852525899,0.0166666666666666
0.00011869525218990003,0.0
0.0001187052517899,0.0166666666666666
0.00011871525138990003,0.0166666666666666
0.0001187252509899,0.0166666666666666
0.00011873525058990003,0.0166666666666666
0.00011874525019000003,0.0166666666666666
0.00011875524979,0.0166666666666666
0.00011876524939000003,0.0166666666666666
0.00011877524899,0.0166666666666666
0.00011878524859000003,0.0
0.00011879524819000001,0.0
0.0001188052477901,0.0166666666666666
0.00011881524739010003,0.0166666666666666
0.0001188252469901,0.0
0.00011883524659010003,0.0166666666666666
0.00011884524619010001,0.0166666666666666
0.00011885524579010004,0.0166666666666666
0.00011886524539010001,0.0166666666666666
0.0001188752449902,0.0166666666666666
0.00011888524459020003,0.0
0.00011889524419020001,0.0
0.00011890524379020004,0.0166666666666666
0.00011891524339020001,0.0166666666666666
0.00011892524299020004,0.0166666666666666
0.00011893524259030003,0.0166666666666666
0.00011894524219030001,0.0166666666666666
0.00011895524179030004,0.0166666666666666
0.00011896524139030001,0.0166666666666666
0.00011897524099030004,0.0166666666666666
0.00011898524059030002,0.0166666666666666
0.00011899524019040001,0.0166666666666666
0.00011900523979040004,0.0166666666666666
0.00011901523939040001,0.0166666666666666
0.00011902523899040004,0.0
0.00011903523859040002,0.0
0.00011904523819039999,0.0
0.00011905523779050004,0.0
0.00011906523739050001,0.0166666666666666
0.00011907523699050004,0.0166666666666666
0.00011908523659050001,0.0
0.00011909523619049999,0.0166666666666666
0.00011910523579050002,0.0
0.0001191152353905,0.0166666666666666
0.00011912523499060004,0.0
0.00011913523459060001,0.0166666666666666
0.00011914523419060004,0.0
0.00011915523379060002,0.0166666666666666
0.00011916523339059999,0.0166666666666666
0.00011917523299060002,0.0
0.00011918523259070001,0.0166666666666666
0.00011919523219070004,0.0166666666666666
0.00011920523179070002,0.0166666666666666
0.00011921523139069999,0.0166666666666666
0.00011922523099070002,0.0166666666666666
0.0001192352305907,0.0166666666666666
0.00011924523019080004,0.0166666666666666
0.00011925522979080002,0.0166666666666666
0.00011926522939079999,0.0166666666666666
0.00011927522899080002,0.0166666666666666
0.0001192852285908,0.0
0.00011929522819080003,0.0166666666666666
0.00011930522779090002,0.0
0.00011931522739089999,0.0166666666666666
0.00011932522699090002,0.0
0.0001193352265909,0.0166666666666666
0.00011934522619090002,0.0
0.0001193552257909,0.0
0.00011936522539090003,0.0
0.00011937522499100002,0.0
0.000119385224591,0.0166666666666666
0.00011939522419100002,0.0
0.000119405223791,0.0
0.00011941522339100003,0.0166666666666666
0.000119425222991,0.0166666666666666
0.0001194352225911,0.0333333333333332
0.00011944522219110002,0.0166666666666666
0.0001194552217911,0.0
0.00011946522139110003,0.0166666666666666
0.0001194752209911,0.0333333333333332
0.00011948522059110003,0.0
0.00011949522019120002,0.0166666666666666
0.0001195052197912,0.0
0.00011951521939120003,0.0166666666666666
0.0001195252189912,0.0166666666666666
0.00011953521859120003,0.0
0.0001195452181912,0.0166666666666666
0.0001195552177913,0.0166666666666666
0.00011956521739130003,0.0166666666666666
0.0001195752169913,0.0166666666666666
0.00011958521659130003,0.0166666666666666
0.0001195952161913,0.0
0.00011960521579130004,0.0166666666666666
0.00011961521539130001,0.0
0.0001196252149914,0.0166666666666666
0.00011963521459140003,0.0
0.0001196452141914,0.0
0.00011965521379140003,0.0
0.00011966521339140001,0.0
0.00011967521299140004,0.0166666666666666
0.00011968521259150003,0.0
0.0001196952121915,0.0
0.00011970521179150003,0.0
0.00011971521139150001,0.0166666666666666
0.00011972521099150004,0.0333333333333332
0.00011973521059150001,0.0166666666666666
0.0001197452101916,0.0166666666666666
0.00011975520979160003,0.0166666666666666
0.00011976520939160001,0.0166666666666666
0.00011977520899160004,0.0166666666666666
0.00011978520859160001,0.0
0.00011979520819160004,0.0
0.00011980520779170003,0.0166666666666666
0.00011981520739170001,0.0
0.00011982520699170004,0.0166666666666666
0.00011983520659170001,0.0166666666666666
0.00011984520619170004,0.0166666666666666
0.00011985520579170002,0.0
0.00011986520539169999,0.0166666666666666
0.00011987520499180004,0.0166666666666666
0.00011988520459180001,0.0
0.00011989520419180004,0.0
0.00011990520379180002,0.0
0.00011991520339179999,0.0
0.00011992520299180002,0.0166666666666666
0.00011993520259190001,0.0166666666666666
0.00011994520219190004,0.0166666666666666
0.00011995520179190002,0.0166666666666666
0.00011996520139189999,0.0166666666666666
0.00011997520099190002,0.0
0.0001199852005919,0.0166666666666666
0.00011999520019200004,0.0166666666666666
0.00012000519979200002,0.0
0.00012001519939199999,0.0166666666666666
0.00012002519899200002,0.0166666666666666
0.000120035198592,0.0166666666666666
0.00012004519819200002,0.0
0.00012005519779210002,0.0166666666666666
0.00012006519739209999,0.0166666666666666
0.00012007519699210002,0.0166666666666666
0.0001200851965921,0.0
0.00012009519619210002,0.0166666666666666
0.0001201051957921,0.0
0.00012011519539210003,0.0166666666666666
0.00012012519499220002,0.0
0.0001201351945922,0.0166666666666666
0.00012014519419220002,0.0166666666666666
0.0001201551937922,0.0166666666666666
0.00012016519339220003,0.0166666666666666
0.0001201751929922,0.0166666666666666
0.00012018519259229999,0.0166666666666666
0.00012019519219230002,0.0166666666666666
0.0001202051917923,0.0166666666666666
0.00012021519139230003,0.0166666666666666
0.0001202251909923,0.0166666666666666
0.00012023519059230003,0.0
0.00012024519019240002,0.0166666666666666
0.0001202551897924,0.0166666666666666
0.00012026518939240003,0.0166666666666666
0.0001202751889924,0.0166666666666666
0.00012028518859240003,0.0
0.0001202951881924,0.0166666666666666
0.0001203051877925,0.0166666666666666
0.00012031518739250003,0.0166666666666666
0.0001203251869925,0.0166666666666666
0.00012033518659250003,0.0166666666666666
0.0001203451861925,0.0166666666666666
0.00012035518579250003,0.0166666666666666
0.00012036518539250001,0.0166666666666666
0.0001203751849926,0.0166666666666666
0.00012038518459260003,0.0
0.0001203951841926,0.0166666666666666
0.00012040518379260003,0.0166666666666666
0.00012041518339260001,0.0
0.00012042518299260004,0.0166666666666666
0.00012043518259270003,0.0
0.0001204451821927,0.0166666666666666
0.00012045518179270003,0.0166666666666666
0.00012046518139270001,0.0166666666666666
0.00012047518099270004,0.0166666666666666
0.00012048518059270001,0.0166666666666666
0.0001204951801928,0.0166666666666666
0.00012050517979280003,0.0166666666666666
0.0001205151793928,0.0
0.00012052517899280004,0.0166666666666666
0.00012053517859280001,0.0
0.00012054517819280004,0.0166666666666666
0.00012055517779290003,0.0
0.0001205651773929,0.0
0.00012057517699290004,0.0166666666666666
0.00012058517659290001,0.0
0.00012059517619290004,0.0166666666666666
0.00012060517579290001,0.0166666666666666
0.00012061517539290004,0.0166666666666666
0.00012062517499300004,0.0
0.00012063517459300001,0.0166666666666666
0.00012064517419300004,0.0166666666666666
0.00012065517379300001,0.0166666666666666
0.00012066517339300004,0.0166666666666666
0.00012067517299300002,0.0166666666666666
0.00012068517259310001,0.0166666666666666
0.00012069517219310004,0.0166666666666666
0.00012070517179310001,0.0166666666666666
0.00012071517139310004,0.0166666666666666
0.00012072517099310002,0.0166666666666666
0.00012073517059309999,0.0166666666666666
0.00012074517019320004,0.0166666666666666
0.00012075516979320001,0.0166666666666666
0.00012076516939320004,0.0
0.00012077516899320002,0.0
0.00012078516859319999,0.0
0.00012079516819320002,0.0166666666666666
0.00012080516779330001,0.0
0.00012081516739330004,0.0
0.00012082516699330002,0.0166666666666666
0.00012083516659329999,0.0166666666666666
0.00012084516619330002,0.0166666666666666
0.0001208551657933,0.0166666666666666
0.00012086516539330002,0.0166666666666666
0.00012087516499340002,0.0166666666666666
0.00012088516459339999,0.0166666666666666
0.00012089516419340002,0.0
0.0001209051637934,0.0166666666666666
0.00012091516339340002,0.0166666666666666
0.0001209251629934,0.0166666666666666
0.00012093516259349999,0.0166666666666666
0.00012094516219350002,0.0166666666666666
0.0001209551617935,0.0166666666666666
0.00012096516139350002,0.0166666666666666
0.0001209751609935,0.0166666666666666
0.00012098516059350003,0.0166666666666666
0.00012099516019360002,0.0166666666666666
0.0001210051597936,0.0
0.00012101515939360002,0.0
0.0001210251589936,0.0
0.00012103515859360003,0.0
0.0001210451581936,-0.0166666666666666
0.0001210551577937,0.0
0.00012106515739370002,-0.0166666666666666
0.0001210751569937,0.0
0.00012108515659370003,0.0
0.0001210951561937,0.0
0.00012110515579370003,0.0
0.0001211151553937,0.0
0.0001211251549938,0.0
0.00012113515459380003,0.0166666666666666
0.0001211451541938,0.0166666666666666
0.00012115515379380003,0.0166666666666666
0.0001211651533938,0.0166666666666666
0.00012117515299380003,0.0166666666666666
0.00012118515259390003,0.0166666666666666
0.0001211951521939,0.0166666666666666
0.00012120515179390003,0.0333333333333332
0.0001212151513939,0.0333333333333332
0.00012122515099390003,0.0166666666666666
0.00012123515059390001,0.0166666666666666
0.000121245150194,0.0166666666666666
0.00012125514979400003,0.0166666666666666
0.000121265149394,0.0166666666666666
0.00012127514899400003,0.0166666666666666
0.00012128514859400001,0.0166666666666666
0.00012129514819400004,0.0166666666666666
0.00012130514779410003,0.0
0.0001213151473941,0.0166666666666666
0.00012132514699410003,0.0
0.00012133514659410001,0.0
0.00012134514619410004,0.0
0.00012135514579410001,0.0
0.00012136514539410004,0.0
0.00012137514499420003,0.0
0.00012138514459420001,0.0
0.00012139514419420004,0.0
0.00012140514379420001,0.0
0.00012141514339420004,0.0166666666666666
0.00012142514299420001,0.0166666666666666
0.00012143514259430001,0.0166666666666666
0.00012144514219430004,0.0166666666666666
0.00012145514179430001,0.0166666666666666
0.00012146514139430004,0.0166666666666666
0.00012147514099430001,0.0166666666666666
0.00012148514059430004,0.0166666666666666
0.00012149514019440004,0.0166666666666666
0.00012150513979440001,0.0166666666666666
0.00012151513939440004,0.0166666666666666
0.00012152513899440001,0.0166666666666666
0.00012153513859440004,0.0166666666666666
0.00012154513819440002,0.0166666666666666
0.00012155513779450001,0.0166666666666666
0.00012156513739450004,0.0166666666666666
0.00012157513699450001,0.0166666666666666
0.00012158513659450004,0.0
0.00012159513619450002,0.0
0.00012160513579449999,0.0
0.00012161513539450002,0.0
0.00012162513499460001,0.0
0.00012163513459460004,0.0
0.00012164513419460002,0.0
0.00012165513379459999,0.0
0.00012166513339460002,0.0
0.0001216751329946,0.0166666666666666
0.00012168513259470004,0.0166666666666666
0.00012169513219470002,0.0166666666666666
0.00012170513179469999,0.0166666666666666
0.00012171513139470002,0.0
0.0001217251309947,0.0166666666666666
0.00012173513059470002,0.0166666666666666
0.00012174513019480002,0.0166666666666666
0.00012175512979479999,0.0166666666666666
0.00012176512939480002,0.0166666666666666
0.0001217751289948,0.0166666666666666
0.00012178512859480002,0.0166666666666666
0.0001217951281948,0.0166666666666666
0.00012180512779489999,0.0166666666666666
0.00012181512739490002,0.0166666666666666
0.0001218251269949,0.0166666666666666
0.00012183512659490002,0.0166666666666666
0.0001218451261949,0.0166666666666666
0.00012185512579490003,0.0166666666666666
0.0001218651253949,0.0166666666666666
0.000121875124995,0.0
0.00012188512459500002,0.0
0.000121895124195,0.0
0.00012190512379500003,0.0166666666666666
0.000121915123395,0.0166666666666666
0.00012192512299500003,0.0
0.00012193512259510002,0.0166666666666666
0.0001219451221951,0.0
0.00012195512179510003,0.0166666666666666
0.0001219651213951,0.0
0.00012197512099510003,0.0166666666666666
0.0001219851205951,0.0
0.0001219951201952,0.0166666666666666
0.00012200511979520003,0.0166666666666666
0.0001220151193952,0.0166666666666666
0.00012202511899520003,0.0166666666666666
0.0001220351185952,0.0166666666666666
0.00012204511819520003,0.0166666666666666
0.00012205511779530003,0.0166666666666666
0.0001220651173953,0.0166666666666666
0.00012207511699530003,0.0166666666666666
0.0001220851165953,0.0166666666666666
0.00012209511619530003,0.0166666666666666
0.0001221051157953,0.0166666666666666
0.00012211511539530004,0.0
0.00012212511499540003,0.0166666666666666
0.0001221351145954,0.0166666666666666
0.00012214511419540003,0.0166666666666666
0.0001221551137954,0.0
0.00012216511339540004,0.0
0.0001221751129954,0.0166666666666666
0.0001221851125955,0.0166666666666666
0.00012219511219550003,0.0166666666666666
0.0001222051117955,0.0
0.00012221511139550004,0.0
0.0001222251109955,0.0
0.00012223511059550004,0.0
0.00012224511019560003,0.0
0.0001222551097956,0.0166666666666666
0.00012226510939560004,0.0
0.0001222751089956,0.0166666666666666
0.00012228510859560004,0.0166666666666666
0.00012229510819560002,0.0166666666666666
0.0001223051077957,0.0166666666666666
0.00012231510739570004,0.0166666666666666
0.0001223251069957,0.0166666666666666
0.00012233510659570004,0.0166666666666666
0.00012234510619570002,0.0166666666666666
0.0001223551057957,0.0166666666666666
0.00012236510539570002,0.0
0.0001223751049958,0.0166666666666666
0.00012238510459580004,0.0166666666666666
0.00012239510419580001,0.0333333333333332
0.0001224051037958,0.0166666666666666
0.00012241510339580002,0.0
0.0001224251029958,0.0
0.00012243510259590004,0.0
0.00012244510219590001,0.0
0.00012245510179590004,0.0166666666666666
0.00012246510139590002,0.0166666666666666
0.0001224751009959,0.0166666666666666
0.00012248510059590002,0.0166666666666666
0.00012249510019600001,0.0
0.00012250509979600004,0.0
0.00012251509939600002,0.0
0.000122525098996,0.0166666666666666
0.00012253509859600002,0.0166666666666666
0.000122545098196,0.0166666666666666
0.00012255509779610004,0.0
0.00012256509739610002,0.0
0.0001225750969961,0.0
0.00012258509659610002,0.0166666666666666
0.0001225950961961,0.0333333333333332
0.00012260509579610003,0.0166666666666666
0.0001226150953961,0.0
0.0001226250949962,0.0
0.00012263509459620002,0.0
0.0001226450941962,0.0
0.00012265509379620002,0.0166666666666666
0.0001226650933962,0.0166666666666666
0.00012267509299620003,0.0166666666666666
0.00012268509259630002,0.0
0.0001226950921963,0.0166666666666666
0.00012270509179630002,0.0
0.0001227150913963,0.0166666666666666
0.00012272509099630003,0.0166666666666666
0.0001227350905963,0.0166666666666666
0.0001227450901964,0.0166666666666666
0.00012275508979640002,0.0
0.0001227650893964,0.0166666666666666
0.00012277508899640003,0.0166666666666666
0.0001227850885964,0.0166666666666666
0.00012279508819640003,0.0166666666666666
0.00012280508779650002,0.0
0.0001228150873965,0.0
0.00012282508699650003,0.0166666666666666
0.0001228350865965,0.0166666666666666
0.00012284508619650003,0.0166666666666666
0.0001228550857965,0.0
0.00012286508539650004,0.0
0.00012287508499660003,0.0
0.0001228850845966,0.0
0.00012289508419660003,0.0166666666666666
0.0001229050837966,0.0166666666666666
0.00012291508339660003,0.0166666666666666
0.0001229250829966,0.0166666666666666
0.0001229350825967,0.0166666666666666
0.00012294508219670003,0.0166666666666666
0.0001229550817967,0.0166666666666666
0.00012296508139670003,0.0166666666666666
0.0001229750809967,0.0166666666666666
0.00012298508059670004,0.0166666666666666
0.00012299508019680003,0.0166666666666666
0.0001230050797968,0.0166666666666666
0.00012301507939680003,0.0333333333333332
0.0001230250789968,0.0166666666666666
0.00012303507859680004,0.0
0.0001230450781968,0.0
0.0001230550777969,0.0
0.00012306507739690003,0.0
0.0001230750769969,0.0166666666666666
0.00012308507659690004,0.0
0.0001230950761969,0.0166666666666666
0.00012310507579690004,0.0
0.00012311507539690002,0.0
0.000123125074997,0.0166666666666666
0.00012313507459700004,0.0166666666666666
0.000123145074197,0.0166666666666666
0.00012315507379700004,0.0166666666666666
0.00012316507339700002,0.0
0.000123175072997,0.0
0.00012318507259710004,0.0166666666666666
0.0001231950721971,0.0333333333333332
0.00012320507179710004,0.0166666666666666
0.00012321507139710002,0.0166666666666666
0.0001232250709971,0.0166666666666666
0.00012323507059710002,0.0166666666666666
0.0001232450701972,0.0166666666666666
0.00012325506979720004,0.0166666666666666
0.00012326506939720002,0.0166666666666666
0.0001232750689972,0.0166666666666666
0.00012328506859720002,0.0166666666666666
0.0001232950681972,0.0
0.00012330506779730004,0.0
0.00012331506739730002,0.0166666666666666
0.0001233250669973,0.0
0.00012333506659730002,0.0
0.0001233450661973,0.0
0.00012335506579730002,0.0
0.0001233650653973,0.0
0.0001233750649974,0.0
0.00012338506459740002,0.0166666666666666
0.0001233950641974,0.0166666666666666
0.00012340506379740002,0.0166666666666666
0.0001234150633974,0.0
0.00012342506299740003,0.0
0.00012343506259750002,0.0166666666666666
0.0001234450621975,0.0166666666666666
0.00012345506179750002,0.0166666666666666
0.0001234650613975,0.0166666666666666
0.00012347506099750003,0.0166666666666666
0.0001234850605975,0.0166666666666666
0.0001234950601976,0.0
0.00012350505979760002,0.0166666666666666
0.0001235150593976,0.0166666666666666
0.00012352505899760003,0.0166666666666666
0.0001235350585976,0.0166666666666666
0.00012354505819760003,0.0
0.00012355505779770002,0.0
0.0001235650573977,0.0
0.00012357505699770003,0.0166666666666666
0.0001235850565977,0.0166666666666666
0.00012359505619770003,0.0
0.0001236050557977,0.0166666666666666
0.00012361505539770003,0.0
0.00012362505499780003,0.0166666666666666
0.0001236350545978,0.0
0.00012364505419780003,0.0166666666666666
0.0001236550537978,0.0166666666666666
0.00012366505339780003,0.0
0.0001236750529978,0.0
0.0001236850525979,0.0
0.00012369505219790003,0.0166666666666666
0.0001237050517979,0.0
0.00012371505139790003,0.0166666666666666
0.0001237250509979,0.0166666666666666
0.00012373505059790004,0.0
0.00012374505019800003,0.0166666666666666
0.000123755049798,0.0166666666666666
0.00012376504939800003,0.0166666666666666
0.000123775048998,0.0166666666666666
0.00012378504859800004,0.0166666666666666
0.000123795048198,0.0166666666666666
0.0001238050477981,0.0166666666666666
0.00012381504739810003,0.0166666666666666
0.0001238250469981,0.0166666666666666
0.00012383504659810004,0.0166666666666666
0.0001238450461981,0.0
0.00012385504579810004,0.0
0.00012386504539810001,0.0
0.0001238750449982,0.0
0.00012388504459820004,0.0166666666666666
0.0001238950441982,0.0166666666666666
0.00012390504379820004,0.0166666666666666
0.00012391504339820001,0.0166666666666666
0.00012392504299820004,0.0166666666666666
0.00012393504259830003,0.0166666666666666
0.0001239450421983,0.0
0.00012395504179830004,0.0166666666666666
0.0001239650413983,0.0166666666666666
0.00012397504099830004,0.0
0.00012398504059830002,0.0
0.0001239950401984,0.0166666666666666
0.00012400503979840004,0.0166666666666666
0.0001240150393984,0.0
0.00012402503899840004,0.0166666666666666
0.00012403503859840002,0.0166666666666666
0.0001240450381984,0.0
0.00012405503779850004,0.0
0.0001240650373985,0.0
0.00012407503699850004,0.0166666666666666
0.00012408503659850002,0.0166666666666666
0.0001240950361985,0.0
0.00012410503579850002,0.0
0.0001241150353985,0.0166666666666666
0.00012412503499860004,0.0
0.00012413503459860002,0.0166666666666666
0.0001241450341986,0.0166666666666666
0.00012415503379860002,0.0166666666666666
0.0001241650333986,0.0
0.00012417503299860002,0.0166666666666666
0.00012418503259870002,0.0166666666666666
0.0001241950321987,0.0166666666666666
0.00012420503179870002,0.0166666666666666
0.0001242150313987,0.0166666666666666
0.00012422503099870002,0.0166666666666666
0.0001242350305987,0.0166666666666666
0.0001242450301988,0.0
0.00012425502979880002,0.0166666666666666
0.0001242650293988,0.0
0.00012427502899880002,0.0
0.0001242850285988,0.0
0.00012429502819880003,0.0
0.00012430502779890002,0.0166666666666666
0.0001243150273989,0.0
0.00012432502699890002,0.0166666666666666
0.0001243350265989,0.0166666666666666
0.00012434502619890003,0.0166666666666666
0.0001243550257989,0.0166666666666666
0.00012436502539890003,0.0
0.00012437502499900002,0.0
0.000124385024599,0.0166666666666666
0.00012439502419900003,0.0166666666666666
0.000124405023799,0.0166666666666666
0.00012441502339900003,0.0
0.000124425022999,0.0
0.0001244350225991,0.0166666666666666
0.00012444502219910003,0.0166666666666666
0.0001244550217991,0.0166666666666666
0.00012446502139910003,0.0166666666666666
0.0001244750209991,0.0166666666666666
0.00012448502059910003,0.0
0.00012449502019920003,0.0
0.0001245050197992,0.0
0.00012451501939920003,0.0166666666666666
0.0001245250189992,0.0166666666666666
0.00012453501859920003,0.0
0.0001245450181992,0.0166666666666666
0.0001245550177993,0.0166666666666666
0.00012456501739930003,0.0
0.0001245750169993,0.0166666666666666
0.00012458501659930003,0.0166666666666666
0.0001245950161993,0.0
0.00012460501579930004,0.0
0.0001246150153993,0.0166666666666666
0.0001246250149994,0.0166666666666666
0.00012463501459940003,0.0166666666666666
0.0001246450141994,0.0
0.00012465501379940004,0.0166666666666666
0.0001246650133994,0.0166666666666666
0.00012467501299940004,0.0
0.00012468501259950003,0.0166666666666666
0.0001246950121995,0.0166666666666666
0.00012470501179950004,0.0166666666666666
0.0001247150113995,0.0
0.00012472501099950004,0.0
0.00012473501059950001,0.0166666666666666
0.0001247450101996,0.0166666666666666
0.00012475500979960004,0.0
0.0001247650093996,0.0
0.00012477500899960004,0.0166666666666666
0.00012478500859960001,0.0166666666666666
0.00012479500819960004,0.0166666666666666
0.00012480500779970004,0.0166666666666666
0.0001248150073997,0.0166666666666666
0.00012482500699970004,0.0
0.00012483500659970001,0.0166666666666666
0.00012484500619970004,0.0166666666666666
0.00012485500579970002,0.0166666666666666
0.0001248650053997,0.0166666666666666
0.00012487500499980004,0.0166666666666666
0.00012488500459980001,0.0166666666666666
0.00012489500419980004,0.0166666666666666
0.00012490500379980002,0.0
0.0001249150033998,0.0
0.00012492500299980002,0.0
0.00012493500259990001,0.0166666666666666
0.00012494500219990004,0.0166666666666666
0.00012495500179990002,0.0
0.0001249650013999,0.0166666666666666
0.00012497500099990002,0.0166666666666666
0.0001249850005999,0.0166666666666666
0.00012499500020000004,0.0166666666666666
0.00012500499980000002,0.0166666666666666
0.0001250149994,0.0166666666666666
0.00012502499900000002,0.0
0.0001250349986,0.0166666666666666
0.00012504499820000002,0.0166666666666666
0.00012505499780010002,0.0
0.0001250649974001,0.0166666666666666
0.00012507499700010002,0.0166666666666666
0.0001250849966001,0.0
0.00012509499620010002,0.0166666666666666
0.0001251049958001,0.0
0.00012511499540010003,0.0
0.00012512499500020002,0.0166666666666666
0.0001251349946002,0.0166666666666666
0.00012514499420020002,0.0
0.0001251549938002,0.0166666666666666
0.00012516499340020003,0.0166666666666666
0.0001251749930002,0.0166666666666666
0.0001251849926003,0.0166666666666666
0.00012519499220030002,0.0166666666666666
0.0001252049918003,0.0166666666666666
0.00012521499140030003,0.0166666666666666
0.0001252249910003,0.0166666666666666
0.00012523499060030003,0.0166666666666666
0.00012524499020040002,0.0166666666666666
0.0001252549898004,0.0166666666666666
0.00012526498940040003,0.0166666666666666
0.0001252749890004,0.0
0.00012528498860040003,0.0166666666666666
0.0001252949882004,0.0
0.0001253049878005,0.0166666666666666
0.00012531498740050003,0.0166666666666666
0.0001253249870005,0.0166666666666666
0.00012533498660050003,0.0166666666666666
0.0001253449862005,0.0166666666666666
0.00012535498580050003,0.0166666666666666
0.0001253649854005,0.0166666666666666
0.0001253749850006,0.0
0.00012538498460060003,0.0166666666666666
0.0001253949842006,0.0166666666666666
0.00012540498380060003,0.0
0.0001254149834006,0.0166666666666666
0.00012542498300060004,0.0166666666666666
0.00012543498260070003,0.0
0.0001254449822007,0.0166666666666666
0.00012545498180070003,0.0166666666666666
0.0001254649814007,0.0166666666666666
0.00012547498100070004,0.0166666666666666
0.0001254849806007,0.0
0.0001254949802008,0.0166666666666666
0.00012550497980080003,0.0166666666666666
0.0001255149794008,0.0
0.00012552497900080004,0.0166666666666666
0.0001255349786008,0.0166666666666666
0.00012554497820080004,0.0
0.00012555497780090003,0.0
0.0001255649774009,0.0166666666666666
0.00012557497700090004,0.0166666666666666
0.0001255849766009,0.0166666666666666
0.00012559497620090004,0.0
0.00012560497580090002,0.0166666666666666
0.0001256149754009,0.0166666666666666
0.00012562497500100004,0.0166666666666666
0.000125634974601,0.0166666666666666
0.00012564497420100004,0.0166666666666666
0.00012565497380100002,0.0166666666666666
0.000125664973401,0.0
0.00012567497300100002,0.0166666666666666
0.0001256849726011,0.0
0.00012569497220110004,0.0166666666666666
0.00012570497180110001,0.0166666666666666
0.0001257149714011,0.0
0.00012572497100110002,0.0166666666666666
0.0001257349706011,0.0166666666666666
0.00012574497020120004,0.0166666666666666
0.00012575496980120001,0.0166666666666666
0.00012576496940120004,0.0166666666666666
0.00012577496900120002,0.0
0.0001257849686012,0.0
0.00012579496820120002,0.0166666666666666
0.00012580496780130001,0.0166666666666666
0.00012581496740130004,0.0
0.00012582496700130002,0.0166666666666666
0.0001258349666013,0.0
0.00012584496620130002,0.0166666666666666
0.0001258549658013,0.0166666666666666
0.00012586496540130003,0.0166666666666666
0.00012587496500140002,0.0166666666666666
0.0001258849646014,0.0166666666666666
0.00012589496420140002,0.0166666666666666
0.0001259049638014,0.0166666666666666
0.00012591496340140003,0.0
0.0001259249630014,0.0166666666666666
0.0001259349626015,0.0166666666666666
0.00012594496220150002,0.0166666666666666
0.0001259549618015,0.0166666666666666
0.00012596496140150002,0.0166666666666666
0.0001259749610015,0.0166666666666666
0.00012598496060150003,0.0166666666666666
0.00012599496020160002,0.0166666666666666
0.0001260049598016,0.0166666666666666
0.00012601495940160002,0.0166666666666666
0.0001260249590016,0.0166666666666666
0.00012603495860160003,0.0166666666666666
0.0001260449582016,0.0
0.0001260549578017,0.0166666666666666
0.00012606495740170002,0.0
0.0001260749570017,0.0166666666666666
0.00012608495660170003,0.0
0.0001260949562017,0.0166666666666666
0.00012610495580170003,0.0166666666666666
0.0001261149554017,0.0
0.0001261249550018,0.0166666666666666
0.00012613495460180003,0.0166666666666666
0.0001261449542018,0.0
0.00012615495380180003,0.0166666666666666
0.0001261649534018,0.0
0.00012617495300180004,0.0166666666666666
0.00012618495260190003,0.0166666666666666
0.0001261949522019,0.0166666666666666
0.00012620495180190003,0.0166666666666666
0.0001262149514019,0.0166666666666666
0.00012622495100190003,0.0166666666666666
0.0001262349506019,0.0
0.000126244950202,0.0166666666666666
0.00012625494980200003,0.0166666666666666
0.000126264949402,0.0166666666666666
0.00012627494900200003,0.0166666666666666
0.000126284948602,0.0
0.00012629494820200004,0.0166666666666666
0.00012630494780210003,0.0166666666666666
0.0001263149474021,0.0166666666666666
0.00012632494700210003,0.0166666666666666
0.0001263349466021,0.0166666666666666
0.00012634494620210004,0.0166666666666666
0.0001263549458021,0.0166666666666666
0.00012636494540210004,0.0166666666666666
0.00012637494500220003,0.0
0.0001263849446022,0.0166666666666666
0.00012639494420220004,0.0
0.0001264049438022,0.0166666666666666
0.00012641494340220004,0.0166666666666666
0.00012642494300220002,0.0
0.0001264349426023,0.0166666666666666
0.00012644494220230004,0.0166666666666666
0.0001264549418023,0.0166666666666666
0.00012646494140230004,0.0
0.00012647494100230002,0.0166666666666666
0.0001264849406023,0.0166666666666666
0.00012649494020240004,0.0166666666666666
0.0001265049398024,0.0166666666666666
0.00012651493940240004,0.0166666666666666
0.00012652493900240002,0.0
0.0001265349386024,0.0166666666666666
0.00012654493820240002,0.0
0.0001265549378025,0.0166666666666666
0.00012656493740250004,0.0166666666666666
0.00012657493700250002,0.0166666666666666
0.0001265849366025,0.0166666666666666
0.00012659493620250002,0.0166666666666666
0.0001266049358025,0.0
0.00012661493540250002,0.0166666666666666
0.00012662493500260002,0.0166666666666666
0.0001266349346026,0.0166666666666666
0.00012664493420260002,0.0
0.0001266549338026,0.0166666666666666
0.00012666493340260002,0.0
0.0001266749330026,0.0166666666666666
0.0001266849326027,0.0166666666666666
0.00012669493220270002,0.0
0.0001267049318027,0.0
0.00012671493140270002,0.0
0.0001267249310027,0.0
0.00012673493060270003,0.0166666666666666
0.00012674493020280002,0.0166666666666666
0.0001267549298028,0.0
0.00012676492940280002,0.0166666666666666
0.0001267749290028,0.0166666666666666
0.00012678492860280003,0.0166666666666666
0.0001267949282028,0.0
0.0001268049278029,0.0166666666666666
0.00012681492740290002,0.0166666666666666
0.0001268249270029,0.0166666666666666
0.00012683492660290003,0.0166666666666666
0.0001268449262029,0.0166666666666666
0.00012685492580290003,0.0
0.0001268649254029,0.0166666666666666
0.000126874925003,0.0166666666666666
0.00012688492460300003,0.0166666666666666
0.000126894924203,0.0
0.00012690492380300003,0.0
0.000126914923403,0.0166666666666666
0.00012692492300300003,0.0
0.00012693492260310003,0.0166666666666666
0.0001269449222031,0.0166666666666666
0.00012695492180310003,0.0166666666666666
0.0001269649214031,0.0
0.00012697492100310003,0.0166666666666666
0.0001269849206031,0.0166666666666666
0.0001269949202032,0.0166666666666666
0.00012700491980320003,0.0166666666666666
0.0001270149194032,0.0166666666666666
0.00012702491900320003,0.0166666666666666
0.0001270349186032,0.0166666666666666
0.00012704491820320004,0.0166666666666666
0.00012705491780330003,0.0
0.0001270649174033,0.0166666666666666
0.00012707491700330003,0.0166666666666666
0.0001270849166033,0.0
0.00012709491620330004,0.0
0.0001271049158033,0.0166666666666666
0.00012711491540330004,0.0166666666666666
0.00012712491500340003,0.0
0.0001271349146034,0.0166666666666666
0.00012714491420340004,0.0
0.0001271549138034,0.0166666666666666
0.00012716491340340004,0.0166666666666666
0.00012717491300340001,0.0
0.0001271849126035,0.0166666666666666
0.00012719491220350004,0.0
0.0001272049118035,0.0
0.00012721491140350004,0.0166666666666666
0.00012722491100350001,0.0166666666666666
0.00012723491060350004,0.0166666666666666
0.00012724491020360003,0.0166666666666666
0.0001272549098036,0.0
0.00012726490940360004,0.0166666666666666
0.0001272749090036,0.0166666666666666
0.00012728490860360004,0.0
0.00012729490820360002,0.0166666666666666
0.0001273049078037,0.0
0.00012731490740370004,0.0166666666666666
0.0001273249070037,0.0166666666666666
0.00012733490660370004,0.0166666666666666
0.00012734490620370002,0.0166666666666666
0.0001273549058037,0.0166666666666666
0.00012736490540370002,0.0166666666666666
0.0001273749050038,0.0166666666666666
0.00012738490460380004,0.0166666666666666
0.00012739490420380002,0.0166666666666666
0.0001274049038038,0.0166666666666666
0.00012741490340380002,0.0
0.0001274249030038,0.0
0.00012743490260390004,0.0166666666666666
0.00012744490220390002,0.0166666666666666
0.0001274549018039,0.0166666666666666
0.00012746490140390002,0.0166666666666666
0.0001274749010039,0.0166666666666666
0.00012748490060390002,0.0
0.00012749490020400002,0.0166666666666666
0.000127504899804,0.0166666666666666
0.00012751489940400002,0.0166666666666666
0.000127524899004,0.0166666666666666
0.00012753489860400002,0.0166666666666666
0.000127544898204,0.0
0.0001275548978041,0.0166666666666666
0.00012756489740410002,0.0166666666666666
0.0001275748970041,0.0166666666666666
0.00012758489660410002,0.0166666666666666
0.0001275948962041,0.0166666666666666
0.00012760489580410003,0.0
0.0001276148954041,0.0166666666666666
0.0001276248950042,0.0166666666666666
0.00012763489460420002,0.0166666666666666
0.0001276448942042,0.0
0.00012765489380420003,0.0166666666666666
0.0001276648934042,0.0
0.00012767489300420003,0.0166666666666666
0.00012768489260430002,0.0166666666666666
0.0001276948922043,0.0
0.00012770489180430003,0.0
0.0001277148914043,0.0
0.00012772489100430003,0.0166666666666666
0.0001277348906043,0.0166666666666666
0.0001277448902044,0.0
0.00012775488980440003,0.0333333333333332
0.0001277648894044,0.0166666666666666
0.00012777488900440003,0.0166666666666666
0.0001277848886044,0.0
0.00012779488820440003,0.0166666666666666
0.00012780488780450003,0.0
0.0001278148874045,0.0166666666666666
0.00012782488700450003,0.0166666666666666
0.0001278348866045,0.0166666666666666
0.00012784488620450003,0.0166666666666666
0.0001278548858045,0.0166666666666666
0.00012786488540450004,0.0166666666666666
0.00012787488500460003,0.0166666666666666
0.0001278848846046,0.0166666666666666
0.00012789488420460003,0.0166666666666666
0.0001279048838046,0.0166666666666666
0.00012791488340460004,0.0166666666666666
0.0001279248830046,0.0166666666666666
0.0001279348826047,0.0166666666666666
0.00012794488220470003,0.0166666666666666
0.0001279548818047,0.0166666666666666
0.00012796488140470004,0.0166666666666666
0.0001279748810047,0.0166666666666666
0.00012798488060470004,0.0
0.00012799488020480003,0.0166666666666666
0.0001280048798048,0.0
0.00012801487940480004,0.0166666666666666
0.0001280248790048,0.0166666666666666
0.00012803487860480004,0.0
0.00012804487820480001,0.0166666666666666
0.0001280548778049,0.0166666666666666
0.00012806487740490004,0.0166666666666666
0.0001280748770049,0.0166666666666666
0.00012808487660490004,0.0
0.00012809487620490001,0.0166666666666666
0.00012810487580490004,0.0
0.00012811487540490002,0.0166666666666666
0.000128124875005,0.0166666666666666
0.00012813487460500004,0.0166666666666666
0.00012814487420500001,0.0
0.00012815487380500004,0.0166666666666666
0.00012816487340500002,0.0
0.000128174873005,0.0166666666666666
0.00012818487260510004,0.0166666666666666
0.00012819487220510001,0.0166666666666666
0.00012820487180510004,0.0
0.00012821487140510002,0.0166666666666666
0.0001282248710051,0.0
0.00012823487060510002,0.0
0.00012824487020520001,0.0166666666666666
0.00012825486980520004,0.0166666666666666
0.00012826486940520002,0.0166666666666666
0.0001282748690052,0.0166666666666666
0.00012828486860520002,0.0166666666666666
0.0001282948682052,0.0166666666666666
0.00012830486780530004,0.0
0.00012831486740530002,0.0166666666666666
0.0001283248670053,0.0166666666666666
0.00012833486660530002,0.0
0.0001283448662053,0.0
0.00012835486580530002,0.0166666666666666
0.0001283648654053,0.0
0.0001283748650054,0.0166666666666666
0.00012838486460540002,0.0
0.0001283948642054,0.0166666666666666
0.00012840486380540002,0.0
0.0001284148634054,0.0
0.00012842486300540003,0.0
0.00012843486260550002,0.0166666666666666
0.0001284448622055,0.0166666666666666
0.00012845486180550002,0.0166666666666666
0.0001284648614055,0.0166666666666666
0.00012847486100550003,0.0
0.0001284848606055,0.0166666666666666
0.0001284948602056,0.0166666666666666
0.00012850485980560002,0.0166666666666666
0.0001285148594056,0.0
0.00012852485900560003,0.0166666666666666
0.0001285348586056,0.0166666666666666
0.00012854485820560003,0.0166666666666666
0.00012855485780570002,0.0166666666666666
0.0001285648574057,0.0
0.00012857485700570003,0.0
0.0001285848566057,0.0
0.00012859485620570003,0.0166666666666666
0.0001286048558057,0.0
0.00012861485540570003,0.0166666666666666
0.00012862485500580003,0.0
0.0001286348546058,0.0
0.00012864485420580003,0.0166666666666666
0.0001286548538058,0.0166666666666666
0.00012866485340580003,0.0
0.0001286748530058,0.0166666666666666
0.0001286848526059,0.0
0.00012869485220590003,0.0166666666666666
0.0001287048518059,0.0166666666666666
0.00012871485140590003,0.0166666666666666
0.0001287248510059,0.0166666666666666
0.00012873485060590004,0.0166666666666666
0.00012874485020600003,0.0166666666666666
0.000128754849806,0.0166666666666666
0.00012876484940600003,0.0
0.000128774849006,0.0166666666666666
0.00012878484860600004,0.0166666666666666
0.000128794848206,0.0
0.0001288048478061,0.0
0.00012881484740610003,0.0166666666666666
0.0001288248470061,0.0166666666666666
0.00012883484660610004,0.0166666666666666
0.0001288448462061,0.0166666666666666
0.00012885484580610004,0.0
0.00012886484540610002,0.0166666666666666
0.0001288748450062,0.0166666666666666
0.00012888484460620004,0.0
0.0001288948442062,0.0166666666666666
0.00012890484380620004,0.0166666666666666
0.00012891484340620002,0.0166666666666666
0.0001289248430062,0.0166666666666666
0.00012893484260630004,0.0166666666666666
0.0001289448422063,0.0
0.00012895484180630004,0.0166666666666666
0.00012896484140630002,0.0
0.0001289748410063,0.0166666666666666
0.00012898484060630002,0.0166666666666666
0.0001289948402064,0.0166666666666666
0.00012900483980640004,0.0166666666666666
0.00012901483940640001,0.0166666666666666
0.0001290248390064,0.0166666666666666
0.00012903483860640002,0.0166666666666666
0.0001290448382064,0.0
0.00012905483780650004,0.0166666666666666
0.00012906483740650001,0.0166666666666666
0.00012907483700650004,0.0166666666666666
0.00012908483660650002,0.0166666666666666
0.0001290948362065,0.0166666666666666
0.00012910483580650002,0.0
0.0001291148354065,0.0166666666666666
0.00012912483500660004,0.0166666666666666
0.00012913483460660002,0.0
0.0001291448342066,0.0166666666666666
0.00012915483380660002,0.0166666666666666
0.0001291648334066,0.0166666666666666
0.00012917483300660003,0.0
0.00012918483260670002,0.0
0.0001291948322067,0.0166666666666666
0.00012920483180670002,0.0166666666666666
0.0001292148314067,0.0166666666666666
0.00012922483100670003,0.0166666666666666
0.0001292348306067,0.0166666666666666
0.0001292448302068,0.0166666666666666
0.00012925482980680002,0.0166666666666666
0.0001292648294068,0.0166666666666666
0.00012927482900680002,0.0
0.0001292848286068,0.0166666666666666
0.00012929482820680003,0.0166666666666666
0.00012930482780690002,0.0166666666666666
0.0001293148274069,0.0
0.00012932482700690002,0.0166666666666666
0.0001293348266069,0.0166666666666666
0.00012934482620690003,0.0166666666666666
0.0001293548258069,0.0166666666666666
0.00012936482540690003,0.0166666666666666
0.00012937482500700002,0.0166666666666666
0.000129384824607,0.0166666666666666
0.00012939482420700003,0.0
0.000129404823807,0.0166666666666666
0.00012941482340700003,0.0166666666666666
0.000129424823007,0.0166666666666666
0.0001294348226071,0.0166666666666666
0.00012944482220710003,0.0166666666666666
0.0001294548218071,0.0166666666666666
0.00012946482140710003,0.0
0.0001294748210071,0.0166666666666666
0.00012948482060710004,0.0166666666666666
0.00012949482020720003,0.0166666666666666
0.0001295048198072,0.0
0.00012951481940720003,0.0166666666666666
0.0001295248190072,0.0166666666666666
0.00012953481860720003,0.0333333333333332
0.0001295448182072,0.0166666666666666
0.0001295548178073,0.0166666666666666
0.00012956481740730003,0.0166666666666666
0.0001295748170073,0.0
0.00012958481660730003,0.0166666666666666
0.0001295948162073,0.0166666666666666
0.00012960481580730004,0.0166666666666666
0.0001296148154073,0.0166666666666666
0.0001296248150074,0.0
0.00012963481460740003,0.0166666666666666
0.0001296448142074,0.0
0.00012965481380740004,0.0166666666666666
0.0001296648134074,0.0166666666666666
0.00012967481300740004,0.0166666666666666
0.00012968481260750003,0.0166666666666666
0.0001296948122075,0.0166666666666666
0.00012970481180750004,0.0166666666666666
0.0001297148114075,0.0166666666666666
0.00012972481100750004,0.0166666666666666
0.00012973481060750002,0.0166666666666666
0.0001297448102076,0.0166666666666666
0.00012975480980760004,0.0333333333333332
0.0001297648094076,0.0166666666666666
0.00012977480900760004,0.0
0.00012978480860760002,0.0
0.0001297948082076,0.0166666666666666
0.00012980480780770004,0.0166666666666666
0.0001298148074077,0.0166666666666666
0.00012982480700770004,0.0166666666666666
0.00012983480660770002,0.0166666666666666
0.0001298448062077,0.0166666666666666
0.00012985480580770002,0.0
0.0001298648054077,0.0166666666666666
0.00012987480500780004,0.0
0.00012988480460780002,0.0166666666666666
0.0001298948042078,0.0166666666666666
0.00012990480380780002,0.0166666666666666
0.0001299148034078,0.0
0.00012992480300780002,0.0166666666666666
0.00012993480260790002,0.0166666666666666
0.0001299448022079,0.0
0.00012995480180790002,0.0166666666666666
0.0001299648014079,0.0
0.00012997480100790002,0.0166666666666666
0.0001299848006079,0.0166666666666666
0.000129994800208,0.0166666666666666
0.00013000479980800002,0.0166666666666666
0.000130014799408,0.0
0.00013002479900800002,0.0166666666666666
0.000130034798608,0.0166666666666666
0.00013004479820800003,0.0166666666666666
0.00013005479780810002,0.0166666666666666
0.0001300647974081,0.0
0.00013007479700810002,0.0166666666666666
0.0001300847966081,0.0166666666666666
0.00013009479620810003,0.0166666666666666
0.0001301047958081,0.0166666666666666
0.00013011479540810003,0.0166666666666666
0.00013012479500820002,0.0166666666666666
0.0001301347946082,0.0166666666666666
0.00013014479420820003,0.0166666666666666
0.0001301547938082,0.0166666666666666
0.00013016479340820003,0.0166666666666666
0.0001301747930082,0.0166666666666666
0.0001301847926083,0.0166666666666666
0.00013019479220830003,0.0166666666666666
0.0001302047918083,0.0166666666666666
0.00013021479140830003,0.0166666666666666
0.0001302247910083,0.0166666666666666
0.00013023479060830003,0.0166666666666666
0.00013024479020840003,0.0166666666666666
0.0001302547898084,0.0166666666666666
0.00013026478940840003,0.0166666666666666
0.0001302747890084,0.0
0.00013028478860840003,0.0
0.0001302947882084,0.0166666666666666
0.0001303047878085,0.0166666666666666
0.00013031478740850003,0.0166666666666666
0.0001303247870085,0.0
0.00013033478660850003,0.0166666666666666
0.0001303447862085,0.0166666666666666
0.00013035478580850004,0.0166666666666666
0.0001303647854085,0.0166666666666666
0.0001303747850086,0.0166666666666666
0.00013038478460860003,0.0166666666666666
0.0001303947842086,0.0166666666666666
0.00013040478380860004,0.0166666666666666
0.0001304147834086,0.0166666666666666
0.00013042478300860004,0.0166666666666666
0.00013043478260870003,0.0166666666666666
0.0001304447822087,0.0166666666666666
0.00013045478180870004,0.0166666666666666
0.0001304647814087,0.0166666666666666
0.00013047478100870004,0.0166666666666666
0.00013048478060870001,0.0166666666666666
0.0001304947802088,0.0166666666666666
0.00013050477980880004,0.0166666666666666
0.0001305147794088,0.0166666666666666
0.00013052477900880004,0.0166666666666666
0.00013053477860880001,0.0166666666666666
0.00013054477820880004,0.0166666666666666
0.00013055477780890003,0.0166666666666666
0.0001305647774089,0.0166666666666666
0.00013057477700890004,0.0166666666666666
0.0001305847766089,0.0
0.00013059477620890004,0.0166666666666666
0.00013060477580890002,0.0
0.0001306147754089,0.0
0.00013062477500900004,0.0166666666666666
0.000130634774609,0.0166666666666666
0.00013064477420900004,0.0166666666666666
0.00013065477380900002,0.0166666666666666
0.000130664773409,0.0166666666666666
0.00013067477300900002,0.0166666666666666
0.0001306847726091,0.0166666666666666
0.00013069477220910004,0.0166666666666666
0.00013070477180910002,0.0166666666666666
0.0001307147714091,0.0
0.00013072477100910002,0.0166666666666666
0.0001307347706091,0.0166666666666666
0.00013074477020920004,0.0
0.00013075476980920002,0.0166666666666666
0.0001307647694092,0.0166666666666666
0.00013077476900920002,0.0166666666666666
0.0001307847686092,0.0166666666666666
0.00013079476820920002,0.0166666666666666
0.00013080476780930002,0.0166666666666666
0.0001308147674093,0.0
0.00013082476700930002,0.0166666666666666
0.0001308347666093,0.0166666666666666
0.00013084476620930002,0.0166666666666666
0.0001308547658093,0.0166666666666666
0.00013086476540930003,0.0166666666666666
0.00013087476500940002,0.0
0.0001308847646094,0.0
0.00013089476420940002,0.0166666666666666
0.0001309047638094,0.0166666666666666
0.00013091476340940003,0.0166666666666666
0.0001309247630094,0.0
0.0001309347626095,0.0
0.00013094476220950002,0.0166666666666666
0.0001309547618095,0.0166666666666666
0.00013096476140950003,0.0166666666666666
0.0001309747610095,0.0166666666666666
0.00013098476060950003,0.0166666666666666
0.00013099476020960002,0.0166666666666666
0.0001310047598096,0.0166666666666666
0.00013101475940960003,0.0166666666666666
0.0001310247590096,0.0166666666666666
0.00013103475860960003,0.0166666666666666
0.0001310447582096,0.0166666666666666
0.0001310547578097,0.0166666666666666
0.00013106475740970003,0.0
0.0001310747570097,0.0166666666666666
0.00013108475660970003,0.0166666666666666
0.0001310947562097,0.0166666666666666
0.00013110475580970003,0.0166666666666666
0.0001311147554097,0.0166666666666666
0.0001311247550098,0.0166666666666666
0.00013113475460980003,0.0166666666666666
0.0001311447542098,0.0166666666666666
0.00013115475380980003,0.0
0.0001311647534098,0.0
0.00013117475300980004,0.0166666666666666
0.00013118475260990003,0.0166666666666666
0.0001311947522099,0.0166666666666666
0.00013120475180990003,0.0166666666666666
0.0001312147514099,0.0
0.00013122475100990004,0.0
0.0001312347506099,0.0166666666666666
0.00013124475021,0.0
0.00013125474981000003,0.0166666666666666
0.00013126474941,0.0166666666666666
0.00013127474901000004,0.0166666666666666
0.00013128474861,0.0166666666666666
0.00013129474821000004,0.0166666666666666
0.00013130474781010003,0.0166666666666666
0.0001313147474101,0.0166666666666666
0.00013132474701010004,0.0166666666666666
0.0001313347466101,0.0166666666666666
0.00013134474621010004,0.0
0.00013135474581010001,0.0166666666666666
0.00013136474541010004,0.0166666666666666
0.00013137474501020004,0.0
0.0001313847446102,0.0
0.00013139474421020004,0.0166666666666666
0.00013140474381020001,0.0166666666666666
0.00013141474341020004,0.0
0.00013142474301020002,0.0
0.0001314347426103,0.0166666666666666
0.00013144474221030004,0.0
0.00013145474181030001,0.0
0.00013146474141030004,0.0166666666666666
0.00013147474101030002,0.0166666666666666
0.0001314847406103,0.0166666666666666
0.00013149474021040004,0.0166666666666666
0.00013150473981040001,0.0166666666666666
0.00013151473941040004,0.0166666666666666
0.00013152473901040002,0.0166666666666666
0.0001315347386104,0.0166666666666666
0.00013154473821040002,0.0166666666666666
0.00013155473781050001,0.0166666666666666
0.00013156473741050004,0.0166666666666666
0.00013157473701050002,0.0166666666666666
0.0001315847366105,0.0
0.00013159473621050002,0.0166666666666666
0.0001316047358105,0.0166666666666666
0.00013161473541050002,0.0166666666666666
0.00013162473501060002,0.0
0.0001316347346106,0.0166666666666666
0.00013164473421060002,0.0
0.0001316547338106,0.0166666666666666
0.00013166473341060002,0.0
0.0001316747330106,0.0166666666666666
0.0001316847326107,0.0166666666666666
0.00013169473221070002,0.0
0.0001317047318107,0.0166666666666666
0.00013171473141070002,0.0166666666666666
0.0001317247310107,0.0
0.00013173473061070003,0.0166666666666666
0.00013174473021080002,0.0166666666666666
0.0001317547298108,0.0166666666666666
0.00013176472941080002,0.0166666666666666
0.0001317747290108,0.0166666666666666
0.00013178472861080003,0.0166666666666666
0.0001317947282108,0.0
0.0001318047278109,0.0166666666666666
0.00013181472741090002,0.0166666666666666
0.0001318247270109,0.0
0.00013183472661090003,0.0166666666666666
0.0001318447262109,0.0166666666666666
0.00013185472581090003,0.0166666666666666
0.0001318647254109,0.0166666666666666
0.000131874725011,0.0166666666666666
0.00013188472461100003,0.0166666666666666
0.000131894724211,0.0166666666666666
0.00013190472381100003,0.0166666666666666
0.000131914723411,0.0166666666666666
0.00013192472301100003,0.0
0.00013193472261110003,0.0166666666666666
0.0001319447222111,0.0166666666666666
0.00013195472181110003,0.0166666666666666
0.0001319647214111,0.0
0.00013197472101110003,0.0166666666666666
0.0001319847206111,0.0
0.0001319947202112,0.0166666666666666
0.00013200471981120003,0.0166666666666666
0.0001320147194112,0.0166666666666666
0.00013202471901120003,0.0166666666666666
0.0001320347186112,0.0166666666666666
0.00013204471821120004,0.0166666666666666
0.00013205471781130003,0.0
0.0001320647174113,0.0166666666666666
0.00013207471701130003,0.0166666666666666
0.0001320847166113,0.0166666666666666
0.00013209471621130004,0.0166666666666666
0.0001321047158113,0.0166666666666666
0.00013211471541130004,0.0166666666666666
0.00013212471501140003,0.0166666666666666
0.0001321347146114,0.0166666666666666
0.00013214471421140004,0.0166666666666666
0.0001321547138114,0.0166666666666666
0.00013216471341140004,0.0166666666666666
0.00013217471301140002,0.0166666666666666
0.0001321847126115,0.0166666666666666
0.00013219471221150004,0.0166666666666666
0.0001322047118115,0.0166666666666666
0.00013221471141150004,0.0166666666666666
0.00013222471101150002,0.0166666666666666
0.0001322347106115,0.0166666666666666
0.00013224471021160004,0.0166666666666666
0.0001322547098116,0.0166666666666666
0.00013226470941160004,0.0166666666666666
0.00013227470901160002,0.0
0.0001322847086116,0.0166666666666666
0.00013229470821160002,0.0166666666666666
0.0001323047078117,0.0166666666666666
0.00013231470741170004,0.0166666666666666
0.00013232470701170001,0.0166666666666666
0.0001323347066117,0.0166666666666666
0.00013234470621170002,0.0
0.0001323547058117,0.0166666666666666
0.00013236470541170002,0.0
0.00013237470501180001,0.0
0.00013238470461180004,0.0166666666666666
0.00013239470421180002,0.0
0.0001324047038118,0.0
0.00013241470341180002,0.0166666666666666
0.0001324247030118,0.0166666666666666
0.00013243470261190004,0.0
0.00013244470221190002,0.0166666666666666
0.0001324547018119,0.0
0.00013246470141190002,0.0166666666666666
0.0001324747010119,0.0
0.00013248470061190003,0.0166666666666666
0.00013249470021200002,0.0166666666666666
0.000132504699812,0.0166666666666666
0.00013251469941200002,0.0166666666666666
0.000132524699012,0.0166666666666666
0.00013253469861200003,0.0166666666666666
0.000132544698212,0.0166666666666666
0.0001325546978121,0.0166666666666666
0.00013256469741210002,0.0166666666666666
0.0001325746970121,0.0166666666666666
0.00013258469661210002,0.0166666666666666
0.0001325946962121,0.0166666666666666
0.00013260469581210003,0.0166666666666666
0.0001326146954121,0.0
0.0001326246950122,0.0166666666666666
0.00013263469461220002,0.0166666666666666
0.0001326446942122,0.0166666666666666
0.00013265469381220003,0.0166666666666666
0.0001326646934122,0.0
0.00013267469301220003,0.0166666666666666
0.00013268469261230002,0.0166666666666666
0.0001326946922123,0.0
0.00013270469181230003,0.0166666666666666
0.0001327146914123,0.0166666666666666
0.00013272469101230003,0.0
0.0001327346906123,0.0
0.0001327446902124,0.0166666666666666
0.00013275468981240003,0.0166666666666666
0.0001327646894124,0.0166666666666666
0.00013277468901240003,0.0166666666666666
0.0001327846886124,0.0166666666666666
0.00013279468821240004,0.0166666666666666
0.00013280468781250003,0.0
0.0001328146874125,0.0166666666666666
0.00013282468701250003,0.0166666666666666
0.0001328346866125,0.0
0.00013284468621250003,0.0166666666666666
0.0001328546858125,0.0166666666666666
0.00013286468541250004,0.0166666666666666
0.00013287468501260003,0.0166666666666666
0.0001328846846126,0.0166666666666666
0.00013289468421260003,0.0166666666666666
0.0001329046838126,0.0166666666666666
0.00013291468341260004,0.0166666666666666
0.0001329246830126,0.0
0.0001329346826127,0.0166666666666666
0.00013294468221270003,0.0
0.0001329546818127,0.0
0.00013296468141270004,0.0166666666666666
0.0001329746810127,0.0166666666666666
0.00013298468061270004,0.0166666666666666
0.00013299468021280003,0.0
0.0001330046798128,0.0166666666666666
0.00013301467941280004,0.0166666666666666
0.0001330246790128,0.0166666666666666
0.00013303467861280004,0.0166666666666666
0.00013304467821280002,0.0166666666666666
0.0001330546778129,0.0166666666666666
0.00013306467741290004,0.0166666666666666
0.0001330746770129,0.0166666666666666
0.00013308467661290004,0.0166666666666666
0.00013309467621290002,0.0166666666666666
0.0001331046758129,0.0166666666666666
0.00013311467541290002,0.0166666666666666
0.000133124675013,0.0166666666666666
0.00013313467461300004,0.0166666666666666
0.00013314467421300002,0.0166666666666666
0.000133154673813,0.0
0.00013316467341300002,0.0166666666666666
0.000133174673013,0.0
0.00013318467261310004,0.0
0.00013319467221310002,0.0166666666666666
0.0001332046718131,0.0
0.00013321467141310002,0.0166666666666666
0.0001332246710131,0.0166666666666666
0.00013323467061310002,0.0166666666666666
0.00013324467021320002,0.0166666666666666
0.0001332546698132,0.0166666666666666
0.00013326466941320002,0.0166666666666666
0.0001332746690132,0.0166666666666666
0.00013328466861320002,0.0166666666666666
0.0001332946682132,0.0166666666666666
0.0001333046678133,0.0166666666666666
0.00013331466741330002,0.0166666666666666
0.0001333246670133,0.0166666666666666
0.00013333466661330002,0.0166666666666666
0.0001333446662133,0.0166666666666666
0.00013335466581330003,0.0166666666666666
0.0001333646654133,0.0166666666666666
0.0001333746650134,0.0166666666666666
0.00013338466461340002,0.0166666666666666
0.0001333946642134,0.0
0.00013340466381340003,0.0166666666666666
0.0001334146634134,0.0166666666666666
0.00013342466301340003,0.0166666666666666
0.00013343466261350002,0.0166666666666666
0.0001334446622135,0.0166666666666666
0.00013345466181350003,0.0166666666666666
0.0001334646614135,0.0
0.00013347466101350003,0.0166666666666666
0.0001334846606135,0.0
0.0001334946602136,0.0166666666666666
0.00013350465981360003,0.0166666666666666
0.0001335146594136,0.0166666666666666
0.00013352465901360003,0.0166666666666666
0.0001335346586136,0.0166666666666666
0.00013354465821360003,0.0166666666666666
0.00013355465781370003,0.0166666666666666
0.0001335646574137,0.0166666666666666
0.00013357465701370003,0.0166666666666666
0.0001335846566137,0.0166666666666666
0.00013359465621370003,0.0166666666666666
0.0001336046558137,0.0166666666666666
0.00013361465541370004,0.0166666666666666
0.00013362465501380003,0.0
0.0001336346546138,0.0166666666666666
0.00013364465421380003,0.0166666666666666
0.0001336546538138,0.0166666666666666
0.00013366465341380004,0.0
0.0001336746530138,0.0166666666666666
0.0001336846526139,0.0
0.00013369465221390003,0.0
0.0001337046518139,0.0166666666666666
0.00013371465141390004,0.0166666666666666
0.0001337246510139,0.0
0.00013373465061390004,0.0166666666666666
0.00013374465021400003,0.0
0.000133754649814,0.0166666666666666
0.00013376464941400004,0.0
0.000133774649014,0.0166666666666666
0.00013378464861400004,0.0166666666666666
0.00013379464821400001,0.0166666666666666
0.0001338046478141,0.0166666666666666
0.00013381464741410004,0.0166666666666666
0.0001338246470141,0.0166666666666666
0.00013383464661410004,0.0166666666666666
0.00013384464621410001,0.0166666666666666
0.00013385464581410004,0.0166666666666666
0.00013386464541410002,0.0166666666666666
0.0001338746450142,0.0166666666666666
0.00013388464461420004,0.0
0.0001338946442142,0.0166666666666666
0.00013390464381420004,0.0166666666666666
0.00013391464341420002,0.0166666666666666
0.0001339246430142,0.0166666666666666
0.00013393464261430004,0.0166666666666666
0.0001339446422143,0.0
0.00013395464181430004,0.0
0.00013396464141430002,0.0
0.0001339746410143,0.0166666666666666
0.00013398464061430002,0.0
0.0001339946402144,0.0
0.00013400463981440004,0.0166666666666666
0.00013401463941440002,0.0
0.0001340246390144,0.0166666666666666
0.00013403463861440002,0.0166666666666666
0.0001340446382144,0.0
0.00013405463781450004,0.0166666666666666
0.00013406463741450002,0.0166666666666666
0.0001340746370145,0.0166666666666666
0.00013408463661450002,0.0166666666666666
0.0001340946362145,0.0166666666666666
0.00013410463581450002,0.0166666666666666
0.0001341146354145,0.0166666666666666
0.0001341246350146,0.0166666666666666
0.00013413463461460002,0.0166666666666666
0.0001341446342146,0.0166666666666666
0.00013415463381460002,0.0
0.0001341646334146,0.0166666666666666
0.00013417463301460003,0.0166666666666666
0.00013418463261470002,0.0166666666666666
0.0001341946322147,0.0166666666666666
0.00013420463181470002,0.0166666666666666
0.0001342146314147,0.0166666666666666
0.00013422463101470003,0.0166666666666666
0.0001342346306147,0.0166666666666666
0.0001342446302148,0.0
0.00013425462981480002,0.0166666666666666
0.0001342646294148,0.0
0.00013427462901480003,0.0166666666666666
0.0001342846286148,0.0166666666666666
0.00013429462821480003,0.0
0.00013430462781490002,0.0166666666666666
0.0001343146274149,0.0166666666666666
0.00013432462701490003,0.0166666666666666
0.0001343346266149,0.0
0.00013434462621490003,0.0166666666666666
0.0001343546258149,0.0
0.00013436462541490003,0.0166666666666666
0.00013437462501500003,0.0166666666666666
0.000134384624615,0.0166666666666666
0.00013439462421500003,0.0166666666666666
0.000134404623815,0.0
0.00013441462341500003,0.0166666666666666
0.000134424623015,0.0166666666666666
0.0001344346226151,0.0
0.00013444462221510003,0.0
0.0001344546218151,0.0166666666666666
0.00013446462141510003,0.0166666666666666
0.0001344746210151,0.0166666666666666
0.00013448462061510004,0.0166666666666666
0.00013449462021520003,0.0166666666666666
0.0001345046198152,0.0
0.00013451461941520003,0.0
0.0001345246190152,0.0166666666666666
0.00013453461861520004,0.0
0.0001345446182152,0.0166666666666666
0.0001345546178153,0.0166666666666666
0.00013456461741530003,0.0
0.0001345746170153,0.0166666666666666
0.00013458461661530004,0.0166666666666666
0.0001345946162153,0.0166666666666666
0.00013460461581530004,0.0
0.00013461461541530001,0.0166666666666666
0.0001346246150154,0.0166666666666666
0.00013463461461540004,0.0166666666666666
0.0001346446142154,0.0166666666666666
0.00013465461381540004,0.0166666666666666
0.00013466461341540001,0.0
0.00013467461301540004,0.0166666666666666
0.00013468461261550004,0.0166666666666666
0.0001346946122155,0.0166666666666666
0.00013470461181550004,0.0166666666666666
0.00013471461141550001,0.0
0.00013472461101550004,0.0166666666666666
0.00013473461061550002,0.0166666666666666
0.0001347446102156,0.0166666666666666
0.00013475460981560004,0.0166666666666666
0.00013476460941560001,0.0166666666666666
0.00013477460901560004,0.0166666666666666
0.00013478460861560002,0.0166666666666666
0.0001347946082156,0.0166666666666666
0.00013480460781570004,0.0
0.00013481460741570001,0.0166666666666666
0.00013482460701570004,0.0166666666666666
0.00013483460661570002,0.0
0.0001348446062157,0.0166666666666666
0.00013485460581570002,0.0
0.0001348646054157,0.0166666666666666
0.00013487460501580004,0.0166666666666666
0.00013488460461580002,0.0
0.0001348946042158,0.0333333333333332
0.00013490460381580002,0.0
0.0001349146034158,0.0166666666666666
0.00013492460301580002,0.0166666666666666
0.00013493460261590002,0.0166666666666666
0.0001349446022159,0.0166666666666666
0.00013495460181590002,0.0166666666666666
0.0001349646014159,0.0166666666666666
0.00013497460101590002,0.0166666666666666
0.0001349846006159,0.0166666666666666
0.000134994600216,0.0166666666666666
0.00013500459981600002,0.0166666666666666
0.000135014599416,0.0
0.00013502459901600002,0.0166666666666666
0.000135034598616,0.0166666666666666
0.00013504459821600003,0.0166666666666666
0.00013505459781610002,0.0166666666666666
0.0001350645974161,0.0
0.00013507459701610002,0.0166666666666666
0.0001350845966161,0.0
0.00013509459621610003,0.0
0.0001351045958161,0.0166666666666666
0.00013511459541610003,0.0
0.00013512459501620002,0.0166666666666666
0.0001351345946162,0.0166666666666666
0.00013514459421620003,0.0166666666666666
0.0001351545938162,0.0
0.00013516459341620003,0.0166666666666666
0.0001351745930162,0.0166666666666666
0.0001351845926163,0.0
0.00013519459221630003,0.0166666666666666
0.0001352045918163,0.0166666666666666
0.00013521459141630003,0.0166666666666666
0.0001352245910163,0.0166666666666666
0.00013523459061630003,0.0166666666666666
0.00013524459021640003,0.0166666666666666
0.0001352545898164,0.0166666666666666
0.00013526458941640003,0.0166666666666666
0.0001352745890164,0.0166666666666666
0.00013528458861640003,0.0
0.0001352945882164,0.0166666666666666
0.0001353045878165,0.0
0.00013531458741650003,0.0166666666666666
0.0001353245870165,0.0166666666666666
0.00013533458661650003,0.0166666666666666
0.0001353445862165,0.0166666666666666
0.00013535458581650004,0.0166666666666666
0.0001353645854165,0.0
0.0001353745850166,0.0166666666666666
0.00013538458461660003,0.0166666666666666
0.0001353945842166,0.0166666666666666
0.00013540458381660004,0.0166666666666666
0.0001354145834166,0.0166666666666666
0.00013542458301660004,0.0
0.00013543458261670003,0.0166666666666666
0.0001354445822167,0.0166666666666666
0.00013545458181670004,0.0166666666666666
0.0001354645814167,0.0
0.00013547458101670004,0.0166666666666666
0.00013548458061670002,0.0166666666666666
0.0001354945802168,0.0166666666666666
0.00013550457981680004,0.0166666666666666
0.0001355145794168,0.0
0.00013552457901680004,0.0166666666666666
0.00013553457861680002,0.0166666666666666
0.0001355445782168,0.0
0.00013555457781690004,0.0166666666666666
0.0001355645774169,0.0166666666666666
0.00013557457701690004,0.0166666666666666
0.00013558457661690002,0.0166666666666666
0.0001355945762169,0.0166666666666666
0.00013560457581690002,0.0166666666666666
0.0001356145754169,0.0166666666666666
0.00013562457501700004,0.0166666666666666
0.00013563457461700001,0.0166666666666666
0.00013564457421700004,0.0166666666666666
0.00013565457381700002,0.0166666666666666
0.000135664573417,0.0
0.00013567457301700002,0.0166666666666666
0.00013568457261710001,0.0
0.00013569457221710004,0.0166666666666666
0.00013570457181710002,0.0166666666666666
0.0001357145714171,0.0166666666666666
0.00013572457101710002,0.0166666666666666
0.0001357345706171,0.0166666666666666
0.00013574457021720004,0.0166666666666666
0.00013575456981720002,0.0
0.0001357645694172,0.0
0.00013577456901720002,0.0166666666666666
0.0001357845686172,0.0
0.00013579456821720003,0.0166666666666666
0.00013580456781730002,0.0
0.0001358145674173,0.0
0.00013582456701730002,0.0
0.0001358345666173,0.0166666666666666
0.00013584456621730003,0.0
0.0001358545658173,0.0
0.00013586456541730003,0.0166666666666666
0.00013587456501740002,0.0166666666666666
0.0001358845646174,0.0
0.00013589456421740002,0.0166666666666666
0.0001359045638174,0.0
0.00013591456341740003,0.0166666666666666
0.0001359245630174,0.0166666666666666
0.0001359345626175,0.0166666666666666
0.00013594456221750002,0.0166666666666666
0.0001359545618175,0.0166666666666666
0.00013596456141750003,0.0166666666666666
0.0001359745610175,0.0166666666666666
0.00013598456061750003,0.0166666666666666
0.00013599456021760002,0.0166666666666666
0.0001360045598176,0.0166666666666666
0.00013601455941760003,0.0166666666666666
0.0001360245590176,0.0
0.00013603455861760003,0.0166666666666666
0.0001360445582176,0.0166666666666666
0.0001360545578177,0.0
0.00013606455741770003,0.0166666666666666
0.0001360745570177,0.0
0.00013608455661770003,0.0
0.0001360945562177,0.0166666666666666
0.00013610455581770004,0.0166666666666666
0.0001361145554177,0.0166666666666666
0.0001361245550178,0.0166666666666666
0.00013613455461780003,0.0166666666666666
0.0001361445542178,0.0
0.00013615455381780003,0.0166666666666666
0.0001361645534178,0.0166666666666666
0.00013617455301780004,0.0166666666666666
0.00013618455261790003,0.0
0.0001361945522179,0.0166666666666666
0.00013620455181790003,0.0
0.0001362145514179,0.0166666666666666
0.00013622455101790004,0.0166666666666666
0.0001362345506179,0.0
0.000136244550218,0.0
0.00013625454981800003,0.0166666666666666
0.000136264549418,0.0
0.00013627454901800004,0.0
0.000136284548618,0.0166666666666666
0.00013629454821800004,0.0166666666666666
0.00013630454781810003,0.0166666666666666
0.0001363145474181,0.0166666666666666
0.00013632454701810004,0.0166666666666666
0.0001363345466181,0.0
0.00013634454621810004,0.0
0.00013635454581810002,0.0166666666666666
0.0001363645454181,0.0166666666666666
0.00013637454501820004,0.0166666666666666
0.0001363845446182,0.0166666666666666
0.00013639454421820004,0.0166666666666666
0.00013640454381820002,0.0
0.0001364145434182,0.0
0.00013642454301820002,0.0166666666666666
0.0001364345426183,0.0166666666666666
0.00013644454221830004,0.0166666666666666
0.00013645454181830002,0.0166666666666666
0.0001364645414183,0.0166666666666666
0.00013647454101830002,0.0166666666666666
0.0001364845406183,0.0166666666666666
0.00013649454021840004,0.0166666666666666
0.00013650453981840002,0.0
0.0001365145394184,0.0166666666666666
0.00013652453901840002,0.0166666666666666
0.0001365345386184,0.0166666666666666
0.00013654453821840002,0.0166666666666666
0.00013655453781850002,0.0166666666666666
0.0001365645374185,0.0
0.00013657453701850002,0.0166666666666666
0.0001365845366185,0.0166666666666666
0.00013659453621850002,0.0166666666666666
0.0001366045358185,0.0166666666666666
0.00013661453541850003,0.0
0.00013662453501860002,0.0166666666666666
0.0001366345346186,0.0166666666666666
0.00013664453421860002,0.0166666666666666
0.0001366545338186,0.0166666666666666
0.00013666453341860003,0.0166666666666666
0.0001366745330186,0.0
0.0001366845326187,0.0166666666666666
0.00013669453221870002,0.0166666666666666
0.0001367045318187,0.0166666666666666
0.00013671453141870003,0.0166666666666666
0.0001367245310187,0.0166666666666666
0.00013673453061870003,0.0
0.00013674453021880002,0.0166666666666666
0.0001367545298188,0.0
0.00013676452941880003,0.0166666666666666
0.0001367745290188,0.0166666666666666
0.00013678452861880003,0.0
0.0001367945282188,0.0
0.0001368045278189,0.0166666666666666
0.00013681452741890003,0.0
0.0001368245270189,0.0166666666666666
0.00013683452661890003,0.0
0.0001368445262189,0.0166666666666666
0.00013685452581890003,0.0166666666666666
0.0001368645254189,0.0166666666666666
0.000136874525019,0.0166666666666666
0.00013688452461900003,0.0166666666666666
0.000136894524219,0.0166666666666666
0.00013690452381900003,0.0
0.000136914523419,0.0166666666666666
0.00013692452301900004,0.0
0.00013693452261910003,0.0166666666666666
0.0001369445222191,0.0166666666666666
0.00013695452181910003,0.0166666666666666
0.0001369645214191,0.0
0.00013697452101910004,0.0
0.0001369845206191,0.0
0.0001369945202192,0.0166666666666666
0.00013700451981920003,0.0166666666666666
0.0001370145194192,0.0166666666666666
0.00013702451901920004,0.0
0.0001370345186192,0.0
0.00013704451821920004,0.0166666666666666
0.00013705451781930003,0.0166666666666666
0.0001370645174193,0.0166666666666666
0.00013707451701930004,0.0166666666666666
0.0001370845166193,0.0166666666666666
0.00013709451621930004,0.0166666666666666
0.00013710451581930001,0.0166666666666666
0.00013711451541930004,0.0166666666666666
0.00013712451501940004,0.0
0.0001371345146194,0.0166666666666666
0.00013714451421940004,0.0166666666666666
0.00013715451381940001,0.0166666666666666
0.00013716451341940004,0.0
0.00013717451301940002,0.0166666666666666
0.0001371845126195,0.0166666666666666
0.00013719451221950004,0.0166666666666666
0.0001372045118195,0.0166666666666666
0.00013721451141950004,0.0166666666666666
0.00013722451101950002,0.0166666666666666
0.0001372345106195,0.0166666666666666
0.00013724451021960004,0.0
0.0001372545098196,0.0
0.00013726450941960004,0.0
0.00013727450901960002,0.0166666666666666
0.0001372845086196,0.0166666666666666
0.00013729450821960002,0.0166666666666666
0.0001373045078197,0.0
0.00013731450741970004,0.0166666666666666
0.00013732450701970002,0.0166666666666666
0.0001373345066197,0.0166666666666666
0.00013734450621970002,0.0
0.0001373545058197,0.0166666666666666
0.00013736450541970002,0.0166666666666666
0.00013737450501980002,0.0
0.0001373845046198,0.0166666666666666
0.00013739450421980002,0.0166666666666666
0.0001374045038198,0.0166666666666666
0.00013741450341980002,0.0166666666666666
0.0001374245030198,0.0
0.0001374345026199,0.0166666666666666
0.00013744450221990002,0.0166666666666666
0.0001374545018199,0.0166666666666666
0.00013746450141990002,0.0166666666666666
0.0001374745010199,0.0166666666666666
0.00013748450061990003,0.0166666666666666
0.00013749450022000002,0.0
0.00013750449982,0.0166666666666666
0.00013751449942000002,0.0
0.00013752449902,0.0166666666666666
0.00013753449862000003,0.0166666666666666
0.00013754449822,0.0166666666666666
0.0001375544978201,0.0166666666666666
0.00013756449742010002,0.0166666666666666
0.0001375744970201,0.0166666666666666
0.00013758449662010003,0.0166666666666666
0.0001375944962201,0.0166666666666666
0.00013760449582010003,0.0166666666666666
0.0001376144954201,0.0
0.0001376244950202,0.0166666666666666
0.00013763449462020003,0.0166666666666666
0.0001376444942202,0.0166666666666666
0.00013765449382020003,0.0
0.0001376644934202,0.0166666666666666
0.00013767449302020003,0.0166666666666666
0.00013768449262030003,0.0166666666666666
0.0001376944922203,0.0
0.00013770449182030003,0.0166666666666666
0.0001377144914203,0.0166666666666666
0.00013772449102030003,0.0166666666666666
0.0001377344906203,0.0166666666666666
0.0001377444902204,0.0166666666666666
0.00013775448982040003,0.0166666666666666
0.0001377644894204,0.0166666666666666
0.00013777448902040003,0.0
0.0001377844886204,0.0166666666666666
0.00013779448822040004,0.0
0.00013780448782050003,0.0166666666666666
0.0001378144874205,0.0166666666666666
0.00013782448702050003,0.0166666666666666
0.0001378344866205,0.0166666666666666
0.00013784448622050004,0.0
0.0001378544858205,0.0166666666666666
0.00013786448542050004,0.0
0.00013787448502060003,0.0166666666666666
0.0001378844846206,0.0166666666666666
0.00013789448422060004,0.0166666666666666
0.0001379044838206,0.0166666666666666
0.00013791448342060004,0.0166666666666666
0.00013792448302060001,0.0166666666666666
0.0001379344826207,0.0
0.00013794448222070004,0.0166666666666666
0.0001379544818207,0.0
0.00013796448142070004,0.0166666666666666
0.00013797448102070001,0.0
0.00013798448062070004,0.0166666666666666
0.00013799448022080004,0.0166666666666666
0.0001380044798208,0.0166666666666666
0.00013801447942080004,0.0166666666666666
0.00013802447902080001,0.0166666666666666
0.00013803447862080004,0.0166666666666666
0.00013804447822080002,0.0166666666666666
0.0001380544778209,0.0166666666666666
0.00013806447742090004,0.0166666666666666
0.00013807447702090001,0.0166666666666666
0.00013808447662090004,0.0166666666666666
0.00013809447622090002,0.0166666666666666
0.0001381044758209,0.0166666666666666
0.00013811447542090002,0.0166666666666666
0.00013812447502100001,0.0166666666666666
0.00013813447462100004,0.0166666666666666
0.00013814447422100002,0.0166666666666666
0.000138154473821,0.0
0.00013816447342100002,0.0166666666666666
0.000138174473021,0.0166666666666666
0.00013818447262110004,0.0166666666666666
0.00013819447222110002,0.0166666666666666
0.0001382044718211,0.0166666666666666
0.00013821447142110002,0.0166666666666666
0.0001382244710211,0.0166666666666666
0.00013823447062110002,0.0166666666666666
0.00013824447022120002,0.0
0.0001382544698212,0.0166666666666666
0.00013826446942120002,0.0166666666666666
0.0001382744690212,0.0166666666666666
0.00013828446862120002,0.0166666666666666
0.0001382944682212,0.0166666666666666
0.0001383044678213,0.0166666666666666
0.00013831446742130002,0.0166666666666666
0.0001383244670213,0.0166666666666666
0.00013833446662130002,0.0
0.0001383444662213,0.0
0.00013835446582130003,0.0166666666666666
0.0001383644654213,0.0166666666666666
0.0001383744650214,0.0166666666666666
0.00013838446462140002,0.0
0.0001383944642214,0.0
0.00013840446382140003,0.0166666666666666
0.0001384144634214,0.0166666666666666
0.00013842446302140003,0.0166666666666666
0.00013843446262150002,0.0
0.0001384444622215,0.0166666666666666
0.00013845446182150003,0.0166666666666666
0.0001384644614215,0.0
0.00013847446102150003,0.0166666666666666
0.0001384844606215,0.0
0.0001384944602216,0.0
0.00013850445982160003,0.0166666666666666
0.0001385144594216,0.0166666666666666
0.00013852445902160003,0.0333333333333332
0.0001385344586216,0.0166666666666666
0.00013854445822160003,0.0
0.00013855445782170003,0.0
0.0001385644574217,0.0166666666666666
0.00013857445702170003,0.0166666666666666
0.0001385844566217,0.0166666666666666
0.00013859445622170003,0.0166666666666666
0.0001386044558217,0.0166666666666666
0.00013861445542170004,0.0
0.00013862445502180003,0.0
0.0001386344546218,0.0
0.00013864445422180003,0.0166666666666666
0.0001386544538218,0.0166666666666666
0.00013866445342180004,0.0166666666666666
0.0001386744530218,0.0
0.0001386844526219,0.0
0.00013869445222190003,0.0
0.0001387044518219,0.0166666666666666
0.00013871445142190004,0.0166666666666666
0.0001387244510219,0.0166666666666666
0.00013873445062190004,0.0166666666666666
0.00013874445022200003,0.0166666666666666
0.000138754449822,0.0
0.00013876444942200004,0.0
0.000138774449022,0.0166666666666666
0.00013878444862200004,0.0166666666666666
0.00013879444822200002,0.0166666666666666
0.0001388044478221,0.0166666666666666
0.00013881444742210004,0.0166666666666666
0.0001388244470221,0.0
0.00013883444662210004,0.0166666666666666
0.00013884444622210002,0.0166666666666666
0.0001388544458221,0.0166666666666666
0.00013886444542210002,0.0166666666666666
0.0001388744450222,0.0166666666666666
0.00013888444462220004,0.0166666666666666
0.00013889444422220002,0.0166666666666666
0.0001389044438222,0.0166666666666666
0.00013891444342220002,0.0166666666666666
0.0001389244430222,0.0
0.00013893444262230004,0.0166666666666666
0.00013894444222230001,0.0166666666666666
0.00013895444182230004,0.0166666666666666
0.00013896444142230002,0.0166666666666666
0.0001389744410223,0.0166666666666666
0.00013898444062230002,0.0
0.00013899444022240001,0.0
0.00013900443982240004,0.0
0.00013901443942240002,0.0166666666666666
0.0001390244390224,0.0166666666666666
0.00013903443862240002,0.0166666666666666
0.0001390444382224,0.0166666666666666
0.00013905443782250004,0.0166666666666666
0.00013906443742250002,0.0
0.0001390744370225,0.0166666666666666
0.00013908443662250002,0.0166666666666666
0.0001390944362225,0.0166666666666666
0.00013910443582250003,0.0166666666666666
0.0001391144354225,0.0166666666666666
0.0001391244350226,0.0166666666666666
0.00013913443462260002,0.0166666666666666
0.0001391444342226,0.0166666666666666
0.00013915443382260003,0.0166666666666666
0.0001391644334226,0.0
0.00013917443302260003,0.0
0.00013918443262270002,0.0166666666666666
0.0001391944322227,0.0
0.00013920443182270002,0.0
0.0001392144314227,0.0166666666666666
0.00013922443102270003,0.0
0.0001392344306227,0.0166666666666666
0.0001392444302228,0.0
0.00013925442982280002,0.0
0.0001392644294228,0.0166666666666666
0.00013927442902280003,0.0166666666666666
0.0001392844286228,0.0166666666666666
0.00013929442822280003,0.0166666666666666
0.00013930442782290002,0.0
0.0001393144274229,0.0166666666666666
0.00013932442702290003,0.0166666666666666
0.0001393344266229,0.0166666666666666
0.00013934442622290003,0.0166666666666666
0.0001393544258229,0.0166666666666666
0.00013936442542290004,0.0166666666666666
0.00013937442502300003,0.0166666666666666
0.000139384424623,0.0166666666666666
0.00013939442422300003,0.0166666666666666
0.000139404423823,0.0166666666666666
0.00013941442342300004,0.0166666666666666
0.000139424423023,0.0166666666666666
0.0001394344226231,0.0166666666666666
0.00013944442222310003,0.0
0.0001394544218231,0.0166666666666666
0.00013946442142310003,0.0
0.0001394744210231,0.0
0.00013948442062310004,0.0166666666666666
0.00013949442022320003,0.0
0.0001395044198232,0.0166666666666666
0.00013951441942320003,0.0166666666666666
0.0001395244190232,0.0
0.00013953441862320004,0.0166666666666666
0.0001395444182232,0.0
0.0001395544178233,0.0166666666666666
0.00013956441742330003,0.0
0.0001395744170233,0.0166666666666666
0.00013958441662330004,0.0
0.0001395944162233,0.0166666666666666
0.00013960441582330004,0.0166666666666666
0.00013961441542330002,0.0166666666666666
0.0001396244150234,0.0166666666666666
0.00013963441462340004,0.0
0.0001396444142234,0.0166666666666666
0.00013965441382340004,0.0166666666666666
0.00013966441342340002,0.0166666666666666
0.0001396744130234,0.0166666666666666
0.00013968441262350004,0.0166666666666666
0.0001396944122235,0.0166666666666666
0.00013970441182350004,0.0166666666666666
0.00013971441142350002,0.0
0.0001397244110235,0.0
0.00013973441062350002,0.0166666666666666
0.0001397444102236,0.0166666666666666
0.00013975440982360004,0.0166666666666666
0.00013976440942360002,0.0
0.0001397744090236,0.0166666666666666
0.00013978440862360002,0.0
0.0001397944082236,0.0
0.00013980440782370004,0.0166666666666666
0.00013981440742370002,0.0166666666666666
0.0001398244070237,0.0166666666666666
0.00013983440662370002,0.0166666666666666
0.0001398444062237,0.0166666666666666
0.00013985440582370002,0.0166666666666666
0.0001398644054237,0.0
0.0001398744050238,0.0166666666666666
0.00013988440462380002,0.0166666666666666
0.0001398944042238,0.0166666666666666
0.00013990440382380002,0.0166666666666666
0.0001399144034238,0.0166666666666666
0.00013992440302380003,0.0166666666666666
0.00013993440262390002,0.0166666666666666
0.0001399444022239,0.0166666666666666
0.00013995440182390002,0.0
0.0001399644014239,0.0166666666666666
0.00013997440102390003,0.0166666666666666
0.0001399844006239,0.0166666666666666
0.000139994400224,0.0166666666666666
0.00014000439982400002,0.0166666666666666
0.000140014399424,0.0
0.00014002439902400003,0.0166666666666666
0.000140034398624,0.0166666666666666
0.00014004439822400003,0.0
0.00014005439782410002,0.0166666666666666
0.0001400643974241,0.0166666666666666
0.00014007439702410003,0.0
0.0001400843966241,0.0
0.00014009439622410003,0.0166666666666666
0.0001401043958241,0.0
0.00014011439542410003,0.0
0.00014012439502420003,0.0166666666666666
0.0001401343946242,0.0166666666666666
0.00014014439422420003,0.0166666666666666
0.0001401543938242,0.0
0.00014016439342420003,0.0166666666666666
0.0001401743930242,0.0166666666666666
0.0001401843926243,0.0
0.00014019439222430003,0.0166666666666666
0.0001402043918243,0.0166666666666666
0.00014021439142430003,0.0166666666666666
0.0001402243910243,0.0166666666666666
0.00014023439062430004,0.0166666666666666
0.00014024439022440003,0.0166666666666666
0.0001402543898244,0.0166666666666666
0.00014026438942440003,0.0
0.0001402743890244,0.0166666666666666
0.00014028438862440004,0.0166666666666666
0.0001402943882244,0.0166666666666666
0.0001403043878245,0.0166666666666666
0.00014031438742450003,0.0166666666666666
0.0001403243870245,0.0166666666666666
0.00014033438662450004,0.0166666666666666
0.0001403443862245,0.0166666666666666
0.00014035438582450004,0.0
0.00014036438542450001,0.0166666666666666
0.0001403743850246,0.0166666666666666
0.00014038438462460004,0.0166666666666666
0.0001403943842246,0.0166666666666666
0.00014040438382460004,0.0166666666666666
0.00014041438342460001,0.0
0.00014042438302460004,0.0166666666666666
0.00014043438262470004,0.0
0.0001404443822247,0.0166666666666666
0.00014045438182470004,0.0166666666666666
0.00014046438142470001,0.0166666666666666
0.00014047438102470004,0.0
0.00014048438062470002,0.0166666666666666
0.0001404943802248,0.0166666666666666
0.00014050437982480004,0.0166666666666666
0.0001405143794248,0.0166666666666666
0.00014052437902480004,0.0166666666666666
0.00014053437862480002,0.0166666666666666
0.0001405443782248,0.0166666666666666
0.00014055437782490004,0.0166666666666666
0.0001405643774249,0.0
0.00014057437702490004,0.0166666666666666
0.00014058437662490002,0.0
0.0001405943762249,0.0166666666666666
0.00014060437582490002,0.0
0.0001406143754249,0.0
0.00014062437502500004,0.0166666666666666
0.00014063437462500002,0.0166666666666666
0.000140644374225,0.0166666666666666
0.00014065437382500002,0.0166666666666666
0.000140664373425,0.0166666666666666
0.00014067437302500002,0.0
0.00014068437262510002,0.0166666666666666
0.0001406943722251,0.0166666666666666
0.00014070437182510002,0.0
0.0001407143714251,0.0
0.00014072437102510002,0.0
0.0001407343706251,0.0166666666666666
0.0001407443702252,0.0166666666666666
0.00014075436982520002,0.0166666666666666
0.0001407643694252,0.0
0.00014077436902520002,0.0166666666666666
0.0001407843686252,0.0
0.00014079436822520003,0.0166666666666666
0.00014080436782530002,0.0166666666666666
0.0001408143674253,0.0166666666666666
0.00014082436702530002,0.0166666666666666
0.0001408343666253,0.0
0.00014084436622530003,0.0166666666666666
0.0001408543658253,0.0166666666666666
0.00014086436542530003,0.0
0.00014087436502540002,0.0
0.0001408843646254,0.0
0.00014089436422540003,0.0166666666666666
0.0001409043638254,0.0166666666666666
0.00014091436342540003,0.0
0.0001409243630254,0.0
0.0001409343626255,0.0166666666666666
0.00014094436222550003,0.0166666666666666
0.0001409543618255,0.0166666666666666
0.00014096436142550003,0.0166666666666666
0.0001409743610255,0.0166666666666666
0.00014098436062550003,0.0
0.00014099436022560003,0.0166666666666666
0.0001410043598256,0.0
0.00014101435942560003,0.0166666666666666
0.0001410243590256,0.0166666666666666
0.00014103435862560003,0.0166666666666666
0.0001410443582256,0.0166666666666666
0.0001410543578257,0.0166666666666666
0.00014106435742570003,0.0166666666666666
0.0001410743570257,0.0166666666666666
0.00014108435662570003,0.0166666666666666
0.0001410943562257,0.0166666666666666
0.00014110435582570004,0.0
0.0001411143554257,0.0
0.0001411243550258,0.0
0.00014113435462580003,0.0
0.0001411443542258,0.0166666666666666
0.00014115435382580004,0.0166666666666666
0.0001411643534258,0.0166666666666666
0.00014117435302580004,0.0166666666666666
0.00014118435262590003,0.0166666666666666
0.0001411943522259,0.0
0.00014120435182590004,0.0166666666666666
0.0001412143514259,0.0166666666666666
0.00014122435102590004,0.0
0.00014123435062590001,0.0166666666666666
0.000141244350226,0.0166666666666666
0.00014125434982600004,0.0166666666666666
0.000141264349426,0.0166666666666666
0.00014127434902600004,0.0166666666666666
0.00014128434862600001,0.0166666666666666
0.00014129434822600004,0.0166666666666666
0.00014130434782610004,0.0166666666666666
0.0001413143474261,0.0166666666666666
0.00014132434702610004,0.0
0.00014133434662610001,0.0
0.00014134434622610004,0.0
0.00014135434582610002,0.0166666666666666
0.0001413643454261,0.0
0.00014137434502620004,0.0166666666666666
0.00014138434462620001,0.0166666666666666
0.00014139434422620004,0.0166666666666666
0.00014140434382620002,0.0166666666666666
0.0001414143434262,0.0166666666666666
0.00014142434302620002,0.0
0.00014143434262630001,0.0333333333333332
0.00014144434222630004,0.0166666666666666
0.00014145434182630002,0.0166666666666666
0.0001414643414263,0.0
0.00014147434102630002,0.0166666666666666
0.0001414843406263,0.0
0.00014149434022640004,0.0
0.00014150433982640002,0.0
0.0001415143394264,0.0166666666666666
0.00014152433902640002,0.0166666666666666
0.0001415343386264,0.0166666666666666
0.00014154433822640002,0.0166666666666666
0.00014155433782650002,0.0
0.0001415643374265,0.0166666666666666
0.00014157433702650002,0.0166666666666666
0.0001415843366265,0.0166666666666666
0.00014159433622650002,0.0166666666666666
0.0001416043358265,0.0166666666666666
0.00014161433542650003,0.0
0.00014162433502660002,0.0166666666666666
0.0001416343346266,0.0166666666666666
0.00014164433422660002,0.0166666666666666
0.0001416543338266,0.0166666666666666
0.00014166433342660003,0.0166666666666666
0.0001416743330266,0.0166666666666666
0.0001416843326267,0.0166666666666666
0.00014169433222670002,0.0166666666666666
0.0001417043318267,0.0166666666666666
0.00014171433142670003,0.0166666666666666
0.0001417243310267,0.0166666666666666
0.00014173433062670003,0.0
0.00014174433022680002,0.0
0.0001417543298268,0.0
0.00014176432942680003,0.0166666666666666
0.0001417743290268,0.0
0.00014178432862680003,0.0
0.0001417943282268,0.0166666666666666
0.0001418043278269,0.0166666666666666
0.00014181432742690003,0.0166666666666666
0.0001418243270269,0.0166666666666666
0.00014183432662690003,0.0166666666666666
0.0001418443262269,0.0166666666666666
0.00014185432582690003,0.0
0.0001418643254269,0.0
0.000141874325027,0.0166666666666666
0.00014188432462700003,0.0166666666666666
0.000141894324227,0.0166666666666666
0.00014190432382700003,0.0
0.000141914323427,0.0166666666666666
0.00014192432302700004,0.0166666666666666
0.00014193432262710003,0.0
0.0001419443222271,0.0
0.00014195432182710003,0.0
0.0001419643214271,0.0166666666666666
0.00014197432102710004,0.0166666666666666
0.0001419843206271,0.0
0.0001419943202272,0.0166666666666666
0.00014200431982720003,0.0
0.0001420143194272,0.0
0.00014202431902720004,0.0166666666666666
0.0001420343186272,0.0166666666666666
0.00014204431822720004,0.0166666666666666
0.00014205431782730003,0.0166666666666666
0.0001420643174273,0.0
0.00014207431702730004,0.0166666666666666
0.0001420843166273,0.0166666666666666
0.00014209431622730004,0.0166666666666666
0.00014210431582730002,0.0166666666666666
0.0001421143154273,0.0166666666666666
0.00014212431502740004,0.0166666666666666
0.0001421343146274,0.0166666666666666
0.00014214431422740004,0.0166666666666666
0.00014215431382740002,0.0166666666666666
0.0001421643134274,0.0166666666666666
0.00014217431302740002,0.0166666666666666
0.0001421843126275,0.0
0.00014219431222750004,0.0166666666666666
0.00014220431182750002,0.0166666666666666
0.0001422143114275,0.0
0.00014222431102750002,0.0166666666666666
0.0001422343106275,0.0166666666666666
0.00014224431022760004,0.0166666666666666
0.00014225430982760001,0.0166666666666666
0.00014226430942760004,0.0166666666666666
0.00014227430902760002,0.0166666666666666
0.0001422843086276,0.0
0.00014229430822760002,0.0
0.00014230430782770001,0.0166666666666666
0.00014231430742770004,0.0166666666666666
0.00014232430702770002,0.0
0.0001423343066277,0.0166666666666666
0.00014234430622770002,0.0166666666666666
0.0001423543058277,0.0166666666666666
0.00014236430542770003,0.0166666666666666
0.00014237430502780002,0.0166666666666666
0.0001423843046278,0.0
0.00014239430422780002,0.0
0.0001424043038278,0.0166666666666666
0.00014241430342780003,0.0166666666666666
0.0001424243030278,0.0
0.0001424343026279,0.0166666666666666
0.00014244430222790002,0.0166666666666666
0.0001424543018279,0.0166666666666666
0.00014246430142790003,0.0166666666666666
0.0001424743010279,0.0166666666666666
0.00014248430062790003,0.0166666666666666
0.00014249430022800002,0.0166666666666666
0.000142504299828,0.0166666666666666
0.00014251429942800002,0.0166666666666666
0.000142524299028,0.0
0.00014253429862800003,0.0
0.000142544298228,0.0166666666666666
0.0001425542978281,0.0166666666666666
0.00014256429742810002,0.0166666666666666
0.0001425742970281,0.0166666666666666
0.00014258429662810003,0.0166666666666666
0.0001425942962281,0.0
0.00014260429582810003,0.0166666666666666
0.0001426142954281,0.0166666666666666
0.0001426242950282,0.0166666666666666
0.00014263429462820003,0.0166666666666666
0.0001426442942282,0.0166666666666666
0.00014265429382820003,0.0166666666666666
0.0001426642934282,0.0166666666666666
0.00014267429302820004,0.0166666666666666
0.00014268429262830003,0.0
0.0001426942922283,0.0166666666666666
0.00014270429182830003,0.0166666666666666
0.0001427142914283,0.0
0.00014272429102830004,0.0166666666666666
0.0001427342906283,0.0166666666666666
0.0001427442902284,0.0
0.00014275428982840003,0.0
0.0001427642894284,0.0
0.00014277428902840003,0.0166666666666666
0.0001427842886284,0.0
0.00014279428822840004,0.0
0.00014280428782850003,0.0
0.0001428142874285,0.0
0.00014282428702850003,0.0
0.0001428342866285,0.0166666666666666
0.00014284428622850004,0.0166666666666666
0.0001428542858285,0.0166666666666666
0.00014286428542850004,0.0166666666666666
0.00014287428502860003,0.0166666666666666
0.0001428842846286,0.0166666666666666
0.00014289428422860004,0.0
0.0001429042838286,0.0
0.00014291428342860004,0.0
0.00014292428302860002,0.0
0.0001429342826287,0.0
0.00014294428222870004,0.0
0.0001429542818287,0.0166666666666666
0.00014296428142870004,0.0
0.00014297428102870002,0.0166666666666666
0.0001429842806287,0.0166666666666666
0.00014299428022880004,0.0166666666666666
0.0001430042798288,0.0166666666666666
0.00014301427942880004,0.0166666666666666
0.00014302427902880002,0.0
0.0001430342786288,0.0166666666666666
0.00014304427822880002,0.0166666666666666
0.0001430542778289,0.0166666666666666
0.00014306427742890004,0.0166666666666666
0.00014307427702890002,0.0166666666666666
0.0001430842766289,0.0166666666666666
0.00014309427622890002,0.0
0.0001431042758289,0.0166666666666666
0.00014311427542890002,0.0166666666666666
0.00014312427502900002,0.0166666666666666
0.000143134274629,0.0
0.00014314427422900002,0.0166666666666666
0.000143154273829,0.0
0.00014316427342900002,0.0
0.000143174273029,0.0166666666666666
0.0001431842726291,0.0
0.00014319427222910002,0.0166666666666666
0.0001432042718291,0.0
0.00014321427142910002,0.0166666666666666
0.0001432242710291,0.0
0.00014323427062910003,0.0
0.00014324427022920002,0.0166666666666666
0.0001432542698292,0.0166666666666666
0.00014326426942920002,0.0
0.0001432742690292,0.0166666666666666
0.00014328426862920003,0.0166666666666666
0.0001432942682292,0.0166666666666666
0.0001433042678293,0.0166666666666666
0.00014331426742930002,0.0166666666666666
0.0001433242670293,0.0166666666666666
0.00014333426662930003,0.0166666666666666
0.0001433442662293,0.0166666666666666
0.00014335426582930003,0.0166666666666666
0.0001433642654293,0.0166666666666666
0.0001433742650294,0.0166666666666666
0.00014338426462940003,0.0
0.0001433942642294,0.0166666666666666
0.00014340426382940003,0.0166666666666666
0.0001434142634294,0.0
0.00014342426302940003,0.0166666666666666
0.00014343426262950003,0.0166666666666666
0.0001434442622295,0.0166666666666666
0.00014345426182950003,0.0166666666666666
0.0001434642614295,0.0166666666666666
0.00014347426102950003,0.0166666666666666
0.0001434842606295,0.0
0.0001434942602296,0.0
0.00014350425982960003,0.0166666666666666
0.0001435142594296,0.0166666666666666
0.00014352425902960003,0.0166666666666666
0.0001435342586296,0.0166666666666666
0.00014354425822960004,0.0166666666666666
0.00014355425782970003,0.0166666666666666
0.0001435642574297,0.0166666666666666
0.00014357425702970003,0.0
0.0001435842566297,0.0
0.00014359425622970004,0.0166666666666666
0.0001436042558297,0.0166666666666666
0.00014361425542970004,0.0166666666666666
0.00014362425502980003,0.0166666666666666
0.0001436342546298,0.0166666666666666
0.00014364425422980004,0.0
0.0001436542538298,0.0166666666666666
0.00014366425342980004,0.0
0.00014367425302980001,0.0166666666666666
0.0001436842526299,0.0
0.00014369425222990004,0.0166666666666666
0.0001437042518299,0.0166666666666666
0.00014371425142990004,0.0166666666666666
0.00014372425102990001,0.0
0.00014373425062990004,0.0166666666666666
0.00014374425023000004,0.0166666666666666
0.00014375424983,0.0166666666666666
0.00014376424943000004,0.0166666666666666
0.00014377424903000001,0.0166666666666666
0.00014378424863000004,0.0166666666666666
0.00014379424823000002,0.0166666666666666
0.0001438042478301,0.0166666666666666
0.00014381424743010004,0.0166666666666666
0.0001438242470301,0.0166666666666666
0.00014383424663010004,0.0166666666666666
0.00014384424623010002,0.0166666666666666
0.0001438542458301,0.0166666666666666
0.00014386424543010002,0.0166666666666666
0.0001438742450302,0.0
0.00014388424463020004,0.0
0.00014389424423020002,0.0166666666666666
0.0001439042438302,0.0166666666666666
0.00014391424343020002,0.0166666666666666
0.0001439242430302,0.0
0.00014393424263030004,0.0166666666666666
0.00014394424223030002,0.0166666666666666
0.0001439542418303,0.0166666666666666
0.00014396424143030002,0.0166666666666666
0.0001439742410303,0.0166666666666666
0.00014398424063030002,0.0166666666666666
0.00014399424023040002,0.0
0.0001440042398304,0.0
0.00014401423943040002,0.0166666666666666
0.0001440242390304,0.0
0.00014403423863040002,0.0166666666666666
0.0001440442382304,0.0166666666666666
0.0001440542378305,0.0166666666666666
0.00014406423743050002,0.0166666666666666
0.0001440742370305,0.0166666666666666
0.00014408423663050002,0.0
0.0001440942362305,0.0
0.00014410423583050003,0.0166666666666666
0.0001441142354305,0.0166666666666666
0.0001441242350306,0.0
0.00014413423463060002,0.0166666666666666
0.0001441442342306,0.0
0.00014415423383060003,0.0166666666666666
0.0001441642334306,0.0166666666666666
0.00014417423303060003,0.0166666666666666
0.00014418423263070002,0.0166666666666666
0.0001441942322307,0.0166666666666666
0.00014420423183070003,0.0166666666666666
0.0001442142314307,0.0166666666666666
0.00014422423103070003,0.0166666666666666
0.0001442342306307,0.0166666666666666
0.0001442442302308,0.0
0.00014425422983080003,0.0166666666666666
0.0001442642294308,0.0166666666666666
0.00014427422903080003,0.0166666666666666
0.0001442842286308,0.0166666666666666
0.00014429422823080003,0.0166666666666666
0.00014430422783090003,0.0
0.0001443142274309,0.0166666666666666
0.00014432422703090003,0.0166666666666666
0.0001443342266309,0.0166666666666666
0.00014434422623090003,0.0166666666666666
0.0001443542258309,0.0166666666666666
0.00014436422543090004,0.0166666666666666
0.00014437422503100003,0.0166666666666666
0.000144384224631,0.0166666666666666
0.00014439422423100003,0.0166666666666666
0.000144404223831,0.0333333333333332
0.00014441422343100004,0.0166666666666666
0.000144424223031,0.0166666666666666
0.0001444342226311,0.0166666666666666
0.00014444422223110003,0.0
0.0001444542218311,0.0166666666666666
0.00014446422143110004,0.0166666666666666
0.0001444742210311,0.0166666666666666
0.00014448422063110004,0.0166666666666666
0.00014449422023120003,0.0166666666666666
0.0001445042198312,0.0166666666666666
0.00014451421943120004,0.0
0.0001445242190312,0.0166666666666666
0.00014453421863120004,0.0166666666666666
0.00014454421823120001,0.0166666666666666
0.0001445542178313,0.0166666666666666
0.00014456421743130004,0.0166666666666666
0.0001445742170313,0.0166666666666666
0.00014458421663130004,0.0166666666666666
0.00014459421623130001,0.0
0.00014460421583130004,0.0
0.00014461421543130002,0.0
0.0001446242150314,0.0166666666666666
0.00014463421463140004,0.0166666666666666
0.00014464421423140001,0.0166666666666666
0.00014465421383140004,0.0166666666666666
0.00014466421343140002,0.0166666666666666
0.0001446742130314,0.0166666666666666
0.00014468421263150004,0.0166666666666666
0.00014469421223150001,0.0166666666666666
0.00014470421183150004,0.0166666666666666
0.00014471421143150002,0.0166666666666666
0.0001447242110315,0.0166666666666666
0.00014473421063150002,0.0166666666666666
0.00014474421023160001,0.0166666666666666
0.00014475420983160004,0.0166666666666666
0.00014476420943160002,0.0166666666666666
0.0001447742090316,0.0166666666666666
0.00014478420863160002,0.0
0.0001447942082316,0.0166666666666666
0.00014480420783170004,0.0166666666666666
0.00014481420743170002,0.0166666666666666
0.0001448242070317,0.0
0.00014483420663170002,0.0166666666666666
0.0001448442062317,0.0
0.00014485420583170002,0.0
0.0001448642054317,0.0
0.0001448742050318,0.0166666666666666
0.00014488420463180002,0.0166666666666666
0.0001448942042318,0.0
0.00014490420383180002,0.0166666666666666
0.0001449142034318,0.0166666666666666
0.00014492420303180003,0.0166666666666666
0.00014493420263190002,0.0166666666666666
0.0001449442022319,0.0166666666666666
0.00014495420183190002,0.0166666666666666
0.0001449642014319,0.0166666666666666
0.00014497420103190003,0.0
0.0001449842006319,0.0166666666666666
0.000144994200232,0.0
0.00014500419983200002,0.0
0.000145014199432,0.0166666666666666
0.00014502419903200003,0.0166666666666666
0.000145034198632,0.0166666666666666
0.00014504419823200003,0.0
0.00014505419783210002,0.0166666666666666
0.0001450641974321,0.0166666666666666
0.00014507419703210003,0.0
0.0001450841966321,0.0166666666666666
0.00014509419623210003,0.0166666666666666
0.0001451041958321,0.0
0.00014511419543210003,0.0
0.00014512419503220003,0.0166666666666666
0.0001451341946322,0.0166666666666666
0.00014514419423220003,0.0166666666666666
0.0001451541938322,0.0166666666666666
0.00014516419343220003,0.0
0.0001451741930322,0.0166666666666666
0.0001451841926323,0.0166666666666666
0.00014519419223230003,0.0166666666666666
0.0001452041918323,0.0166666666666666
0.00014521419143230003,0.0166666666666666
0.0001452241910323,0.0
0.00014523419063230004,0.0166666666666666
0.00014524419023240003,0.0166666666666666
0.0001452541898324,0.0166666666666666
0.00014526418943240003,0.0166666666666666
0.0001452741890324,0.0
0.00014528418863240004,0.0166666666666666
0.0001452941882324,0.0166666666666666
0.0001453041878325,0.0166666666666666
0.00014531418743250003,0.0166666666666666
0.0001453241870325,0.0166666666666666
0.00014533418663250004,0.0
0.0001453441862325,0.0
0.00014535418583250004,0.0166666666666666
0.00014536418543250002,0.0
0.0001453741850326,0.0
0.00014538418463260004,0.0166666666666666
0.0001453941842326,0.0166666666666666
0.00014540418383260004,0.0166666666666666
0.00014541418343260002,0.0166666666666666
0.0001454241830326,0.0166666666666666
0.00014543418263270004,0.0166666666666666
0.0001454441822327,0.0166666666666666
0.00014545418183270004,0.0
0.00014546418143270002,0.0166666666666666
0.0001454741810327,0.0166666666666666
0.00014548418063270002,0.0166666666666666
0.0001454941802328,0.0166666666666666
0.00014550417983280004,0.0
0.00014551417943280002,0.0166666666666666
0.0001455241790328,0.0166666666666666
0.00014553417863280002,0.0166666666666666
0.0001455441782328,0.0166666666666666
0.00014555417783290004,0.0166666666666666
0.00014556417743290001,0.0166666666666666
0.00014557417703290004,0.0166666666666666
0.00014558417663290002,0.0
0.0001455941762329,0.0166666666666666
0.00014560417583290002,0.0
0.0001456141754329,0.0
0.00014562417503300004,0.0166666666666666
0.00014563417463300002,0.0166666666666666
0.000145644174233,0.0166666666666666
0.00014565417383300002,0.0166666666666666
0.000145664173433,0.0166666666666666
0.00014567417303300003,0.0166666666666666
0.00014568417263310002,0.0166666666666666
0.0001456941722331,0.0166666666666666
0.00014570417183310002,0.0166666666666666
0.0001457141714331,0.0166666666666666
0.00014572417103310003,0.0
0.0001457341706331,0.0166666666666666
0.0001457441702332,0.0
0.00014575416983320002,0.0166666666666666
0.0001457641694332,0.0166666666666666
0.00014577416903320003,0.0166666666666666
0.0001457841686332,0.0
0.00014579416823320003,0.0166666666666666
0.00014580416783330002,0.0166666666666666
0.0001458141674333,0.0166666666666666
0.00014582416703330002,0.0166666666666666
0.0001458341666333,0.0166666666666666
0.00014584416623330003,0.0166666666666666
0.0001458541658333,0.0166666666666666
0.00014586416543330003,0.0166666666666666
0.00014587416503340002,0.0166666666666666
0.0001458841646334,0.0166666666666666
0.00014589416423340003,0.0166666666666666
0.0001459041638334,0.0
0.00014591416343340003,0.0
0.0001459241630334,0.0
0.0001459341626335,0.0166666666666666
0.00014594416223350003,0.0166666666666666
0.0001459541618335,0.0166666666666666
0.00014596416143350003,0.0166666666666666
0.0001459741610335,0.0
0.00014598416063350004,0.0166666666666666
0.00014599416023360003,0.0166666666666666
0.0001460041598336,0.0166666666666666
0.00014601415943360003,0.0
0.0001460241590336,0.0166666666666666
0.00014603415863360004,0.0166666666666666
0.0001460441582336,0.0166666666666666
0.0001460541578337,0.0166666666666666
0.00014606415743370003,0.0166666666666666
0.0001460741570337,0.0166666666666666
0.00014608415663370003,0.0166666666666666
0.0001460941562337,0.0166666666666666
0.00014610415583370004,0.0
0.0001461141554337,0.0166666666666666
0.0001461241550338,0.0
0.00014613415463380003,0.0166666666666666
0.0001461441542338,0.0
0.00014615415383380004,0.0
0.0001461641534338,0.0166666666666666
0.00014617415303380004,0.0166666666666666
0.00014618415263390003,0.0
0.0001461941522339,0.0
0.00014620415183390004,0.0166666666666666
0.0001462141514339,0.0166666666666666
0.00014622415103390004,0.0
0.00014623415063390002,0.0166666666666666
0.000146244150234,0.0
0.00014625414983400004,0.0166666666666666
0.000146264149434,0.0166666666666666
0.00014627414903400004,0.0
0.00014628414863400002,0.0166666666666666
0.000146294148234,0.0166666666666666
0.00014630414783410004,0.0166666666666666
0.0001463141474341,0.0166666666666666
0.00014632414703410004,0.0166666666666666
0.00014633414663410002,0.0166666666666666
0.0001463441462341,0.0166666666666666
0.00014635414583410002,0.0166666666666666
0.0001463641454341,0.0166666666666666
0.00014637414503420004,0.0166666666666666
0.00014638414463420002,0.0
0.0001463941442342,0.0
0.00014640414383420002,0.0166666666666666
0.0001464141434342,0.0166666666666666
0.00014642414303420002,0.0
0.00014643414263430002,0.0
0.0001464441422343,0.0
0.00014645414183430002,0.0166666666666666
0.0001464641414343,0.0
0.00014647414103430002,0.0166666666666666
0.0001464841406343,0.0166666666666666
0.0001464941402344,0.0166666666666666
0.00014650413983440002,0.0166666666666666
0.0001465141394344,0.0
0.00014652413903440002,0.0166666666666666
0.0001465341386344,0.0166666666666666
0.00014654413823440003,0.0166666666666666
0.00014655413783450002,0.0166666666666666
0.0001465641374345,0.0166666666666666
0.00014657413703450002,0.0166666666666666
0.0001465841366345,0.0166666666666666
0.00014659413623450003,0.0166666666666666
0.0001466041358345,0.0166666666666666
0.00014661413543450003,0.0
0.00014662413503460002,0.0166666666666666
0.0001466341346346,0.0166666666666666
0.00014664413423460003,0.0
0.0001466541338346,0.0166666666666666
0.00014666413343460003,0.0
0.0001466741330346,0.0
0.0001466841326347,0.0166666666666666
0.00014669413223470003,0.0
0.0001467041318347,0.0166666666666666
0.00014671413143470003,0.0166666666666666
0.0001467241310347,0.0
0.00014673413063470003,0.0
0.00014674413023480003,0.0
0.0001467541298348,0.0166666666666666
0.00014676412943480003,0.0166666666666666
0.0001467741290348,0.0166666666666666
0.00014678412863480003,0.0166666666666666
0.0001467941282348,0.0166666666666666
0.0001468041278349,0.0166666666666666
0.00014681412743490003,0.0
0.0001468241270349,0.0166666666666666
0.00014683412663490003,0.0166666666666666
0.0001468441262349,0.0
0.00014685412583490004,0.0166666666666666
0.0001468641254349,0.0
0.000146874125035,0.0166666666666666
0.00014688412463500003,0.0166666666666666
0.000146894124235,0.0166666666666666
0.00014690412383500004,0.0166666666666666
0.000146914123435,0.0166666666666666
0.00014692412303500004,0.0
0.00014693412263510003,0.0166666666666666
0.0001469441222351,0.0166666666666666
0.00014695412183510004,0.0
0.0001469641214351,0.0166666666666666
0.00014697412103510004,0.0
0.00014698412063510001,0.0
0.0001469941202352,0.0166666666666666
0.00014700411983520004,0.0166666666666666
0.0001470141194352,0.0166666666666666
0.00014702411903520004,0.0166666666666666
0.00014703411863520001,0.0
0.00014704411823520004,0.0166666666666666
0.00014705411783530004,0.0
0.0001470641174353,0.0
0.00014707411703530004,0.0166666666666666
0.0001470841166353,0.0166666666666666
0.00014709411623530004,0.0166666666666666
0.00014710411583530002,0.0166666666666666
0.0001471141154353,0.0166666666666666
0.00014712411503540004,0.0166666666666666
0.0001471341146354,0.0166666666666666
0.00014714411423540004,0.0166666666666666
0.00014715411383540002,0.0166666666666666
0.0001471641134354,0.0166666666666666
0.00014717411303540002,0.0166666666666666
0.0001471841126355,0.0
0.00014719411223550004,0.0166666666666666
0.00014720411183550002,0.0166666666666666
0.0001472141114355,0.0166666666666666
0.00014722411103550002,0.0
0.0001472341106355,0.0
0.00014724411023560004,0.0166666666666666
0.00014725410983560002,0.0166666666666666
0.0001472641094356,0.0166666666666666
0.00014727410903560002,0.0166666666666666
0.0001472841086356,0.0166666666666666
0.00014729410823560002,0.0166666666666666
0.00014730410783570002,0.0166666666666666
0.0001473141074357,0.0166666666666666
0.00014732410703570002,0.0166666666666666
0.0001473341066357,0.0
0.00014734410623570002,0.0166666666666666
0.0001473541058357,0.0166666666666666
0.00014736410543570003,0.0
0.00014737410503580002,0.0166666666666666
0.0001473841046358,0.0
0.00014739410423580002,0.0166666666666666
0.0001474041038358,0.0166666666666666
0.00014741410343580003,0.0166666666666666
0.0001474241030358,0.0166666666666666
0.0001474341026359,0.0166666666666666
0.00014744410223590002,0.0
0.0001474541018359,0.0
0.00014746410143590003,0.0166666666666666
0.0001474741010359,0.0166666666666666
0.00014748410063590003,0.0
0.00014749410023600002,0.0166666666666666
0.000147504099836,0.0
0.00014751409943600003,0.0166666666666666
0.000147524099036,0.0
0.00014753409863600003,0.0166666666666666
0.000147544098236,0.0166666666666666
0.0001475540978361,0.0166666666666666
0.00014756409743610003,0.0166666666666666
0.0001475740970361,0.0166666666666666
0.00014758409663610003,0.0
0.0001475940962361,0.0166666666666666
0.00014760409583610003,0.0166666666666666
0.0001476140954361,0.0
0.0001476240950362,0.0
0.00014763409463620003,0.0166666666666666
0.0001476440942362,0.0166666666666666
0.00014765409383620003,0.0
0.0001476640934362,0.0166666666666666
0.00014767409303620004,0.0
0.00014768409263630003,0.0
0.0001476940922363,0.0166666666666666
0.00014770409183630003,0.0
0.0001477140914363,0.0
0.00014772409103630004,0.0166666666666666
0.0001477340906363,0.0166666666666666
0.0001477440902364,0.0166666666666666
0.00014775408983640003,0.0166666666666666
0.0001477640894364,0.0
0.00014777408903640004,0.0166666666666666
0.0001477840886364,0.0166666666666666
0.00014779408823640004,0.0
0.00014780408783650003,0.0166666666666666
0.0001478140874365,0.0166666666666666
0.00014782408703650004,0.0166666666666666
0.0001478340866365,0.0166666666666666
0.00014784408623650004,0.0166666666666666
0.00014785408583650001,0.0166666666666666
0.00014786408543650004,0.0
0.00014787408503660004,0.0166666666666666
0.0001478840846366,0.0
0.00014789408423660004,0.0
0.00014790408383660001,0.0166666666666666
0.00014791408343660004,0.0166666666666666
0.00014792408303660002,0.0166666666666666
0.0001479340826367,0.0166666666666666
0.00014794408223670004,0.0166666666666666
0.00014795408183670001,0.0166666666666666
0.00014796408143670004,0.0
0.00014797408103670002,0.0
0.0001479840806367,0.0
0.00014799408023680004,0.0
0.00014800407983680001,0.0166666666666666
0.00014801407943680004,0.0166666666666666
0.00014802407903680002,0.0166666666666666
0.0001480340786368,0.0
0.00014804407823680002,0.0166666666666666
0.00014805407783690001,0.0166666666666666
0.00014806407743690004,0.0166666666666666
0.00014807407703690002,0.0166666666666666
0.0001480840766369,0.0166666666666666
0.00014809407623690002,0.0166666666666666
0.0001481040758369,0.0166666666666666
0.00014811407543690002,0.0166666666666666
0.00014812407503700002,0.0166666666666666
0.000148134074637,0.0166666666666666
0.00014814407423700002,0.0166666666666666
0.000148154073837,0.0166666666666666
0.00014816407343700002,0.0166666666666666
0.000148174073037,0.0166666666666666
0.0001481840726371,0.0
0.00014819407223710002,0.0166666666666666
0.0001482040718371,0.0
0.00014821407143710002,0.0166666666666666
0.0001482240710371,0.0
0.00014823407063710003,0.0
0.00014824407023720002,0.0
0.0001482540698372,0.0166666666666666
0.00014826406943720002,0.0166666666666666
0.0001482740690372,0.0
0.00014828406863720003,0.0166666666666666
0.0001482940682372,0.0166666666666666
0.0001483040678373,0.0166666666666666
0.00014831406743730002,0.0166666666666666
0.0001483240670373,0.0
0.00014833406663730003,0.0166666666666666
0.0001483440662373,0.0166666666666666
0.00014835406583730003,0.0166666666666666
0.0001483640654373,0.0166666666666666
0.0001483740650374,0.0166666666666666
0.00014838406463740003,0.0
0.0001483940642374,0.0166666666666666
0.00014840406383740003,0.0166666666666666
0.0001484140634374,0.0166666666666666
0.00014842406303740003,0.0
0.00014843406263750003,0.0166666666666666
0.0001484440622375,0.0166666666666666
0.00014845406183750003,0.0166666666666666
0.0001484640614375,0.0
0.00014847406103750003,0.0166666666666666
0.0001484840606375,0.0166666666666666
0.0001484940602376,0.0
0.00014850405983760003,0.0166666666666666
0.0001485140594376,0.0166666666666666
0.00014852405903760003,0.0166666666666666
0.0001485340586376,0.0166666666666666
0.00014854405823760004,0.0166666666666666
0.00014855405783770003,0.0
0.0001485640574377,0.0166666666666666
0.00014857405703770003,0.0166666666666666
0.0001485840566377,0.0
0.00014859405623770004,0.0166666666666666
0.0001486040558377,0.0166666666666666
0.00014861405543770004,0.0166666666666666
0.00014862405503780003,0.0166666666666666
0.0001486340546378,0.0166666666666666
0.00014864405423780004,0.0166666666666666
0.0001486540538378,0.0166666666666666
0.00014866405343780004,0.0166666666666666
0.00014867405303780002,0.0166666666666666
0.0001486840526379,0.0
0.00014869405223790004,0.0
0.0001487040518379,0.0166666666666666
0.00014871405143790004,0.0166666666666666
0.00014872405103790002,0.0166666666666666
0.0001487340506379,0.0166666666666666
0.00014874405023800004,0.0166666666666666
0.000148754049838,0.0166666666666666
0.00014876404943800004,0.0166666666666666
0.00014877404903800002,0.0
0.000148784048638,0.0166666666666666
0.00014879404823800002,0.0166666666666666
0.0001488040478381,0.0
0.00014881404743810004,0.0166666666666666
0.00014882404703810002,0.0166666666666666
0.0001488340466381,0.0166666666666666
0.00014884404623810002,0.0166666666666666
0.0001488540458381,0.0166666666666666
0.00014886404543810002,0.0
0.00014887404503820001,0.0
0.00014888404463820004,0.0
0.00014889404423820002,0.0166666666666666
0.0001489040438382,0.0
0.00014891404343820002,0.0
0.0001489240430382,0.0166666666666666
0.00014893404263830004,0.0166666666666666
0.00014894404223830002,0.0166666666666666
0.0001489540418383,0.0166666666666666
0.00014896404143830002,0.0
0.0001489740410383,0.0166666666666666
0.00014898404063830003,0.0166666666666666
0.00014899404023840002,0.0166666666666666
0.0001490040398384,0.0166666666666666
0.00014901403943840002,0.0166666666666666
0.0001490240390384,0.0166666666666666
0.00014903403863840003,0.0166666666666666
0.0001490440382384,0.0166666666666666
0.0001490540378385,0.0166666666666666
0.00014906403743850002,0.0166666666666666
0.0001490740370385,0.0166666666666666
0.00014908403663850003,0.0
0.0001490940362385,0.0166666666666666
0.00014910403583850003,0.0
0.0001491140354385,0.0
0.0001491240350386,0.0166666666666666
0.00014913403463860002,0.0166666666666666
0.0001491440342386,0.0166666666666666
0.00014915403383860003,0.0166666666666666
0.0001491640334386,0.0
0.00014917403303860003,0.0166666666666666
0.00014918403263870002,0.0
0.0001491940322387,0.0
0.00014920403183870003,0.0166666666666666
0.0001492140314387,0.0166666666666666
0.00014922403103870003,0.0166666666666666
0.0001492340306387,0.0166666666666666
0.0001492440302388,0.0166666666666666
0.00014925402983880003,0.0166666666666666
0.0001492640294388,0.0
0.00014927402903880003,0.0166666666666666
0.0001492840286388,0.0166666666666666
0.00014929402823880004,0.0166666666666666
0.00014930402783890003,0.0
0.0001493140274389,0.0166666666666666
0.00014932402703890003,0.0166666666666666
0.0001493340266389,0.0166666666666666
0.00014934402623890004,0.0166666666666666
0.0001493540258389,0.0166666666666666
0.00014936402543890004,0.0166666666666666
0.00014937402503900003,0.0166666666666666
0.000149384024639,0.0
0.00014939402423900003,0.0
0.000149404023839,0.0166666666666666
0.00014941402343900004,0.0166666666666666
0.000149424023039,0.0166666666666666
0.0001494340226391,0.0
0.00014944402223910003,0.0
0.0001494540218391,0.0166666666666666
0.00014946402143910004,0.0166666666666666
0.0001494740210391,0.0166666666666666
0.00014948402063910004,0.0166666666666666
0.00014949402023920003,0.0166666666666666
0.0001495040198392,0.0
0.00014951401943920004,0.0166666666666666
0.0001495240190392,0.0
0.00014953401863920004,0.0166666666666666
0.00014954401823920002,0.0
0.0001495540178393,0.0166666666666666
0.00014956401743930004,0.0
0.0001495740170393,0.0166666666666666
0.00014958401663930004,0.0166666666666666
0.00014959401623930002,0.0166666666666666
0.0001496040158393,0.0166666666666666
0.00014961401543930002,0.0166666666666666
0.0001496240150394,0.0166666666666666
0.00014963401463940004,0.0166666666666666
0.00014964401423940002,0.0166666666666666
0.0001496540138394,0.0166666666666666
0.00014966401343940002,0.0166666666666666
0.0001496740130394,0.0166666666666666
0.00014968401263950004,0.0166666666666666
0.00014969401223950002,0.0166666666666666
0.0001497040118395,0.0166666666666666
0.00014971401143950002,0.0166666666666666
0.0001497240110395,0.0166666666666666
0.00014973401063950002,0.0166666666666666
0.00014974401023960002,0.0166666666666666
0.0001497540098396,0.0166666666666666
0.00014976400943960002,0.0166666666666666
0.0001497740090396,0.0166666666666666
0.00014978400863960002,0.0
0.0001497940082396,0.0
0.0001498040078397,0.0
0.00014981400743970002,0.0166666666666666
0.0001498240070397,0.0166666666666666
0.00014983400663970002,0.0
0.0001498440062397,0.0166666666666666
0.00014985400583970003,0.0166666666666666
0.0001498640054397,0.0166666666666666
0.0001498740050398,0.0166666666666666
0.00014988400463980002,0.0166666666666666
0.0001498940042398,0.0166666666666666
0.00014990400383980003,0.0166666666666666
0.0001499140034398,0.0166666666666666
0.00014992400303980003,0.0
0.00014993400263990002,0.0166666666666666
0.0001499440022399,0.0166666666666666
0.00014995400183990003,0.0166666666666666
0.0001499640014399,0.0166666666666666
0.00014997400103990003,0.0166666666666666
0.0001499840006399,0.0166666666666666
0.00014999400024,0.0
0.00015000399984000003,0.0166666666666666
0.00015001399944,0.0166666666666666
0.00015002399904000003,0.0166666666666666
0.00015003399864,0.0166666666666666
0.00015004399824000003,0.0
0.00015005399784010003,0.0166666666666666
0.0001500639974401,0.0
0.00015007399704010003,0.0
0.0001500839966401,0.0166666666666666
0.00015009399624010003,0.0
0.0001501039958401,0.0166666666666666
0.00015011399544010004,0.0
0.00015012399504020003,0.0166666666666666
0.0001501339946402,0.0166666666666666
0.00015014399424020003,0.0166666666666666
0.0001501539938402,0.0
0.00015016399344020004,0.0166666666666666
0.0001501739930402,0.0166666666666666
0.0001501839926403,0.0166666666666666
0.00015019399224030003,0.0166666666666666
0.0001502039918403,0.0166666666666666
0.00015021399144030004,0.0166666666666666
0.0001502239910403,0.0166666666666666
0.00015023399064030004,0.0166666666666666
0.00015024399024040003,0.0166666666666666
0.0001502539898404,0.0166666666666666
0.00015026398944040004,0.0166666666666666
0.0001502739890404,0.0166666666666666
0.00015028398864040004,0.0166666666666666
0.00015029398824040001,0.0166666666666666
0.0001503039878405,0.0
0.00015031398744050004,0.0
0.0001503239870405,0.0166666666666666
0.00015033398664050004,0.0
0.00015034398624050001,0.0166666666666666
0.00015035398584050004,0.0
0.00015036398544050002,0.0166666666666666
0.0001503739850406,0.0166666666666666
0.00015038398464060004,0.0166666666666666
0.0001503939842406,0.0166666666666666
0.00015040398384060004,0.0
0.00015041398344060002,0.0166666666666666
0.0001504239830406,0.0166666666666666
0.00015043398264070004,0.0166666666666666
0.0001504439822407,0.0166666666666666
0.00015045398184070004,0.0166666666666666
0.00015046398144070002,0.0166666666666666
0.0001504739810407,0.0166666666666666
0.00015048398064070002,0.0
0.0001504939802408,0.0166666666666666
0.00015050397984080004,0.0166666666666666
0.00015051397944080002,0.0166666666666666
0.0001505239790408,0.0166666666666666
0.00015053397864080002,0.0166666666666666
0.0001505439782408,0.0166666666666666
0.00015055397784090004,0.0166666666666666
0.00015056397744090002,0.0166666666666666
0.0001505739770409,0.0166666666666666
0.00015058397664090002,0.0166666666666666
0.0001505939762409,0.0166666666666666
0.00015060397584090002,0.0166666666666666
0.0001506139754409,0.0
0.000150623975041,0.0
0.00015063397464100002,0.0
0.000150643974241,0.0
0.00015065397384100002,0.0166666666666666
0.000150663973441,0.0166666666666666
0.00015067397304100003,0.0166666666666666
0.00015068397264110002,0.0
0.0001506939722411,0.0166666666666666
0.00015070397184110002,0.0
0.0001507139714411,0.0
0.00015072397104110003,0.0166666666666666
0.0001507339706411,0.0166666666666666
0.0001507439702412,0.0166666666666666
0.00015075396984120002,0.0166666666666666
0.0001507639694412,0.0
0.00015077396904120003,0.0166666666666666
0.0001507839686412,0.0166666666666666
0.00015079396824120003,0.0166666666666666
0.00015080396784130002,0.0333333333333332
0.0001508139674413,0.0333333333333332
0.00015082396704130003,0.0
0.0001508339666413,0.0
0.00015084396624130003,0.0
0.0001508539658413,0.0166666666666666
0.00015086396544130003,0.0166666666666666
0.00015087396504140003,0.0166666666666666
0.0001508839646414,0.0166666666666666
0.00015089396424140003,0.0
0.0001509039638414,0.0166666666666666
0.00015091396344140003,0.0166666666666666
0.0001509239630414,0.0166666666666666
0.0001509339626415,0.0166666666666666
0.00015094396224150003,0.0
0.0001509539618415,0.0
0.00015096396144150003,0.0166666666666666
0.0001509739610415,0.0166666666666666
0.00015098396064150004,0.0166666666666666
0.00015099396024160003,0.0166666666666666
0.0001510039598416,0.0166666666666666
0.00015101395944160003,0.0
0.0001510239590416,0.0166666666666666
0.00015103395864160004,0.0166666666666666
0.0001510439582416,0.0166666666666666
0.0001510539578417,0.0
0.00015106395744170003,0.0166666666666666
0.0001510739570417,0.0166666666666666
0.00015108395664170004,0.0166666666666666
0.0001510939562417,0.0
0.00015110395584170004,0.0
0.00015111395544170001,0.0166666666666666
0.0001511239550418,0.0166666666666666
0.00015113395464180004,0.0
0.0001511439542418,0.0
0.00015115395384180004,0.0166666666666666
0.00015116395344180001,0.0
0.00015117395304180004,0.0166666666666666
0.00015118395264190004,0.0166666666666666
0.0001511939522419,0.0166666666666666
0.00015120395184190004,0.0166666666666666
0.00015121395144190001,0.0166666666666666
0.00015122395104190004,0.0166666666666666
0.00015123395064190002,0.0166666666666666
0.000151243950242,0.0166666666666666
0.00015125394984200004,0.0166666666666666
0.00015126394944200001,0.0166666666666666
0.00015127394904200004,0.0166666666666666
0.00015128394864200002,0.0
0.000151293948242,0.0166666666666666
0.00015130394784210004,0.0166666666666666
0.00015131394744210001,0.0166666666666666
0.00015132394704210004,0.0166666666666666
0.00015133394664210002,0.0166666666666666
0.0001513439462421,0.0166666666666666
0.00015135394584210002,0.0166666666666666
0.0001513639454421,0.0
0.00015137394504220004,0.0166666666666666
0.00015138394464220002,0.0
0.0001513939442422,0.0166666666666666
0.00015140394384220002,0.0166666666666666
0.0001514139434422,0.0166666666666666
0.00015142394304220002,0.0166666666666666
0.00015143394264230002,0.0
0.0001514439422423,0.0166666666666666
0.00015145394184230002,0.0166666666666666
0.0001514639414423,0.0166666666666666
0.00015147394104230002,0.0
0.0001514839406423,0.0166666666666666
0.0001514939402424,0.0166666666666666
0.00015150393984240002,0.0166666666666666
0.0001515139394424,0.0166666666666666
0.00015152393904240002,0.0166666666666666
0.0001515339386424,0.0
0.00015154393824240003,0.0
0.00015155393784250002,0.0166666666666666
0.0001515639374425,0.0166666666666666
0.00015157393704250002,0.0166666666666666
0.0001515839366425,0.0166666666666666
0.00015159393624250003,0.0
0.0001516039358425,0.0
0.00015161393544250003,0.0166666666666666
0.00015162393504260002,0.0
0.0001516339346426,0.0166666666666666
0.00015164393424260003,0.0166666666666666
0.0001516539338426,0.0
0.00015166393344260003,0.0
0.0001516739330426,0.0166666666666666
0.0001516839326427,0.0
0.00015169393224270003,0.0166666666666666
0.0001517039318427,0.0166666666666666
0.00015171393144270003,0.0166666666666666
0.0001517239310427,0.0166666666666666
0.00015173393064270003,0.0166666666666666
0.00015174393024280003,0.0166666666666666
0.0001517539298428,0.0166666666666666
0.00015176392944280003,0.0166666666666666
0.0001517739290428,0.0166666666666666
0.00015178392864280003,0.0166666666666666
0.0001517939282428,0.0166666666666666
0.0001518039278429,0.0166666666666666
0.00015181392744290003,0.0166666666666666
0.0001518239270429,0.0
0.00015183392664290003,0.0166666666666666
0.0001518439262429,0.0
0.00015185392584290004,0.0166666666666666
0.0001518639254429,0.0166666666666666
0.000151873925043,0.0166666666666666
0.00015188392464300003,0.0166666666666666
0.000151893924243,0.0166666666666666
0.00015190392384300004,0.0166666666666666
0.000151913923443,0.0166666666666666
0.00015192392304300004,0.0166666666666666
0.00015193392264310003,0.0166666666666666
0.0001519439222431,0.0
0.00015195392184310004,0.0
0.0001519639214431,0.0166666666666666
0.00015197392104310004,0.0166666666666666
0.00015198392064310002,0.0166666666666666
0.0001519939202432,0.0166666666666666
0.00015200391984320004,0.0166666666666666
0.0001520139194432,0.0166666666666666
0.00015202391904320004,0.0
0.00015203391864320002,0.0166666666666666
0.0001520439182432,0.0166666666666666
0.00015205391784330004,0.0166666666666666
0.0001520639174433,0.0166666666666666
0.00015207391704330004,0.0166666666666666
0.00015208391664330002,0.0
0.0001520939162433,0.0166666666666666
0.00015210391584330002,0.0166666666666666
0.0001521139154433,0.0166666666666666
0.00015212391504340004,0.0
0.00015213391464340001,0.0
0.0001521439142434,0.0166666666666666
0.00015215391384340002,0.0166666666666666
0.0001521639134434,0.0166666666666666
0.00015217391304340002,0.0166666666666666
0.00015218391264350001,0.0166666666666666
0.00015219391224350004,0.0166666666666666
0.00015220391184350002,0.0166666666666666
0.0001522139114435,0.0166666666666666
0.00015222391104350002,0.0
0.0001522339106435,0.0166666666666666
0.00015224391024360004,0.0
0.00015225390984360002,0.0166666666666666
0.0001522639094436,0.0
0.00015227390904360002,0.0
0.0001522839086436,0.0166666666666666
0.00015229390824360003,0.0
0.00015230390784370002,0.0166666666666666
0.0001523139074437,0.0166666666666666
0.00015232390704370002,0.0166666666666666
0.0001523339066437,0.0
0.00015234390624370003,0.0166666666666666
0.0001523539058437,0.0166666666666666
0.00015236390544370003,0.0166666666666666
0.00015237390504380002,0.0166666666666666
0.0001523839046438,0.0
0.00015239390424380003,0.0
0.0001524039038438,0.0166666666666666
0.00015241390344380003,0.0166666666666666
0.0001524239030438,0.0166666666666666
0.0001524339026439,0.0
0.00015244390224390002,0.0166666666666666
0.0001524539018439,0.0
0.00015246390144390003,0.0
0.0001524739010439,0.0166666666666666
0.00015248390064390003,0.0
0.00015249390024400002,0.0
0.000152503899844,0.0166666666666666
0.00015251389944400003,0.0166666666666666
0.000152523899044,0.0166666666666666
0.00015253389864400003,0.0166666666666666
0.000152543898244,0.0166666666666666
0.0001525538978441,0.0166666666666666
0.00015256389744410003,0.0166666666666666
0.0001525738970441,0.0166666666666666
0.00015258389664410003,0.0
0.0001525938962441,0.0166666666666666
0.00015260389584410004,0.0166666666666666
0.0001526138954441,0.0166666666666666
0.0001526238950442,0.0166666666666666
0.00015263389464420003,0.0166666666666666
0.0001526438942442,0.0166666666666666
0.00015265389384420004,0.0166666666666666
0.0001526638934442,0.0
0.00015267389304420004,0.0
0.00015268389264430003,0.0166666666666666
0.0001526938922443,0.0166666666666666
0.00015270389184430003,0.0
0.0001527138914443,0.0166666666666666
0.00015272389104430004,0.0166666666666666
0.0001527338906443,0.0166666666666666
0.0001527438902444,0.0166666666666666
0.00015275388984440003,0.0
0.0001527638894444,0.0166666666666666
0.00015277388904440004,0.0166666666666666
0.0001527838886444,0.0166666666666666
0.00015279388824440004,0.0166666666666666
0.00015280388784450003,0.0166666666666666
0.0001528138874445,0.0166666666666666
0.00015282388704450004,0.0
0.0001528338866445,0.0166666666666666
0.00015284388624450004,0.0
0.00015285388584450002,0.0
0.0001528638854445,0.0166666666666666
0.00015287388504460004,0.0
0.0001528838846446,0.0166666666666666
0.00015289388424460004,0.0166666666666666
0.00015290388384460002,0.0
0.0001529138834446,0.0166666666666666
0.00015292388304460002,0.0
0.0001529338826447,0.0166666666666666
0.00015294388224470004,0.0166666666666666
0.00015295388184470002,0.0166666666666666
0.0001529638814447,0.0166666666666666
0.00015297388104470002,0.0166666666666666
0.0001529838806447,0.0166666666666666
0.00015299388024480004,0.0
0.00015300387984480002,0.0
0.0001530138794448,0.0166666666666666
0.00015302387904480002,0.0166666666666666
0.0001530338786448,0.0166666666666666
0.00015304387824480002,0.0166666666666666
0.00015305387784490002,0.0166666666666666
0.0001530638774449,0.0
0.00015307387704490002,0.0
0.0001530838766449,0.0166666666666666
0.00015309387624490002,0.0166666666666666
0.0001531038758449,0.0166666666666666
0.00015311387544490003,0.0166666666666666
0.00015312387504500002,0.0
0.000153133874645,0.0166666666666666
0.00015314387424500002,0.0166666666666666
0.000153153873845,0.0166666666666666
0.00015316387344500003,0.0166666666666666
0.000153173873045,0.0166666666666666
0.0001531838726451,0.0166666666666666
0.00015319387224510002,0.0166666666666666
0.0001532038718451,0.0166666666666666
0.00015321387144510003,0.0166666666666666
0.0001532238710451,0.0166666666666666
0.00015323387064510003,0.0166666666666666
0.00015324387024520002,0.0
0.0001532538698452,0.0166666666666666
0.00015326386944520003,0.0166666666666666
0.0001532738690452,0.0166666666666666
0.00015328386864520003,0.0
0.0001532938682452,0.0
0.0001533038678453,0.0
0.00015331386744530003,0.0166666666666666
0.0001533238670453,0.0166666666666666
0.00015333386664530003,0.0166666666666666
0.0001533438662453,0.0166666666666666
0.00015335386584530003,0.0
0.0001533638654453,0.0166666666666666
0.0001533738650454,0.0166666666666666
0.00015338386464540003,0.0
0.0001533938642454,0.0
0.00015340386384540003,0.0166666666666666
0.0001534138634454,0.0166666666666666
0.00015342386304540004,0.0166666666666666
0.00015343386264550003,0.0166666666666666
0.0001534438622455,0.0166666666666666
0.00015345386184550003,0.0166666666666666
0.0001534638614455,0.0
0.00015347386104550004,0.0
0.0001534838606455,0.0166666666666666
0.0001534938602456,0.0166666666666666
0.00015350385984560003,0.0166666666666666
0.0001535138594456,0.0166666666666666
0.00015352385904560004,0.0166666666666666
0.0001535338586456,0.0166666666666666
0.00015354385824560004,0.0166666666666666
0.00015355385784570003,0.0166666666666666
0.0001535638574457,0.0166666666666666
0.00015357385704570004,0.0166666666666666
0.0001535838566457,0.0166666666666666
0.00015359385624570004,0.0
0.00015360385584570001,0.0166666666666666
0.00015361385544570004,0.0
0.00015362385504580004,0.0
0.0001536338546458,0.0
0.00015364385424580004,0.0
0.00015365385384580001,0.0166666666666666
0.00015366385344580004,0.0166666666666666
0.00015367385304580002,0.0166666666666666
0.0001536838526459,0.0166666666666666
0.00015369385224590004,0.0
0.0001537038518459,0.0
0.00015371385144590004,0.0166666666666666
0.00015372385104590002,0.0166666666666666
0.0001537338506459,0.0166666666666666
0.00015374385024600004,0.0166666666666666
0.000153753849846,0.0166666666666666
0.00015376384944600004,0.0
0.00015377384904600002,0.0
0.000153783848646,0.0
0.00015379384824600002,0.0166666666666666
0.0001538038478461,0.0
0.00015381384744610004,0.0166666666666666
0.00015382384704610002,0.0166666666666666
0.0001538338466461,0.0
0.00015384384624610002,0.0
0.0001538538458461,0.0166666666666666
0.00015386384544610002,0.0166666666666666
0.00015387384504620002,0.0166666666666666
0.0001538838446462,0.0
0.00015389384424620002,0.0166666666666666
0.0001539038438462,0.0
0.00015391384344620002,0.0
0.0001539238430462,0.0
0.0001539338426463,0.0166666666666666
0.00015394384224630002,0.0166666666666666
0.0001539538418463,0.0166666666666666
0.00015396384144630002,0.0
0.0001539738410463,0.0166666666666666
0.00015398384064630003,0.0166666666666666
0.00015399384024640002,0.0166666666666666
0.0001540038398464,0.0166666666666666
0.00015401383944640002,0.0166666666666666
0.0001540238390464,0.0
0.00015403383864640003,0.0166666666666666
0.0001540438382464,0.0
0.0001540538378465,0.0166666666666666
0.00015406383744650002,0.0166666666666666
0.0001540738370465,0.0166666666666666
0.00015408383664650003,0.0166666666666666
0.0001540938362465,0.0166666666666666
0.00015410383584650003,0.0
0.0001541138354465,0.0166666666666666
0.0001541238350466,0.0166666666666666
0.00015413383464660003,0.0166666666666666
0.0001541438342466,0.0
0.00015415383384660003,0.0166666666666666
0.0001541638334466,0.0166666666666666
0.00015417383304660003,0.0166666666666666
0.00015418383264670003,0.0166666666666666
0.0001541938322467,0.0166666666666666
0.00015420383184670003,0.0166666666666666
0.0001542138314467,0.0166666666666666
0.00015422383104670003,0.0166666666666666
0.0001542338306467,0.0166666666666666
0.0001542438302468,0.0166666666666666
0.00015425382984680003,0.0166666666666666
0.0001542638294468,0.0166666666666666
0.00015427382904680003,0.0166666666666666
0.0001542838286468,0.0
0.00015429382824680004,0.0166666666666666
0.00015430382784690003,0.0166666666666666
0.0001543138274469,0.0166666666666666
0.00015432382704690003,0.0
0.0001543338266469,0.0
0.00015434382624690004,0.0166666666666666
0.0001543538258469,0.0166666666666666
0.00015436382544690004,0.0
0.00015437382504700003,0.0
0.000154383824647,0.0
0.00015439382424700004,0.0166666666666666
0.000154403823847,0.0
0.00015441382344700004,0.0
0.00015442382304700001,0.0166666666666666
0.0001544338226471,0.0166666666666666
0.00015444382224710004,0.0166666666666666
0.0001544538218471,0.0166666666666666
0.00015446382144710004,0.0
0.00015447382104710001,0.0166666666666666
0.00015448382064710004,0.0166666666666666
0.00015449382024720004,0.0166666666666666
0.0001545038198472,0.0166666666666666
0.00015451381944720004,0.0
0.00015452381904720001,0.0166666666666666
0.00015453381864720004,0.0166666666666666
0.00015454381824720002,0.0166666666666666
0.0001545538178473,0.0166666666666666
0.00015456381744730004,0.0166666666666666
0.00015457381704730001,0.0
0.00015458381664730004,0.0166666666666666
0.00015459381624730002,0.0166666666666666
0.0001546038158473,0.0
0.00015461381544730002,0.0
0.00015462381504740001,0.0
0.00015463381464740004,0.0166666666666666
0.00015464381424740002,0.0
0.0001546538138474,0.0166666666666666
0.00015466381344740002,0.0166666666666666
0.0001546738130474,0.0166666666666666
0.00015468381264750004,0.0166666666666666
0.00015469381224750002,0.0166666666666666
0.0001547038118475,0.0166666666666666
0.00015471381144750002,0.0166666666666666
0.0001547238110475,0.0
0.00015473381064750002,0.0166666666666666
0.00015474381024760002,0.0166666666666666
0.0001547538098476,0.0166666666666666
0.00015476380944760002,0.0166666666666666
0.0001547738090476,0.0166666666666666
0.00015478380864760002,0.0166666666666666
0.0001547938082476,0.0166666666666666
0.0001548038078477,0.0166666666666666
0.00015481380744770002,0.0
0.0001548238070477,0.0
0.00015483380664770002,0.0166666666666666
0.0001548438062477,0.0166666666666666
0.00015485380584770003,0.0
0.0001548638054477,0.0166666666666666
0.0001548738050478,0.0166666666666666
0.00015488380464780002,0.0
0.0001548938042478,0.0
0.00015490380384780003,0.0
0.0001549138034478,0.0166666666666666
0.00015492380304780003,0.0
0.00015493380264790002,0.0166666666666666
0.0001549438022479,0.0
0.00015495380184790003,0.0166666666666666
0.0001549638014479,0.0
0.00015497380104790003,0.0166666666666666
0.0001549838006479,0.0166666666666666
0.000154993800248,0.0
0.00015500379984800003,0.0166666666666666
0.000155013799448,0.0166666666666666
0.00015502379904800003,0.0166666666666666
0.000155033798648,0.0
0.00015504379824800003,0.0
0.00015505379784810003,0.0166666666666666
0.0001550637974481,0.0166666666666666
0.00015507379704810003,0.0166666666666666
0.0001550837966481,0.0166666666666666
0.00015509379624810003,0.0166666666666666
0.0001551037958481,0.0
0.00015511379544810004,0.0
0.00015512379504820003,0.0
0.0001551337946482,0.0
0.00015514379424820003,0.0166666666666666
0.0001551537938482,0.0
0.00015516379344820004,0.0
0.0001551737930482,0.0
0.0001551837926483,0.0166666666666666
0.00015519379224830003,0.0
0.0001552037918483,0.0
0.00015521379144830004,0.0166666666666666
0.0001552237910483,0.0166666666666666
0.00015523379064830004,0.0166666666666666
0.00015524379024840003,0.0166666666666666
0.0001552537898484,0.0166666666666666
0.00015526378944840004,0.0166666666666666
0.0001552737890484,0.0166666666666666
0.00015528378864840004,0.0166666666666666
0.00015529378824840002,0.0
0.0001553037878485,0.0
0.00015531378744850004,0.0166666666666666
0.0001553237870485,0.0166666666666666
0.00015533378664850004,0.0
0.00015534378624850002,0.0166666666666666
0.0001553537858485,0.0166666666666666
0.00015536378544850002,0.0166666666666666
0.0001553737850486,0.0
0.00015538378464860004,0.0166666666666666
0.00015539378424860002,0.0166666666666666
0.0001554037838486,0.0
0.00015541378344860002,0.0166666666666666
0.0001554237830486,0.0166666666666666
0.00015543378264870004,0.0
0.00015544378224870001,0.0
0.0001554537818487,0.0166666666666666
0.00015546378144870002,0.0166666666666666
0.0001554737810487,0.0
0.00015548378064870002,0.0166666666666666
0.00015549378024880001,0.0
0.00015550377984880004,0.0166666666666666
0.00015551377944880002,0.0166666666666666
0.0001555237790488,0.0166666666666666
0.00015553377864880002,0.0166666666666666
0.0001555437782488,0.0
0.00015555377784890004,0.0166666666666666
0.00015556377744890002,0.0166666666666666
0.0001555737770489,0.0166666666666666
0.00015558377664890002,0.0166666666666666
0.0001555937762489,0.0166666666666666
0.00015560377584890003,0.0166666666666666
0.0001556137754489,0.0166666666666666
0.000155623775049,0.0
0.00015563377464900002,0.0166666666666666
0.000155643774249,0.0166666666666666
0.00015565377384900003,0.0166666666666666
0.000155663773449,0.0166666666666666
0.00015567377304900003,0.0166666666666666
0.00015568377264910002,0.0166666666666666
0.0001556937722491,0.0166666666666666
0.00015570377184910003,0.0166666666666666
0.0001557137714491,0.0166666666666666
0.00015572377104910003,0.0
0.0001557337706491,0.0166666666666666
0.0001557437702492,0.0
0.00015575376984920002,0.0
0.0001557637694492,0.0
0.00015577376904920003,0.0
0.0001557837686492,0.0
0.00015579376824920003,0.0
0.00015580376784930002,0.0166666666666666
0.0001558137674493,0.0166666666666666
0.00015582376704930003,0.0166666666666666
0.0001558337666493,0.0166666666666666
0.00015584376624930003,0.0166666666666666
0.0001558537658493,0.0166666666666666
0.00015586376544930004,0.0166666666666666
0.00015587376504940003,0.0166666666666666
0.0001558837646494,0.0166666666666666
0.00015589376424940003,0.0166666666666666
0.0001559037638494,0.0
0.00015591376344940004,0.0
0.0001559237630494,0.0
0.0001559337626495,0.0
0.00015594376224950003,0.0
0.0001559537618495,0.0
0.00015596376144950004,0.0
0.0001559737610495,0.0166666666666666
0.00015598376064950004,0.0333333333333332
0.00015599376024960003,0.0333333333333332
0.0001560037598496,0.0333333333333332
0.00015601375944960003,0.0333333333333332
0.0001560237590496,0.0333333333333332
0.00015603375864960004,0.0333333333333332
0.0001560437582496,0.0333333333333332
0.0001560537578497,0.0333333333333332
0.00015606375744970003,0.0166666666666666
0.0001560737570497,0.0
0.00015608375664970004,0.0
0.0001560937562497,0.0
0.00015610375584970004,-0.0166666666666666
0.00015611375544970002,-0.0166666666666666
0.0001561237550498,0.0
0.00015613375464980004,-0.0166666666666666
0.0001561437542498,0.0
0.00015615375384980004,0.0
0.00015616375344980002,0.0
0.0001561737530498,0.0166666666666666
0.00015618375264990004,0.0166666666666666
0.0001561937522499,0.0166666666666666
0.00015620375184990004,0.0333333333333332
0.00015621375144990002,0.0333333333333332
0.0001562237510499,0.0333333333333332
0.00015623375064990002,0.0333333333333332
0.00015624375025,0.0166666666666666
0.00015625374985000004,0.0166666666666666
0.00015626374945000002,0.0166666666666666
0.00015627374905,0.0166666666666666
0.00015628374865000002,0.0166666666666666
0.00015629374825,0.0
0.00015630374785010004,0.0
0.00015631374745010002,0.0166666666666666
0.0001563237470501,0.0
0.00015633374665010002,0.0166666666666666
0.0001563437462501,0.0166666666666666
0.00015635374585010002,0.0166666666666666
0.0001563637454501,0.0166666666666666
0.0001563737450502,0.0166666666666666
0.00015638374465020002,0.0
0.0001563937442502,0.0166666666666666
0.00015640374385020002,0.0166666666666666
0.0001564137434502,0.0
0.00015642374305020003,0.0
0.00015643374265030002,0.0166666666666666
0.0001564437422503,0.0
0.00015645374185030002,0.0
0.0001564637414503,0.0
0.00015647374105030003,0.0166666666666666
0.0001564837406503,0.0166666666666666
0.0001564937402504,0.0166666666666666
0.00015650373985040002,0.0166666666666666
0.0001565137394504,0.0166666666666666
0.00015652373905040003,0.0166666666666666
0.0001565337386504,0.0166666666666666
0.00015654373825040003,0.0166666666666666
0.00015655373785050002,0.0166666666666666
0.0001565637374505,0.0166666666666666
0.00015657373705050003,0.0
0.0001565837366505,0.0
0.00015659373625050003,0.0
0.0001566037358505,0.0166666666666666
0.00015661373545050003,0.0
0.00015662373505060003,0.0166666666666666
0.0001566337346506,0.0166666666666666
0.00015664373425060003,0.0166666666666666
0.0001566537338506,0.0
0.00015666373345060003,0.0166666666666666
0.0001566737330506,0.0166666666666666
0.0001566837326507,0.0166666666666666
0.00015669373225070003,0.0166666666666666
0.0001567037318507,0.0166666666666666
0.00015671373145070003,0.0166666666666666
0.0001567237310507,0.0
0.00015673373065070004,0.0166666666666666
0.00015674373025080003,0.0
0.0001567537298508,0.0
0.00015676372945080003,0.0
0.0001567737290508,0.0
0.00015678372865080004,0.0
0.0001567937282508,0.0
0.0001568037278509,0.0
0.00015681372745090003,0.0166666666666666
0.0001568237270509,0.0
0.00015683372665090004,0.0166666666666666
0.0001568437262509,0.0166666666666666
0.00015685372585090004,0.0333333333333332
0.00015686372545090001,0.0166666666666666
0.000156873725051,0.0333333333333332
0.00015688372465100004,0.0166666666666666
0.000156893724251,0.0166666666666666
0.00015690372385100004,0.0166666666666666
0.00015691372345100001,0.0166666666666666
0.00015692372305100004,0.0
0.00015693372265110004,0.0
0.0001569437222511,0.0
0.00015695372185110004,0.0
0.00015696372145110001,-0.0166666666666666
0.00015697372105110004,0.0
0.00015698372065110002,0.0
0.0001569937202512,0.0
0.00015700371985120004,0.0
0.0001570137194512,0.0166666666666666
0.00015702371905120004,0.0166666666666666
0.00015703371865120002,0.0166666666666666
0.0001570437182512,0.0166666666666666
0.00015705371785130004,0.0166666666666666
0.0001570637174513,0.0166666666666666
0.00015707371705130004,0.0166666666666666
0.00015708371665130002,0.0166666666666666
0.0001570937162513,0.0166666666666666
0.00015710371585130002,0.0
0.0001571137154513,0.0166666666666666
0.00015712371505140004,0.0
0.00015713371465140002,0.0
0.0001571437142514,0.0
0.00015715371385140002,0.0
0.0001571637134514,0.0
0.00015717371305140002,0.0
0.00015718371265150002,0.0
0.0001571937122515,0.0166666666666666
0.00015720371185150002,0.0
0.0001572137114515,0.0
0.00015722371105150002,0.0166666666666666
0.0001572337106515,0.0166666666666666
0.0001572437102516,0.0333333333333332
0.00015725370985160002,0.0166666666666666
0.0001572637094516,0.0166666666666666
0.00015727370905160002,0.0166666666666666
0.0001572837086516,0.0
0.00015729370825160003,0.0166666666666666
0.00015730370785170002,0.0
0.0001573137074517,0.0166666666666666
0.00015732370705170002,0.0
0.0001573337066517,0.0
0.00015734370625170003,0.0
0.0001573537058517,0.0
0.00015736370545170003,0.0166666666666666
0.00015737370505180002,0.0
0.0001573837046518,0.0
0.00015739370425180003,0.0166666666666666
0.0001574037038518,0.0166666666666666
0.00015741370345180003,0.0166666666666666
0.0001574237030518,0.0166666666666666
0.0001574337026519,0.0166666666666666
0.00015744370225190003,0.0166666666666666
0.0001574537018519,0.0166666666666666
0.00015746370145190003,0.0166666666666666
0.0001574737010519,0.0
0.00015748370065190003,0.0
0.00015749370025200003,0.0
0.000157503699852,0.0
0.00015751369945200003,0.0
0.000157523699052,0.0
0.00015753369865200003,0.0
0.000157543698252,0.0
0.0001575536978521,0.0166666666666666
0.00015756369745210003,0.0166666666666666
0.0001575736970521,0.0166666666666666
0.00015758369665210003,0.0166666666666666
0.0001575936962521,0.0166666666666666
0.00015760369585210004,0.0166666666666666
0.0001576136954521,0.0166666666666666
0.0001576236950522,0.0166666666666666
0.00015763369465220003,0.0166666666666666
0.0001576436942522,0.0166666666666666
0.00015765369385220004,0.0166666666666666
0.0001576636934522,0.0
0.00015767369305220004,0.0
0.00015768369265230003,0.0
0.0001576936922523,0.0166666666666666
0.00015770369185230004,0.0
0.0001577136914523,0.0
0.00015772369105230004,0.0166666666666666
0.00015773369065230001,0.0
0.0001577436902524,0.0166666666666666
0.00015775368985240004,0.0
0.0001577636894524,0.0166666666666666
0.00015777368905240004,0.0166666666666666
0.00015778368865240001,0.0166666666666666
0.00015779368825240004,0.0166666666666666
0.00015780368785250004,0.0166666666666666
0.0001578136874525,0.0166666666666666
0.00015782368705250004,0.0166666666666666
0.00015783368665250001,0.0166666666666666
0.00015784368625250004,0.0166666666666666
0.00015785368585250002,0.0166666666666666
0.0001578636854525,0.0166666666666666
0.00015787368505260004,0.0
0.00015788368465260001,0.0
0.00015789368425260004,0.0
0.00015790368385260002,0.0166666666666666
0.0001579136834526,0.0
0.00015792368305260002,0.0166666666666666
0.00015793368265270001,0.0
0.00015794368225270004,0.0
0.00015795368185270002,0.0166666666666666
0.0001579636814527,0.0166666666666666
0.00015797368105270002,0.0166666666666666
0.0001579836806527,0.0
0.00015799368025280004,0.0166666666666666
0.00015800367985280002,0.0166666666666666
0.0001580136794528,0.0166666666666666
0.00015802367905280002,0.0166666666666666
0.0001580336786528,0.0166666666666666
0.00015804367825280002,0.0166666666666666
0.00015805367785290002,0.0
0.0001580636774529,0.0166666666666666
0.00015807367705290002,0.0
0.0001580836766529,0.0166666666666666
0.00015809367625290002,0.0
0.0001581036758529,0.0
0.00015811367545290003,0.0166666666666666
0.00015812367505300002,0.0
0.000158133674653,0.0
0.00015814367425300002,0.0
0.000158153673853,0.0166666666666666
0.00015816367345300003,0.0
0.000158173673053,0.0166666666666666
0.0001581836726531,0.0166666666666666
0.00015819367225310002,0.0166666666666666
0.0001582036718531,0.0166666666666666
0.00015821367145310003,0.0166666666666666
0.0001582236710531,0.0166666666666666
0.00015823367065310003,0.0166666666666666
0.00015824367025320002,0.0166666666666666
0.0001582536698532,0.0166666666666666
0.00015826366945320003,0.0166666666666666
0.0001582736690532,0.0
0.00015828366865320003,0.0
0.0001582936682532,0.0
0.0001583036678533,0.0
0.00015831366745330003,0.0166666666666666
0.0001583236670533,0.0166666666666666
0.00015833366665330003,0.0166666666666666
0.0001583436662533,0.0166666666666666
0.00015835366585330003,0.0166666666666666
0.0001583636654533,0.0166666666666666
0.0001583736650534,0.0166666666666666
0.00015838366465340003,0.0166666666666666
0.0001583936642534,0.0166666666666666
0.00015840366385340003,0.0
0.0001584136634534,0.0166666666666666
0.00015842366305340004,0.0166666666666666
0.00015843366265350003,0.0166666666666666
0.0001584436622535,0.0166666666666666
0.00015845366185350003,0.0166666666666666
0.0001584636614535,0.0166666666666666
0.00015847366105350004,0.0166666666666666
0.0001584836606535,0.0
0.0001584936602536,0.0166666666666666
0.00015850365985360003,0.0
0.0001585136594536,0.0166666666666666
0.00015852365905360004,0.0
0.0001585336586536,0.0
0.00015854365825360004,0.0166666666666666
0.00015855365785370003,0.0166666666666666
0.0001585636574537,0.0
0.00015857365705370004,0.0166666666666666
0.0001585836566537,0.0166666666666666
0.00015859365625370004,0.0166666666666666
0.00015860365585370002,0.0166666666666666
0.0001586136554537,0.0166666666666666
0.00015862365505380004,0.0166666666666666
0.0001586336546538,0.0
0.00015864365425380004,0.0166666666666666
0.00015865365385380002,0.0166666666666666
0.0001586636534538,0.0
0.00015867365305380002,0.0
0.0001586836526539,0.0
0.00015869365225390004,0.0
0.00015870365185390002,0.0166666666666666
0.0001587136514539,0.0
0.00015872365105390002,0.0
0.0001587336506539,0.0166666666666666
0.00015874365025400004,0.0166666666666666
0.00015875364985400001,0.0
0.000158763649454,0.0166666666666666
0.00015877364905400002,0.0166666666666666
0.000158783648654,0.0166666666666666
0.00015879364825400002,0.0166666666666666
0.00015880364785410001,0.0166666666666666
0.00015881364745410004,0.0166666666666666
0.00015882364705410002,0.0
0.0001588336466541,0.0166666666666666
0.00015884364625410002,0.0166666666666666
0.0001588536458541,0.0166666666666666
0.00015886364545410003,0.0166666666666666
0.00015887364505420002,0.0
0.0001588836446542,0.0
0.00015889364425420002,0.0
0.0001589036438542,0.0
0.00015891364345420003,0.0166666666666666
0.0001589236430542,0.0166666666666666
0.0001589336426543,0.0166666666666666
0.00015894364225430002,0.0
0.0001589536418543,0.0166666666666666
0.00015896364145430003,0.0166666666666666
0.0001589736410543,0.0166666666666666
0.00015898364065430003,0.0
0.00015899364025440002,0.0166666666666666
0.0001590036398544,0.0166666666666666
0.00015901363945440003,0.0
0.0001590236390544,0.0166666666666666
0.00015903363865440003,0.0166666666666666
0.0001590436382544,0.0
0.0001590536378545,0.0166666666666666
0.00015906363745450002,0.0166666666666666
0.0001590736370545,0.0166666666666666
0.00015908363665450003,0.0
0.0001590936362545,0.0166666666666666
0.00015910363585450003,0.0
0.0001591136354545,0.0166666666666666
0.0001591236350546,0.0166666666666666
0.00015913363465460003,0.0166666666666666
0.0001591436342546,0.0166666666666666
0.00015915363385460003,0.0166666666666666
0.0001591636334546,0.0166666666666666
0.00015917363305460004,0.0166666666666666
0.00015918363265470003,0.0
0.0001591936322547,0.0166666666666666
0.00015920363185470003,0.0166666666666666
0.0001592136314547,0.0166666666666666
0.00015922363105470004,0.0166666666666666
0.0001592336306547,0.0
0.0001592436302548,0.0166666666666666
0.00015925362985480003,0.0
0.0001592636294548,0.0
0.00015927362905480004,0.0166666666666666
0.0001592836286548,0.0
0.00015929362825480004,0.0
0.00015930362785490003,0.0166666666666666
0.0001593136274549,0.0166666666666666
0.00015932362705490003,0.0
0.0001593336266549,0.0166666666666666
0.00015934362625490004,0.0166666666666666
0.0001593536258549,0.0166666666666666
0.00015936362545490004,0.0166666666666666
0.00015937362505500003,0.0166666666666666
0.000159383624655,0.0166666666666666
0.00015939362425500004,0.0166666666666666
0.000159403623855,0.0166666666666666
0.00015941362345500004,0.0166666666666666
0.00015942362305500002,0.0166666666666666
0.0001594336226551,0.0166666666666666
0.00015944362225510004,0.0166666666666666
0.0001594536218551,0.0
0.00015946362145510004,0.0166666666666666
0.00015947362105510002,0.0166666666666666
0.0001594836206551,0.0
0.00015949362025520004,0.0
0.0001595036198552,0.0
0.00015951361945520004,0.0
0.00015952361905520002,0.0
0.0001595336186552,0.0
0.00015954361825520002,0.0166666666666666
0.0001595536178553,0.0
0.00015956361745530004,0.0166666666666666
0.00015957361705530002,0.0166666666666666
0.0001595836166553,0.0
0.00015959361625530002,0.0166666666666666
0.0001596036158553,0.0166666666666666
0.00015961361545530002,0.0166666666666666
0.00015962361505540002,0.0
0.0001596336146554,0.0166666666666666
0.00015964361425540002,0.0166666666666666
0.0001596536138554,0.0166666666666666
0.00015966361345540002,0.0166666666666666
0.0001596736130554,0.0166666666666666
0.0001596836126555,0.0166666666666666
0.00015969361225550002,0.0166666666666666
0.0001597036118555,0.0
0.00015971361145550002,0.0166666666666666
0.0001597236110555,0.0
0.00015973361065550003,0.0
0.00015974361025560002,0.0166666666666666
0.0001597536098556,0.0166666666666666
0.00015976360945560002,0.0166666666666666
0.0001597736090556,0.0
0.00015978360865560003,0.0
0.0001597936082556,0.0166666666666666
0.0001598036078557,0.0
0.00015981360745570002,0.0
0.0001598236070557,0.0
0.00015983360665570003,0.0
0.0001598436062557,0.0166666666666666
0.00015985360585570003,0.0166666666666666
0.0001598636054557,0.0
0.0001598736050558,0.0166666666666666
0.00015988360465580003,0.0166666666666666
0.0001598936042558,0.0166666666666666
0.00015990360385580003,0.0166666666666666
0.0001599136034558,0.0
0.00015992360305580003,0.0166666666666666
0.00015993360265590003,0.0166666666666666
0.0001599436022559,0.0
0.00015995360185590003,0.0
0.0001599636014559,0.0166666666666666
0.00015997360105590003,0.0166666666666666
0.0001599836006559,0.0
0.000159993600256,0.0
0.00016000359985600003,0.0
0.000160013599456,0.0
0.00016002359905600003,0.0166666666666666
0.000160033598656,0.0
0.00016004359825600004,0.0166666666666666
0.00016005359785610003,0.0166666666666666
0.0001600635974561,0.0166666666666666
0.00016007359705610003,0.0166666666666666
0.0001600835966561,0.0166666666666666
0.00016009359625610004,0.0
0.0001601035958561,0.0166666666666666
0.00016011359545610004,0.0166666666666666
0.00016012359505620003,0.0166666666666666
0.0001601335946562,0.0166666666666666
0.00016014359425620004,0.0
0.0001601535938562,0.0
0.00016016359345620004,0.0166666666666666
0.00016017359305620001,0.0166666666666666
0.0001601835926563,0.0
0.00016019359225630004,0.0166666666666666
0.0001602035918563,0.0166666666666666
0.00016021359145630004,0.0
0.00016022359105630001,0.0166666666666666
0.00016023359065630004,0.0
0.00016024359025640004,0.0166666666666666
0.0001602535898564,0.0166666666666666
0.00016026358945640004,0.0
0.00016027358905640001,0.0
0.00016028358865640004,0.0
0.00016029358825640002,0.0166666666666666
0.0001603035878565,0.0
0.00016031358745650004,0.0166666666666666
0.0001603235870565,0.0166666666666666
0.00016033358665650004,0.0166666666666666
0.00016034358625650002,0.0
0.0001603535858565,0.0
0.00016036358545650002,0.0166666666666666
0.0001603735850566,0.0166666666666666
0.00016038358465660004,0.0166666666666666
0.00016039358425660002,0.0
0.0001604035838566,0.0166666666666666
0.00016041358345660002,0.0166666666666666
0.0001604235830566,0.0
0.00016043358265670004,0.0
0.00016044358225670002,0.0166666666666666
0.0001604535818567,0.0
0.00016046358145670002,0.0
0.0001604735810567,0.0
0.00016048358065670002,0.0166666666666666
0.00016049358025680002,0.0166666666666666
0.0001605035798568,0.0166666666666666
0.00016051357945680002,0.0166666666666666
0.0001605235790568,0.0166666666666666
0.00016053357865680002,0.0
0.0001605435782568,0.0166666666666666
0.0001605535778569,0.0166666666666666
0.00016056357745690002,0.0
0.0001605735770569,0.0166666666666666
0.00016058357665690002,0.0
0.0001605935762569,0.0
0.00016060357585690003,0.0166666666666666
0.0001606135754569,0.0
0.000160623575057,0.0
0.00016063357465700002,0.0
0.000160643574257,0.0166666666666666
0.00016065357385700003,0.0
0.000160663573457,0.0
0.00016067357305700003,0.0166666666666666
0.00016068357265710002,0.0166666666666666
0.0001606935722571,0.0
0.00016070357185710003,0.0166666666666666
0.0001607135714571,0.0166666666666666
0.00016072357105710003,0.0
0.0001607335706571,0.0166666666666666
0.0001607435702572,0.0166666666666666
0.00016075356985720003,0.0166666666666666
0.0001607635694572,0.0
0.00016077356905720003,0.0166666666666666
0.0001607835686572,0.0166666666666666
0.00016079356825720003,0.0
0.00016080356785730003,0.0166666666666666
0.0001608135674573,0.0
0.00016082356705730003,0.0
0.0001608335666573,0.0166666666666666
0.00016084356625730003,0.0166666666666666
0.0001608535658573,0.0
0.00016086356545730004,0.0166666666666666
0.00016087356505740003,0.0166666666666666
0.0001608835646574,0.0
0.00016089356425740003,0.0
0.0001609035638574,0.0166666666666666
0.00016091356345740004,0.0166666666666666
0.0001609235630574,0.0
0.0001609335626575,0.0166666666666666
0.00016094356225750003,0.0166666666666666
0.0001609535618575,0.0166666666666666
0.00016096356145750004,0.0166666666666666
0.0001609735610575,0.0166666666666666
0.00016098356065750004,0.0
0.00016099356025760003,0.0166666666666666
0.0001610035598576,0.0166666666666666
0.00016101355945760004,0.0
0.0001610235590576,0.0166666666666666
0.00016103355865760004,0.0166666666666666
0.00016104355825760001,0.0166666666666666
0.0001610535578577,0.0166666666666666
0.00016106355745770004,0.0166666666666666
0.0001610735570577,0.0
0.00016108355665770004,0.0166666666666666
0.00016109355625770001,0.0
0.00016110355585770004,0.0
0.00016111355545770002,0.0166666666666666
0.0001611235550578,0.0
0.00016113355465780004,0.0166666666666666
0.00016114355425780001,0.0
0.00016115355385780004,0.0166666666666666
0.00016116355345780002,0.0166666666666666
0.0001611735530578,0.0166666666666666
0.00016118355265790004,0.0
0.00016119355225790001,0.0166666666666666
0.00016120355185790004,0.0
0.00016121355145790002,0.0
0.0001612235510579,0.0166666666666666
0.00016123355065790002,0.0166666666666666
0.00016124355025800001,0.0166666666666666
0.00016125354985800004,0.0166666666666666
0.00016126354945800002,0.0
0.000161273549058,0.0
0.00016128354865800002,0.0166666666666666
0.000161293548258,0.0166666666666666
0.00016130354785810004,0.0166666666666666
0.00016131354745810002,0.0166666666666666
0.0001613235470581,0.0166666666666666
0.00016133354665810002,0.0
0.0001613435462581,0.0166666666666666
0.00016135354585810002,0.0166666666666666
0.0001613635454581,0.0166666666666666
0.0001613735450582,0.0166666666666666
0.00016138354465820002,0.0166666666666666
0.0001613935442582,0.0166666666666666
0.00016140354385820002,0.0
0.0001614135434582,0.0
0.00016142354305820003,0.0
0.00016143354265830002,0.0166666666666666
0.0001614435422583,0.0166666666666666
0.00016145354185830002,0.0166666666666666
0.0001614635414583,0.0
0.00016147354105830003,0.0
0.0001614835406583,0.0
0.0001614935402584,0.0
0.00016150353985840002,0.0166666666666666
0.0001615135394584,0.0166666666666666
0.00016152353905840003,0.0166666666666666
0.0001615335386584,0.0166666666666666
0.00016154353825840003,0.0
0.00016155353785850002,0.0166666666666666
0.0001615635374585,0.0166666666666666
0.00016157353705850003,0.0166666666666666
0.0001615835366585,0.0166666666666666
0.00016159353625850003,0.0166666666666666
0.0001616035358585,0.0166666666666666
0.00016161353545850003,0.0166666666666666
0.00016162353505860003,0.0166666666666666
0.0001616335346586,0.0
0.00016164353425860003,0.0166666666666666
0.0001616535338586,0.0166666666666666
0.00016166353345860003,0.0166666666666666
0.0001616735330586,0.0166666666666666
0.0001616835326587,0.0166666666666666
0.00016169353225870003,0.0
0.0001617035318587,0.0
0.00016171353145870003,0.0
0.0001617235310587,0.0
0.00016173353065870004,0.0166666666666666
0.00016174353025880003,0.0166666666666666
0.0001617535298588,0.0166666666666666
0.00016176352945880003,0.0166666666666666
0.0001617735290588,0.0166666666666666
0.00016178352865880004,0.0166666666666666
0.0001617935282588,0.0166666666666666
0.0001618035278589,0.0166666666666666
0.00016181352745890003,0.0166666666666666
0.0001618235270589,0.0
0.00016183352665890004,0.0
0.0001618435262589,0.0166666666666666
0.00016185352585890004,0.0166666666666666
0.00016186352545890002,0.0166666666666666
0.000161873525059,0.0166666666666666
0.00016188352465900004,0.0
0.000161893524259,0.0166666666666666
0.00016190352385900004,0.0
0.00016191352345900002,0.0166666666666666
0.000161923523059,0.0166666666666666
0.00016193352265910004,0.0166666666666666
0.0001619435222591,0.0166666666666666
0.00016195352185910004,0.0
0.00016196352145910002,0.0
0.0001619735210591,0.0166666666666666
0.00016198352065910002,0.0166666666666666
0.0001619935202592,0.0166666666666666
0.00016200351985920004,0.0166666666666666
0.00016201351945920002,0.0
0.0001620235190592,0.0166666666666666
0.00016203351865920002,0.0
0.0001620435182592,0.0166666666666666
0.00016205351785930004,0.0
0.00016206351745930001,0.0
0.0001620735170593,0.0166666666666666
0.00016208351665930002,0.0166666666666666
0.0001620935162593,0.0166666666666666
0.00016210351585930002,0.0
0.0001621135154593,0.0166666666666666
0.00016212351505940004,0.0
0.00016213351465940002,0.0166666666666666
0.0001621435142594,0.0166666666666666
0.00016215351385940002,0.0
0.0001621635134594,0.0166666666666666
0.00016217351305940003,0.0
0.00016218351265950002,0.0166666666666666
0.0001621935122595,0.0166666666666666
0.00016220351185950002,0.0166666666666666
0.0001622135114595,0.0166666666666666
0.00016222351105950003,0.0
0.0001622335106595,0.0166666666666666
0.0001622435102596,0.0
0.00016225350985960002,0.0
0.0001622635094596,0.0
0.00016227350905960003,0.0
0.0001622835086596,0.0166666666666666
0.00016229350825960003,0.0166666666666666
0.00016230350785970002,0.0
0.0001623135074597,0.0166666666666666
0.00016232350705970002,0.0166666666666666
0.0001623335066597,0.0
0.00016234350625970003,0.0166666666666666
0.0001623535058597,0.0166666666666666
0.00016236350545970003,0.0
0.00016237350505980002,0.0166666666666666
0.0001623835046598,0.0166666666666666
0.00016239350425980003,0.0166666666666666
0.0001624035038598,0.0166666666666666
0.00016241350345980003,0.0
0.0001624235030598,0.0
0.0001624335026599,0.0166666666666666
0.00016244350225990003,0.0
0.0001624535018599,0.0
0.00016246350145990003,0.0
0.0001624735010599,0.0166666666666666
0.00016248350065990004,0.0
0.00016249350026000003,0.0
0.00016250349986,0.0166666666666666
0.00016251349946000003,0.0166666666666666
0.00016252349906,0.0166666666666666
0.00016253349866000004,0.0166666666666666
0.00016254349826,0.0166666666666666
0.0001625534978601,0.0166666666666666
0.00016256349746010003,0.0
0.0001625734970601,0.0166666666666666
0.00016258349666010004,0.0
0.0001625934962601,0.0166666666666666
0.00016260349586010004,0.0166666666666666
0.0001626134954601,0.0166666666666666
0.0001626234950602,0.0166666666666666
0.00016263349466020003,0.0
0.0001626434942602,0.0
0.00016265349386020004,0.0166666666666666
0.0001626634934602,0.0166666666666666
0.00016267349306020004,0.0166666666666666
0.00016268349266030003,0.0
0.0001626934922603,0.0166666666666666
0.00016270349186030004,0.0166666666666666
0.0001627134914603,0.0
0.00016272349106030004,0.0
0.00016273349066030002,0.0166666666666666
0.0001627434902604,0.0
0.00016275348986040004,0.0166666666666666
0.0001627634894604,0.0
0.00016277348906040004,0.0
0.00016278348866040002,0.0
0.0001627934882604,0.0
0.00016280348786050004,0.0
0.0001628134874605,0.0166666666666666
0.00016282348706050004,0.0
0.00016283348666050002,0.0
0.0001628434862605,0.0166666666666666
0.00016285348586050002,0.0166666666666666
0.0001628634854605,0.0166666666666666
0.00016287348506060004,0.0166666666666666
0.00016288348466060002,0.0166666666666666
0.0001628934842606,0.0
0.00016290348386060002,0.0
0.0001629134834606,0.0166666666666666
0.00016292348306060002,0.0
0.00016293348266070002,0.0166666666666666
0.0001629434822607,0.0
0.00016295348186070002,0.0166666666666666
0.0001629634814607,0.0
0.00016297348106070002,0.0166666666666666
0.0001629834806607,0.0166666666666666
0.0001629934802608,0.0
0.00016300347986080002,0.0166666666666666
0.0001630134794608,0.0
0.00016302347906080002,0.0166666666666666
0.0001630334786608,0.0166666666666666
0.00016304347826080003,0.0166666666666666
0.00016305347786090002,0.0166666666666666
0.0001630634774609,0.0
0.00016307347706090002,0.0
0.0001630834766609,0.0166666666666666
0.00016309347626090003,0.0166666666666666
0.0001631034758609,0.0
0.00016311347546090003,0.0166666666666666
0.00016312347506100002,0.0166666666666666
0.000163133474661,0.0166666666666666
0.00016314347426100003,0.0
0.000163153473861,0.0166666666666666
0.00016316347346100003,0.0
0.000163173473061,0.0166666666666666
0.0001631834726611,0.0166666666666666
0.00016319347226110003,0.0166666666666666
0.0001632034718611,0.0
0.00016321347146110003,0.0
0.0001632234710611,0.0166666666666666
0.00016323347066110003,0.0
0.00016324347026120003,0.0166666666666666
0.0001632534698612,0.0166666666666666
0.00016326346946120003,0.0
0.0001632734690612,0.0166666666666666
0.00016328346866120003,0.0166666666666666
0.0001632934682612,0.0166666666666666
0.0001633034678613,0.0166666666666666
0.00016331346746130003,0.0166666666666666
0.0001633234670613,0.0166666666666666
0.00016333346666130003,0.0166666666666666
0.0001633434662613,0.0166666666666666
0.00016335346586130004,0.0166666666666666
0.0001633634654613,0.0
0.0001633734650614,0.0166666666666666
0.00016338346466140003,0.0
0.0001633934642614,0.0
0.00016340346386140004,0.0166666666666666
0.0001634134634614,0.0166666666666666
0.00016342346306140004,0.0
0.00016343346266150003,0.0166666666666666
0.0001634434622615,0.0
0.00016345346186150004,0.0166666666666666
0.0001634634614615,0.0
0.00016347346106150004,0.0166666666666666
0.00016348346066150001,0.0
0.0001634934602616,0.0166666666666666
0.00016350345986160004,0.0166666666666666
0.0001635134594616,0.0166666666666666
0.00016352345906160004,0.0
0.00016353345866160001,0.0166666666666666
0.00016354345826160004,0.0166666666666666
0.00016355345786170004,0.0166666666666666
0.0001635634574617,0.0166666666666666
0.00016357345706170004,0.0166666666666666
0.00016358345666170001,0.0
0.00016359345626170004,0.0166666666666666
0.00016360345586170002,0.0
0.0001636134554617,0.0
0.00016362345506180004,0.0
0.0001636334546618,0.0
0.00016364345426180004,0.0166666666666666
0.00016365345386180002,0.0166666666666666
0.0001636634534618,0.0
0.00016367345306180002,0.0166666666666666
0.0001636834526619,0.0166666666666666
0.00016369345226190004,0.0166666666666666
0.00016370345186190002,0.0
0.0001637134514619,0.0
0.00016372345106190002,0.0
0.0001637334506619,0.0
0.00016374345026200004,0.0
0.00016375344986200002,0.0
0.000163763449462,0.0166666666666666
0.00016377344906200002,0.0
0.000163783448662,0.0166666666666666
0.00016379344826200002,0.0166666666666666
0.00016380344786210002,0.0
0.0001638134474621,0.0
0.00016382344706210002,0.0
0.0001638334466621,0.0166666666666666
0.00016384344626210002,0.0
0.0001638534458621,0.0
0.00016386344546210003,0.0166666666666666
0.00016387344506220002,0.0166666666666666
0.0001638834446622,0.0166666666666666
0.00016389344426220002,0.0166666666666666
0.0001639034438622,0.0
0.00016391344346220003,0.0166666666666666
0.0001639234430622,0.0
0.0001639334426623,0.0
0.00016394344226230002,0.0
0.0001639534418623,0.0166666666666666
0.00016396344146230003,0.0
0.0001639734410623,0.0166666666666666
0.00016398344066230003,0.0
0.00016399344026240002,0.0166666666666666
0.0001640034398624,0.0166666666666666
0.00016401343946240003,0.0
0.0001640234390624,0.0166666666666666
0.00016403343866240003,0.0166666666666666
0.0001640434382624,0.0166666666666666
0.0001640534378625,0.0166666666666666
0.00016406343746250003,0.0
0.0001640734370625,0.0166666666666666
0.00016408343666250003,0.0
0.0001640934362625,0.0
0.00016410343586250003,0.0
0.0001641134354625,0.0166666666666666
0.0001641234350626,0.0
0.00016413343466260003,0.0166666666666666
0.0001641434342626,0.0166666666666666
0.00016415343386260003,0.0166666666666666
0.0001641634334626,0.0166666666666666
0.00016417343306260004,0.0166666666666666
0.00016418343266270003,0.0
0.0001641934322627,0.0166666666666666
0.00016420343186270003,0.0166666666666666
0.0001642134314627,0.0
0.00016422343106270004,0.0
0.0001642334306627,0.0166666666666666
0.0001642434302628,0.0166666666666666
0.00016425342986280003,0.0166666666666666
0.0001642634294628,0.0
0.00016427342906280004,0.0166666666666666
0.0001642834286628,0.0
0.00016429342826280004,0.0166666666666666
0.00016430342786290003,0.0166666666666666
0.0001643134274629,0.0
0.00016432342706290004,0.0
0.0001643334266629,0.0
0.00016434342626290004,0.0
0.00016435342586290001,0.0
0.0001643634254629,0.0166666666666666
0.00016437342506300004,0.0166666666666666
0.000164383424663,0.0166666666666666
0.00016439342426300004,0.0166666666666666
0.00016440342386300001,0.0166666666666666
0.00016441342346300004,0.0166666666666666
0.00016442342306300002,0.0166666666666666
0.0001644334226631,0.0
0.00016444342226310004,0.0
0.00016445342186310001,0.0
0.00016446342146310004,0.0166666666666666
0.00016447342106310002,0.0
0.0001644834206631,0.0
0.00016449342026320004,0.0166666666666666
0.00016450341986320001,0.0166666666666666
0.00016451341946320004,0.0
0.00016452341906320002,0.0166666666666666
0.0001645334186632,0.0166666666666666
0.00016454341826320002,0.0166666666666666
0.00016455341786330001,0.0166666666666666
0.00016456341746330004,0.0166666666666666
0.00016457341706330002,0.0
0.0001645834166633,0.0
0.00016459341626330002,0.0166666666666666
0.0001646034158633,0.0166666666666666
0.00016461341546330002,0.0166666666666666
0.00016462341506340002,0.0166666666666666
0.0001646334146634,0.0166666666666666
0.00016464341426340002,0.0
0.0001646534138634,0.0
0.00016466341346340002,0.0
0.0001646734130634,0.0166666666666666
0.0001646834126635,0.0166666666666666
0.00016469341226350002,0.0166666666666666
0.0001647034118635,0.0166666666666666
0.00016471341146350002,0.0
0.0001647234110635,0.0166666666666666
0.00016473341066350003,0.0166666666666666
0.00016474341026360002,0.0166666666666666
0.0001647534098636,0.0
0.00016476340946360002,0.0
0.0001647734090636,0.0166666666666666
0.00016478340866360003,0.0166666666666666
0.0001647934082636,0.0166666666666666
0.0001648034078637,0.0166666666666666
0.00016481340746370002,0.0166666666666666
0.0001648234070637,0.0
0.00016483340666370003,0.0
0.0001648434062637,0.0166666666666666
0.00016485340586370003,0.0166666666666666
0.0001648634054637,0.0
0.0001648734050638,0.0166666666666666
0.00016488340466380003,0.0166666666666666
0.0001648934042638,0.0166666666666666
0.00016490340386380003,0.0
0.0001649134034638,0.0166666666666666
0.00016492340306380003,0.0
0.00016493340266390003,0.0
0.0001649434022639,0.0
0.00016495340186390003,0.0
0.0001649634014639,0.0
0.00016497340106390003,0.0166666666666666
0.0001649834006639,0.0166666666666666
0.000164993400264,0.0
0.00016500339986400003,0.0166666666666666
0.000165013399464,0.0
0.00016502339906400003,0.0
0.000165033398664,0.0166666666666666
0.00016504339826400004,0.0
0.00016505339786410003,0.0166666666666666
0.0001650633974641,0.0
0.00016507339706410003,0.0166666666666666
0.0001650833966641,0.0166666666666666
0.00016509339626410004,0.0166666666666666
0.0001651033958641,0.0
0.00016511339546410004,0.0166666666666666
0.00016512339506420003,0.0166666666666666
0.0001651333946642,0.0
0.00016514339426420004,0.0166666666666666
0.0001651533938642,0.0166666666666666
0.00016516339346420004,0.0166666666666666
0.00016517339306420002,0.0166666666666666
0.0001651833926643,0.0166666666666666
0.00016519339226430004,0.0
0.0001652033918643,0.0
0.00016521339146430004,0.0166666666666666
0.00016522339106430002,0.0166666666666666
0.0001652333906643,0.0166666666666666
0.00016524339026440004,0.0
0.0001652533898644,0.0166666666666666
0.00016526338946440004,0.0
0.00016527338906440002,0.0166666666666666
0.0001652833886644,0.0166666666666666
0.00016529338826440002,0.0166666666666666
0.0001653033878645,0.0166666666666666
0.00016531338746450004,0.0
0.00016532338706450002,0.0166666666666666
0.0001653333866645,0.0166666666666666
0.00016534338626450002,0.0166666666666666
0.0001653533858645,0.0
0.00016536338546450002,0.0166666666666666
0.00016537338506460001,0.0166666666666666
0.0001653833846646,0.0166666666666666
0.00016539338426460002,0.0
0.0001654033838646,0.0166666666666666
0.00016541338346460002,0.0166666666666666
0.0001654233830646,0.0166666666666666
0.00016543338266470004,0.0
0.00016544338226470002,0.0166666666666666
0.0001654533818647,0.0
0.00016546338146470002,0.0166666666666666
0.0001654733810647,0.0
0.00016548338066470003,0.0
0.00016549338026480002,0.0166666666666666
0.0001655033798648,0.0
0.00016551337946480002,0.0
0.0001655233790648,0.0166666666666666
0.00016553337866480003,0.0
0.0001655433782648,0.0
0.0001655533778649,0.0166666666666666
0.00016556337746490002,0.0166666666666666
0.0001655733770649,0.0
0.00016558337666490003,0.0166666666666666
0.0001655933762649,0.0166666666666666
0.00016560337586490003,0.0
0.0001656133754649,0.0166666666666666
0.000165623375065,0.0
0.00016563337466500002,0.0166666666666666
0.000165643374265,0.0
0.00016565337386500003,0.0166666666666666
0.000165663373465,0.0
0.00016567337306500003,0.0166666666666666
0.00016568337266510002,0.0
0.0001656933722651,0.0166666666666666
0.00016570337186510003,0.0166666666666666
0.0001657133714651,0.0166666666666666
0.00016572337106510003,0.0
0.0001657333706651,0.0166666666666666
0.0001657433702652,0.0166666666666666
0.00016575336986520003,0.0
0.0001657633694652,0.0
0.00016577336906520003,0.0
0.0001657833686652,0.0166666666666666
0.00016579336826520004,0.0166666666666666
0.00016580336786530003,0.0166666666666666
0.0001658133674653,0.0166666666666666
0.00016582336706530003,0.0
0.0001658333666653,0.0
0.00016584336626530004,0.0166666666666666
0.0001658533658653,0.0166666666666666
0.00016586336546530004,0.0
0.00016587336506540003,0.0
0.0001658833646654,0.0166666666666666
0.00016589336426540004,0.0166666666666666
0.0001659033638654,0.0
0.00016591336346540004,0.0166666666666666
0.0001659233630654,0.0166666666666666
0.0001659333626655,0.0
0.00016594336226550003,0.0166666666666666
0.0001659533618655,0.0166666666666666
0.00016596336146550004,0.0
0.0001659733610655,0.0166666666666666
0.00016598336066550004,0.0166666666666666
0.00016599336026560003,0.0
0.0001660033598656,0.0166666666666666
0.00016601335946560004,0.0
0.0001660233590656,0.0166666666666666
0.00016603335866560004,0.0166666666666666
0.00016604335826560002,0.0
0.0001660533578657,0.0166666666666666
0.00016606335746570004,0.0166666666666666
0.0001660733570657,0.0166666666666666
0.00016608335666570004,0.0
0.00016609335626570002,0.0
0.0001661033558657,0.0166666666666666
0.00016611335546570002,0.0166666666666666
0.0001661233550658,0.0166666666666666
0.00016613335466580004,0.0166666666666666
0.00016614335426580002,0.0166666666666666
0.0001661533538658,0.0166666666666666
0.00016616335346580002,0.0166666666666666
0.0001661733530658,0.0166666666666666
0.00016618335266590004,0.0166666666666666
0.00016619335226590002,0.0166666666666666
0.0001662033518659,0.0
0.00016621335146590002,0.0166666666666666
0.0001662233510659,0.0
0.00016623335066590002,0.0
0.00016624335026600002,0.0166666666666666
0.000166253349866,0.0166666666666666
0.00016626334946600002,0.0
0.000166273349066,0.0166666666666666
0.00016628334866600002,0.0166666666666666
0.000166293348266,0.0166666666666666
0.0001663033478661,0.0166666666666666
0.00016631334746610002,0.0166666666666666
0.0001663233470661,0.0
0.00016633334666610002,0.0166666666666666
0.0001663433462661,0.0
0.00016635334586610003,0.0166666666666666
0.0001663633454661,0.0
0.0001663733450662,0.0166666666666666
0.00016638334466620002,0.0
0.0001663933442662,0.0166666666666666
0.00016640334386620003,0.0
0.0001664133434662,0.0166666666666666
0.00016642334306620003,0.0166666666666666
0.00016643334266630002,0.0
0.0001664433422663,0.0166666666666666
0.00016645334186630003,0.0
0.0001664633414663,0.0
0.00016647334106630003,0.0166666666666666
0.0001664833406663,0.0
0.0001664933402664,0.0
0.00016650333986640003,0.0166666666666666
0.0001665133394664,0.0
0.00016652333906640003,0.0166666666666666
0.0001665333386664,0.0166666666666666
0.00016654333826640003,0.0166666666666666
0.00016655333786650003,0.0166666666666666
0.0001665633374665,0.0166666666666666
0.00016657333706650003,0.0166666666666666
0.0001665833366665,0.0166666666666666
0.00016659333626650003,0.0166666666666666
0.0001666033358665,0.0166666666666666
0.00016661333546650004,0.0166666666666666
0.00016662333506660003,0.0166666666666666
0.0001666333346666,0.0166666666666666
0.00016664333426660003,0.0166666666666666
0.0001666533338666,0.0166666666666666
0.00016666333346660004,0.0
0.0001666733330666,0.0166666666666666
0.0001666833326667,0.0166666666666666
0.00016669333226670003,0.0166666666666666
0.0001667033318667,0.0
0.00016671333146670004,0.0166666666666666
0.0001667233310667,0.0
0.00016673333066670004,0.0
0.00016674333026680003,0.0166666666666666
0.0001667533298668,0.0166666666666666
0.00016676332946680004,0.0
0.0001667733290668,0.0166666666666666
0.00016678332866680004,0.0166666666666666
0.00016679332826680001,0.0166666666666666
0.0001668033278669,0.0166666666666666
0.00016681332746690004,0.0
0.0001668233270669,0.0166666666666666
0.00016683332666690004,0.0166666666666666
0.00016684332626690001,0.0166666666666666
0.00016685332586690004,0.0166666666666666
0.00016686332546690002,0.0166666666666666
0.000166873325067,0.0
0.00016688332466700004,0.0
0.00016689332426700001,0.0166666666666666
0.00016690332386700004,0.0
0.00016691332346700002,0.0166666666666666
0.000166923323067,0.0
0.00016693332266710004,0.0166666666666666
0.0001669433222671,0.0166666666666666
0.00016695332186710004,0.0166666666666666
0.00016696332146710002,0.0
0.0001669733210671,0.0166666666666666
0.00016698332066710002,0.0
0.0001669933202672,0.0
0.00016700331986720004,0.0
0.00016701331946720002,0.0166666666666666
0.0001670233190672,0.0
0.00016703331866720002,0.0166666666666666
0.0001670433182672,0.0166666666666666
0.00016705331786730004,0.0
0.00016706331746730002,0.0
0.0001670733170673,0.0166666666666666
0.00016708331666730002,0.0166666666666666
0.0001670933162673,0.0166666666666666
0.00016710331586730002,0.0166666666666666
0.0001671133154673,0.0166666666666666
0.0001671233150674,0.0166666666666666
0.00016713331466740002,0.0166666666666666
0.0001671433142674,0.0166666666666666
0.00016715331386740002,0.0166666666666666
0.0001671633134674,0.0166666666666666
0.00016717331306740003,0.0166666666666666
0.00016718331266750002,0.0166666666666666
0.0001671933122675,0.0166666666666666
0.00016720331186750002,0.0166666666666666
0.0001672133114675,0.0166666666666666
0.00016722331106750003,0.0166666666666666
0.0001672333106675,0.0166666666666666
0.0001672433102676,0.0
0.00016725330986760002,0.0166666666666666
0.0001672633094676,0.0
0.00016727330906760003,0.0166666666666666
0.0001672833086676,0.0166666666666666
0.00016729330826760003,0.0166666666666666
0.00016730330786770002,0.0166666666666666
0.0001673133074677,0.0166666666666666
0.00016732330706770003,0.0
0.0001673333066677,0.0166666666666666
0.00016734330626770003,0.0
0.0001673533058677,0.0166666666666666
0.00016736330546770003,0.0166666666666666
0.00016737330506780003,0.0166666666666666
0.0001673833046678,0.0166666666666666
0.00016739330426780003,0.0166666666666666
0.0001674033038678,0.0166666666666666
0.00016741330346780003,0.0166666666666666
0.0001674233030678,0.0166666666666666
0.0001674333026679,0.0
0.00016744330226790003,0.0166666666666666
0.0001674533018679,0.0
0.00016746330146790003,0.0
0.0001674733010679,0.0
0.00016748330066790004,0.0
0.00016749330026800003,0.0166666666666666
0.000167503299868,0.0
0.00016751329946800003,0.0166666666666666
0.000167523299068,0.0166666666666666
0.00016753329866800004,0.0166666666666666
0.000167543298268,0.0166666666666666
0.0001675532978681,0.0166666666666666
0.00016756329746810003,0.0166666666666666
0.0001675732970681,0.0166666666666666
0.00016758329666810004,0.0
0.0001675932962681,0.0166666666666666
0.00016760329586810004,0.0
0.00016761329546810002,0.0166666666666666
0.0001676232950682,0.0166666666666666
0.00016763329466820004,0.0166666666666666
0.0001676432942682,0.0166666666666666
0.00016765329386820004,0.0166666666666666
0.00016766329346820001,0.0166666666666666
0.0001676732930682,0.0
0.00016768329266830004,0.0166666666666666
0.0001676932922683,0.0166666666666666
0.00016770329186830004,0.0166666666666666
0.00016771329146830001,0.0166666666666666
0.00016772329106830004,0.0166666666666666
0.00016773329066830002,0.0
0.0001677432902684,0.0
0.00016775328986840004,0.0166666666666666
0.00016776328946840001,0.0166666666666666
0.00016777328906840004,0.0166666666666666
0.00016778328866840002,0.0166666666666666
0.0001677932882684,0.0166666666666666
0.00016780328786850004,0.0
0.00016781328746850001,0.0166666666666666
0.00016782328706850004,0.0
0.00016783328666850002,0.0166666666666666
0.0001678432862685,0.0166666666666666
0.00016785328586850002,0.0
0.0001678632854685,0.0
0.00016787328506860004,0.0166666666666666
0.00016788328466860002,0.0
0.0001678932842686,0.0166666666666666
0.00016790328386860002,0.0166666666666666
0.0001679132834686,0.0166666666666666
0.00016792328306860002,0.0
0.00016793328266870002,0.0166666666666666
0.0001679432822687,0.0166666666666666
0.00016795328186870002,0.0166666666666666
0.0001679632814687,0.0166666666666666
0.00016797328106870002,0.0166666666666666
0.0001679832806687,0.0166666666666666
0.0001679932802688,0.0166666666666666
0.00016800327986880002,0.0166666666666666
0.0001680132794688,0.0166666666666666
0.00016802327906880002,0.0
0.0001680332786688,0.0166666666666666
0.00016804327826880003,0.0166666666666666
0.00016805327786890002,0.0166666666666666
0.0001680632774689,0.0
0.00016807327706890002,0.0166666666666666
0.0001680832766689,0.0
0.00016809327626890003,0.0166666666666666
0.0001681032758689,0.0166666666666666
0.00016811327546890003,0.0
0.00016812327506900002,0.0166666666666666
0.000168133274669,0.0
0.00016814327426900003,0.0166666666666666
0.000168153273869,0.0166666666666666
0.00016816327346900003,0.0166666666666666
0.000168173273069,0.0166666666666666
0.0001681832726691,0.0166666666666666
0.00016819327226910003,0.0166666666666666
0.0001682032718691,0.0166666666666666
0.00016821327146910003,0.0
0.0001682232710691,0.0166666666666666
0.00016823327066910003,0.0166666666666666
0.00016824327026920003,0.0
0.0001682532698692,0.0
0.00016826326946920003,0.0166666666666666
0.0001682732690692,0.0166666666666666
0.00016828326866920003,0.0166666666666666
0.0001682932682692,0.0
0.0001683032678693,0.0
0.00016831326746930003,0.0166666666666666
0.0001683232670693,0.0166666666666666
0.00016833326666930003,0.0166666666666666
0.0001683432662693,0.0166666666666666
0.00016835326586930004,0.0166666666666666
0.0001683632654693,0.0166666666666666
0.0001683732650694,0.0166666666666666
0.00016838326466940003,0.0
0.0001683932642694,0.0166666666666666
0.00016840326386940004,0.0166666666666666
0.0001684132634694,0.0
0.00016842326306940004,0.0166666666666666
0.00016843326266950003,0.0166666666666666
0.0001684432622695,0.0166666666666666
0.00016845326186950004,0.0166666666666666
0.0001684632614695,0.0166666666666666
0.00016847326106950004,0.0166666666666666
0.00016848326066950002,0.0166666666666666
0.0001684932602696,0.0166666666666666
0.00016850325986960004,0.0166666666666666
0.0001685132594696,0.0166666666666666
0.00016852325906960004,0.0166666666666666
0.00016853325866960002,0.0166666666666666
0.0001685432582696,0.0
0.00016855325786970004,0.0166666666666666
0.0001685632574697,0.0
0.00016857325706970004,0.0166666666666666
0.00016858325666970002,0.0
0.0001685932562697,0.0
0.00016860325586970002,0.0166666666666666
0.0001686132554697,0.0166666666666666
0.00016862325506980004,0.0
0.00016863325466980002,0.0166666666666666
0.0001686432542698,0.0
0.00016865325386980002,0.0166666666666666
0.0001686632534698,0.0
0.00016867325306980002,0.0166666666666666
0.00016868325266990001,0.0166666666666666
0.0001686932522699,0.0166666666666666
0.00016870325186990002,0.0
0.0001687132514699,0.0166666666666666
0.00016872325106990002,0.0
0.0001687332506699,0.0166666666666666
0.00016874325027000004,0.0
0.00016875324987000002,0.0166666666666666
0.00016876324947,0.0166666666666666
0.00016877324907000002,0.0166666666666666
0.00016878324867,0.0166666666666666
0.00016879324827000003,0.0166666666666666
0.00016880324787010002,0.0166666666666666
0.0001688132474701,0.0166666666666666
0.00016882324707010002,0.0166666666666666
0.0001688332466701,0.0
0.00016884324627010003,0.0166666666666666
0.0001688532458701,0.0166666666666666
0.00016886324547010003,0.0
0.00016887324507020002,0.0166666666666666
0.0001688832446702,0.0
0.00016889324427020003,0.0
0.0001689032438702,0.0166666666666666
0.00016891324347020003,0.0166666666666666
0.0001689232430702,0.0166666666666666
0.0001689332426703,0.0166666666666666
0.00016894324227030002,0.0
0.0001689532418703,0.0
0.00016896324147030003,0.0166666666666666
0.0001689732410703,0.0166666666666666
0.00016898324067030003,0.0166666666666666
0.00016899324027040002,0.0166666666666666
0.0001690032398704,0.0
0.00016901323947040003,0.0
0.0001690232390704,0.0
0.00016903323867040003,0.0166666666666666
0.0001690432382704,0.0166666666666666
0.0001690532378705,0.0166666666666666
0.00016906323747050003,0.0166666666666666
0.0001690732370705,0.0166666666666666
0.00016908323667050003,0.0166666666666666
0.0001690932362705,0.0
0.00016910323587050004,0.0
0.0001691132354705,0.0166666666666666
0.0001691232350706,0.0166666666666666
0.00016913323467060003,0.0166666666666666
0.0001691432342706,0.0166666666666666
0.00016915323387060004,0.0
0.0001691632334706,0.0
0.00016917323307060004,0.0166666666666666
0.00016918323267070003,0.0166666666666666
0.0001691932322707,0.0166666666666666
0.00016920323187070004,0.0
0.0001692132314707,0.0
0.00016922323107070004,0.0166666666666666
0.0001692332306707,0.0
0.0001692432302708,0.0166666666666666
0.00016925322987080003,0.0166666666666666
0.0001692632294708,0.0
0.00016927322907080004,0.0
0.0001692832286708,0.0
0.00016929322827080004,0.0166666666666666
0.00016930322787090003,0.0166666666666666
0.0001693132274709,0.0166666666666666
0.00016932322707090004,0.0166666666666666
0.0001693332266709,0.0166666666666666
0.00016934322627090004,0.0
0.00016935322587090002,0.0
0.0001693632254709,0.0
0.00016937322507100004,0.0166666666666666
0.000169383224671,0.0166666666666666
0.00016939322427100004,0.0166666666666666
0.00016940322387100002,0.0
0.000169413223471,0.0
0.00016942322307100002,0.0166666666666666
0.0001694332226711,0.0
0.00016944322227110004,0.0
0.00016945322187110002,0.0
0.0001694632214711,0.0
0.00016947322107110002,0.0
0.0001694832206711,0.0166666666666666
0.00016949322027120004,0.0
0.00016950321987120002,0.0166666666666666
0.0001695132194712,0.0
0.00016952321907120002,0.0166666666666666
0.0001695332186712,0.0166666666666666
0.00016954321827120002,0.0166666666666666
0.00016955321787130002,0.0166666666666666
0.0001695632174713,0.0
0.00016957321707130002,0.0166666666666666
0.0001695832166713,0.0166666666666666
0.00016959321627130002,0.0
0.0001696032158713,0.0166666666666666
0.00016961321547130003,0.0166666666666666
0.00016962321507140002,0.0
0.0001696332146714,0.0
0.00016964321427140002,0.0
0.0001696532138714,0.0166666666666666
0.00016966321347140003,0.0166666666666666
0.0001696732130714,0.0
0.0001696832126715,0.0166666666666666
0.00016969321227150002,0.0166666666666666
0.0001697032118715,0.0166666666666666
0.00016971321147150003,0.0
0.0001697232110715,0.0166666666666666
0.00016973321067150003,0.0166666666666666
0.00016974321027160002,0.0
0.0001697532098716,0.0166666666666666
0.00016976320947160003,0.0166666666666666
0.0001697732090716,0.0166666666666666
0.00016978320867160003,0.0166666666666666
0.0001697932082716,0.0166666666666666
0.0001698032078717,0.0166666666666666
0.00016981320747170003,0.0166666666666666
0.0001698232070717,0.0166666666666666
0.00016983320667170003,0.0166666666666666
0.0001698432062717,0.0
0.00016985320587170003,0.0
0.0001698632054717,0.0166666666666666
0.0001698732050718,0.0166666666666666
0.00016988320467180003,0.0166666666666666
0.0001698932042718,0.0166666666666666
0.00016990320387180003,0.0
0.0001699132034718,0.0166666666666666
0.00016992320307180004,0.0166666666666666
0.00016993320267190003,0.0166666666666666
0.0001699432022719,0.0166666666666666
0.00016995320187190003,0.0
0.0001699632014719,0.0166666666666666
0.00016997320107190004,0.0166666666666666
0.0001699832006719,0.0166666666666666
0.000169993200272,0.0166666666666666
0.00017000319987200003,0.0166666666666666
0.000170013199472,0.0166666666666666
0.00017002319907200004,0.0166666666666666
0.000170033198672,0.0166666666666666
0.00017004319827200004,0.0
0.00017005319787210003,0.0
0.0001700631974721,0.0166666666666666
0.00017007319707210004,0.0
0.0001700831966721,0.0166666666666666
0.00017009319627210004,0.0166666666666666
0.00017010319587210001,0.0166666666666666
0.00017011319547210004,0.0
0.00017012319507220004,0.0166666666666666
0.0001701331946722,0.0
0.00017014319427220004,0.0166666666666666
0.00017015319387220001,0.0166666666666666
0.00017016319347220004,0.0166666666666666
0.00017017319307220002,0.0166666666666666
0.0001701831926723,0.0166666666666666
0.00017019319227230004,0.0166666666666666
0.00017020319187230001,0.0166666666666666
0.00017021319147230004,0.0166666666666666
0.00017022319107230002,0.0166666666666666
0.0001702331906723,0.0166666666666666
0.00017024319027240004,0.0166666666666666
0.0001702531898724,0.0166666666666666
0.00017026318947240004,0.0166666666666666
0.00017027318907240002,0.0166666666666666
0.0001702831886724,0.0166666666666666
0.00017029318827240002,0.0166666666666666
0.0001703031878725,0.0
0.00017031318747250004,0.0
0.00017032318707250002,0.0166666666666666
0.0001703331866725,0.0166666666666666
0.00017034318627250002,0.0
0.0001703531858725,0.0166666666666666
0.00017036318547250002,0.0166666666666666
0.00017037318507260002,0.0166666666666666
0.0001703831846726,0.0166666666666666
0.00017039318427260002,0.0
0.0001704031838726,0.0
0.00017041318347260002,0.0
0.0001704231830726,0.0166666666666666
0.0001704331826727,0.0166666666666666
0.00017044318227270002,0.0166666666666666
0.0001704531818727,0.0166666666666666
0.00017046318147270002,0.0
0.0001704731810727,0.0166666666666666
0.00017048318067270003,0.0166666666666666
0.00017049318027280002,0.0166666666666666
0.0001705031798728,0.0166666666666666
0.00017051317947280002,0.0166666666666666
0.0001705231790728,0.0166666666666666
0.00017053317867280003,0.0
0.0001705431782728,0.0166666666666666
0.0001705531778729,0.0166666666666666
0.00017056317747290002,0.0
0.0001705731770729,0.0
0.00017058317667290003,0.0166666666666666
0.0001705931762729,0.0
0.00017060317587290003,0.0
0.0001706131754729,0.0166666666666666
0.000170623175073,0.0166666666666666
0.00017063317467300003,0.0
0.000170643174273,0.0166666666666666
0.00017065317387300003,0.0166666666666666
0.000170663173473,0.0166666666666666
0.00017067317307300003,0.0166666666666666
0.00017068317267310003,0.0166666666666666
0.0001706931722731,0.0
0.00017070317187310003,0.0
0.0001707131714731,0.0166666666666666
0.00017072317107310003,0.0166666666666666
0.0001707331706731,0.0166666666666666
0.0001707431702732,0.0166666666666666
0.00017075316987320003,0.0
0.0001707631694732,0.0166666666666666
0.00017077316907320003,0.0166666666666666
0.0001707831686732,0.0
0.00017079316827320004,0.0166666666666666
0.00017080316787330003,0.0166666666666666
0.0001708131674733,0.0166666666666666
0.00017082316707330003,0.0166666666666666
0.0001708331666733,0.0166666666666666
0.00017084316627330004,0.0166666666666666
0.0001708531658733,0.0166666666666666
0.00017086316547330004,0.0
0.00017087316507340003,0.0166666666666666
0.0001708831646734,0.0166666666666666
0.00017089316427340004,0.0166666666666666
0.0001709031638734,0.0
0.00017091316347340004,0.0166666666666666
0.00017092316307340002,0.0166666666666666
0.0001709331626735,0.0166666666666666
0.00017094316227350004,0.0
0.0001709531618735,0.0166666666666666
0.00017096316147350004,0.0166666666666666
0.00017097316107350001,0.0166666666666666
0.0001709831606735,0.0
0.00017099316027360004,0.0166666666666666
0.0001710031598736,0.0166666666666666
0.00017101315947360004,0.0166666666666666
0.00017102315907360001,0.0166666666666666
0.00017103315867360004,0.0166666666666666
0.00017104315827360002,0.0166666666666666
0.0001710531578737,0.0166666666666666
0.00017106315747370004,0.0166666666666666
0.00017107315707370001,0.0166666666666666
0.00017108315667370004,0.0166666666666666
0.00017109315627370002,0.0
0.0001711031558737,0.0166666666666666
0.00017111315547370002,0.0166666666666666
0.00017112315507380001,0.0166666666666666
0.00017113315467380004,0.0
0.00017114315427380002,0.0166666666666666
0.0001711531538738,0.0166666666666666
0.00017116315347380002,0.0166666666666666
0.0001711731530738,0.0166666666666666
0.00017118315267390004,0.0166666666666666
0.00017119315227390002,0.0166666666666666
0.0001712031518739,0.0166666666666666
0.00017121315147390002,0.0
0.0001712231510739,0.0166666666666666
0.00017123315067390002,0.0166666666666666
0.00017124315027400002,0.0166666666666666
0.000171253149874,0.0
0.00017126314947400002,0.0166666666666666
0.000171273149074,0.0166666666666666
0.00017128314867400002,0.0166666666666666
0.000171293148274,0.0333333333333332
0.0001713031478741,0.0
0.00017131314747410002,0.0
0.0001713231470741,0.0166666666666666
0.00017133314667410002,0.0166666666666666
0.0001713431462741,0.0166666666666666
0.00017135314587410003,0.0
0.0001713631454741,0.0
0.0001713731450742,0.0166666666666666
0.00017138314467420002,0.0166666666666666
0.0001713931442742,0.0166666666666666
0.00017140314387420003,0.0166666666666666
0.0001714131434742,0.0
0.00017142314307420003,0.0
0.00017143314267430002,0.0166666666666666
0.0001714431422743,0.0
0.00017145314187430003,0.0166666666666666
0.0001714631414743,0.0
0.00017147314107430003,0.0166666666666666
0.0001714831406743,0.0166666666666666
0.0001714931402744,0.0166666666666666
0.00017150313987440003,0.0166666666666666
0.0001715131394744,0.0166666666666666
0.00017152313907440003,0.0166666666666666
0.0001715331386744,0.0166666666666666
0.00017154313827440003,0.0166666666666666
0.00017155313787450003,0.0166666666666666
0.0001715631374745,0.0166666666666666
0.00017157313707450003,0.0166666666666666
0.0001715831366745,0.0
0.00017159313627450003,0.0166666666666666
0.0001716031358745,0.0
0.00017161313547450004,0.0166666666666666
0.00017162313507460003,0.0
0.0001716331346746,0.0
0.00017164313427460003,0.0166666666666666
0.0001716531338746,0.0166666666666666
0.00017166313347460004,0.0
0.0001716731330746,0.0166666666666666
0.0001716831326747,0.0166666666666666
0.00017169313227470003,0.0
0.0001717031318747,0.0166666666666666
0.00017171313147470004,0.0166666666666666
0.0001717231310747,0.0166666666666666
0.00017173313067470004,0.0166666666666666
0.00017174313027480003,0.0166666666666666
0.0001717531298748,0.0166666666666666
0.00017176312947480004,0.0166666666666666
0.0001717731290748,0.0
0.00017178312867480004,0.0
0.00017179312827480002,0.0
0.0001718031278749,0.0166666666666666
0.00017181312747490004,0.0166666666666666
0.0001718231270749,0.0
0.00017183312667490004,0.0166666666666666
0.00017184312627490002,0.0
0.0001718531258749,0.0166666666666666
0.00017186312547490002,0.0
0.000171873125075,0.0
0.00017188312467500004,0.0
0.00017189312427500002,0.0166666666666666
0.000171903123875,0.0166666666666666
0.00017191312347500002,0.0166666666666666
0.000171923123075,0.0
0.00017193312267510004,0.0
0.00017194312227510002,0.0
0.0001719531218751,0.0
0.00017196312147510002,0.0
0.0001719731210751,0.0
0.00017198312067510002,0.0166666666666666
0.00017199312027520001,0.0166666666666666
0.0001720031198752,0.0
0.00017201311947520002,0.0166666666666666
0.0001720231190752,0.0166666666666666
0.00017203311867520002,0.0166666666666666
0.0001720431182752,0.0
0.00017205311787530004,0.0
0.00017206311747530002,0.0
0.0001720731170753,0.0166666666666666
0.00017208311667530002,0.0166666666666666
0.0001720931162753,0.0166666666666666
0.00017210311587530003,0.0166666666666666
0.0001721131154753,0.0166666666666666
0.0001721231150754,0.0166666666666666
0.00017213311467540002,0.0166666666666666
0.0001721431142754,0.0166666666666666
0.00017215311387540003,0.0
0.0001721631134754,0.0
0.00017217311307540003,0.0166666666666666
0.00017218311267550002,0.0166666666666666
0.0001721931122755,0.0166666666666666
0.00017220311187550003,0.0166666666666666
0.0001722131114755,0.0166666666666666
0.00017222311107550003,0.0166666666666666
0.0001722331106755,0.0166666666666666
0.0001722431102756,0.0
0.00017225310987560002,0.0
0.0001722631094756,0.0166666666666666
0.00017227310907560003,0.0166666666666666
0.0001722831086756,0.0
0.00017229310827560003,0.0166666666666666
0.00017230310787570002,0.0166666666666666
0.0001723131074757,0.0
0.00017232310707570003,0.0166666666666666
0.0001723331066757,0.0166666666666666
0.00017234310627570003,0.0166666666666666
0.0001723531058757,0.0166666666666666
0.00017236310547570004,0.0166666666666666
0.00017237310507580003,0.0166666666666666
0.0001723831046758,0.0
0.00017239310427580003,0.0
0.0001724031038758,0.0166666666666666
0.00017241310347580004,0.0
0.0001724231030758,0.0166666666666666
0.0001724331026759,0.0166666666666666
0.00017244310227590003,0.0166666666666666
0.0001724531018759,0.0
0.00017246310147590004,0.0166666666666666
0.0001724731010759,0.0166666666666666
0.00017248310067590004,0.0
0.00017249310027600003,0.0166666666666666
0.000172503099876,0.0166666666666666
0.00017251309947600004,0.0166666666666666
0.000172523099076,0.0
0.00017253309867600004,0.0166666666666666
0.000172543098276,0.0166666666666666
0.0001725530978761,0.0
0.00017256309747610003,0.0166666666666666
0.0001725730970761,0.0166666666666666
0.00017258309667610004,0.0166666666666666
0.0001725930962761,0.0166666666666666
0.00017260309587610004,0.0
0.00017261309547610002,0.0166666666666666
0.0001726230950762,0.0166666666666666
0.00017263309467620004,0.0166666666666666
0.0001726430942762,0.0166666666666666
0.00017265309387620004,0.0166666666666666
0.00017266309347620002,0.0166666666666666
0.0001726730930762,0.0
0.00017268309267630004,0.0
0.0001726930922763,0.0166666666666666
0.00017270309187630004,0.0166666666666666
0.00017271309147630002,0.0166666666666666
0.0001727230910763,0.0166666666666666
0.00017273309067630002,0.0
0.0001727430902764,0.0166666666666666
0.00017275308987640004,0.0166666666666666
0.00017276308947640002,0.0166666666666666
0.0001727730890764,0.0166666666666666
0.00017278308867640002,0.0166666666666666
0.0001727930882764,0.0166666666666666
0.00017280308787650004,0.0166666666666666
0.00017281308747650002,0.0166666666666666
0.0001728230870765,0.0166666666666666
0.00017283308667650002,0.0166666666666666
0.0001728430862765,0.0166666666666666
0.00017285308587650002,0.0166666666666666
0.0001728630854765,0.0166666666666666
0.0001728730850766,0.0166666666666666
0.00017288308467660002,0.0166666666666666
0.0001728930842766,0.0166666666666666
0.00017290308387660002,0.0
0.0001729130834766,0.0166666666666666
0.00017292308307660003,0.0
0.00017293308267670002,0.0
0.0001729430822767,0.0
0.00017295308187670002,0.0
0.0001729630814767,0.0
0.00017297308107670003,0.0166666666666666
0.0001729830806767,0.0166666666666666
0.0001729930802768,0.0166666666666666
0.00017300307987680002,0.0166666666666666
0.0001730130794768,0.0166666666666666
0.00017302307907680003,0.0166666666666666
0.0001730330786768,0.0166666666666666
0.00017304307827680003,0.0
0.00017305307787690002,0.0166666666666666
0.0001730630774769,0.0166666666666666
0.00017307307707690003,0.0166666666666666
0.0001730830766769,0.0
0.00017309307627690003,0.0166666666666666
0.0001731030758769,0.0333333333333332
0.00017311307547690003,0.0166666666666666
0.00017312307507700003,0.0166666666666666
0.000173133074677,0.0
0.00017314307427700003,0.0
0.000173153073877,0.0
0.00017316307347700003,0.0166666666666666
0.000173173073077,0.0
0.0001731830726771,0.0
0.00017319307227710003,0.0
0.0001732030718771,0.0
0.00017321307147710003,0.0
0.0001732230710771,0.0166666666666666
0.00017323307067710004,0.0166666666666666
0.00017324307027720003,0.0
0.0001732530698772,0.0166666666666666
0.00017326306947720003,0.0
0.0001732730690772,0.0166666666666666
0.00017328306867720004,0.0166666666666666
0.0001732930682772,0.0333333333333332
0.0001733030678773,0.0333333333333332
0.00017331306747730003,0.0166666666666666
0.0001733230670773,0.0166666666666666
0.00017333306667730004,0.0166666666666666
0.0001733430662773,0.0166666666666666
0.00017335306587730004,0.0166666666666666
0.00017336306547730001,0.0166666666666666
0.0001733730650774,0.0166666666666666
0.00017338306467740004,0.0166666666666666
0.0001733930642774,0.0
0.00017340306387740004,0.0
0.00017341306347740001,0.0166666666666666
0.00017342306307740004,0.0166666666666666
0.00017343306267750004,0.0166666666666666
0.0001734430622775,0.0
0.00017345306187750004,0.0166666666666666
0.00017346306147750001,0.0166666666666666
0.00017347306107750004,0.0
0.00017348306067750002,0.0166666666666666
0.0001734930602776,0.0166666666666666
0.00017350305987760004,0.0166666666666666
0.00017351305947760001,0.0166666666666666
0.00017352305907760004,0.0166666666666666
0.00017353305867760002,0.0166666666666666
0.0001735430582776,0.0166666666666666
0.00017355305787770004,0.0166666666666666
0.0001735630574777,0.0166666666666666
0.00017357305707770004,0.0166666666666666
0.00017358305667770002,0.0166666666666666
0.0001735930562777,0.0166666666666666
0.00017360305587770002,0.0
0.0001736130554777,0.0166666666666666
0.00017362305507780004,0.0166666666666666
0.00017363305467780002,0.0166666666666666
0.0001736430542778,0.0166666666666666
0.00017365305387780002,0.0
0.0001736630534778,0.0166666666666666
0.00017367305307780002,0.0166666666666666
0.00017368305267790002,0.0166666666666666
0.0001736930522779,0.0166666666666666
0.00017370305187790002,0.0
0.0001737130514779,0.0166666666666666
0.00017372305107790002,0.0
0.0001737330506779,0.0166666666666666
0.000173743050278,0.0
0.00017375304987800002,0.0166666666666666
0.000173763049478,0.0
0.00017377304907800002,0.0166666666666666
0.000173783048678,0.0166666666666666
0.00017379304827800003,0.0166666666666666
0.00017380304787810002,0.0166666666666666
0.0001738130474781,0.0166666666666666
0.00017382304707810002,0.0166666666666666
0.0001738330466781,0.0166666666666666
0.00017384304627810003,0.0166666666666666
0.0001738530458781,0.0
0.00017386304547810003,0.0166666666666666
0.00017387304507820002,0.0166666666666666
0.0001738830446782,0.0166666666666666
0.00017389304427820003,0.0166666666666666
0.0001739030438782,0.0
0.00017391304347820003,0.0
0.0001739230430782,0.0
0.0001739330426783,0.0166666666666666
0.00017394304227830003,0.0
0.0001739530418783,0.0166666666666666
0.00017396304147830003,0.0166666666666666
0.0001739730410783,0.0166666666666666
0.00017398304067830003,0.0166666666666666
0.00017399304027840003,0.0166666666666666
0.0001740030398784,0.0166666666666666
0.00017401303947840003,0.0
0.0001740230390784,0.0166666666666666
0.00017403303867840003,0.0333333333333332
0.0001740430382784,0.0166666666666666
0.0001740530378785,0.0166666666666666
0.00017406303747850003,0.0166666666666666
0.0001740730370785,0.0166666666666666
0.00017408303667850003,0.0166666666666666
0.0001740930362785,0.0166666666666666
0.00017410303587850004,0.0166666666666666
0.0001741130354785,0.0166666666666666
0.0001741230350786,0.0
0.00017413303467860003,0.0
0.0001741430342786,0.0166666666666666
0.00017415303387860004,0.0
0.0001741630334786,0.0166666666666666
0.00017417303307860004,0.0166666666666666
0.00017418303267870003,0.0166666666666666
0.0001741930322787,0.0166666666666666
0.00017420303187870004,0.0166666666666666
0.0001742130314787,0.0166666666666666
0.00017422303107870004,0.0166666666666666
0.00017423303067870002,0.0166666666666666
0.0001742430302788,0.0
0.00017425302987880004,0.0166666666666666
0.0001742630294788,0.0166666666666666
0.00017427302907880004,0.0
0.00017428302867880001,0.0166666666666666
0.0001742930282788,0.0166666666666666
0.00017430302787890004,0.0166666666666666
0.0001743130274789,0.0166666666666666
0.00017432302707890004,0.0166666666666666
0.00017433302667890001,0.0
0.00017434302627890004,0.0166666666666666
0.00017435302587890002,0.0166666666666666
0.0001743630254789,0.0166666666666666
0.00017437302507900004,0.0166666666666666
0.00017438302467900001,0.0166666666666666
0.00017439302427900004,0.0166666666666666
0.00017440302387900002,0.0166666666666666
0.000174413023479,0.0166666666666666
0.00017442302307900002,0.0
0.00017443302267910001,0.0166666666666666
0.00017444302227910004,0.0166666666666666
0.00017445302187910002,0.0166666666666666
0.0001744630214791,0.0
0.00017447302107910002,0.0166666666666666
0.0001744830206791,0.0166666666666666
0.00017449302027920004,0.0333333333333332
0.00017450301987920002,0.0166666666666666
0.0001745130194792,0.0
0.00017452301907920002,0.0
0.0001745330186792,0.0166666666666666
0.00017454301827920002,0.0166666666666666
0.00017455301787930002,0.0166666666666666
0.0001745630174793,0.0166666666666666
0.00017457301707930002,0.0166666666666666
0.0001745830166793,0.0166666666666666
0.00017459301627930002,0.0166666666666666
0.0001746030158793,0.0166666666666666
0.00017461301547930003,0.0166666666666666
0.00017462301507940002,0.0166666666666666
0.0001746330146794,0.0166666666666666
0.00017464301427940002,0.0166666666666666
0.0001746530138794,0.0166666666666666
0.00017466301347940003,0.0166666666666666
0.0001746730130794,0.0166666666666666
0.0001746830126795,0.0166666666666666
0.00017469301227950002,0.0166666666666666
0.0001747030118795,0.0166666666666666
0.00017471301147950003,0.0
0.0001747230110795,0.0166666666666666
0.00017473301067950003,0.0
0.00017474301027960002,0.0166666666666666
0.0001747530098796,0.0166666666666666
0.00017476300947960003,0.0166666666666666
0.0001747730090796,0.0166666666666666
0.00017478300867960003,0.0166666666666666
0.0001747930082796,0.0166666666666666
0.0001748030078797,0.0166666666666666
0.00017481300747970003,0.0166666666666666
0.0001748230070797,0.0166666666666666
0.00017483300667970003,0.0166666666666666
0.0001748430062797,0.0166666666666666
0.00017485300587970003,0.0166666666666666
0.0001748630054797,0.0166666666666666
0.0001748730050798,0.0166666666666666
0.00017488300467980003,0.0
0.0001748930042798,0.0166666666666666
0.00017490300387980003,0.0166666666666666
0.0001749130034798,0.0166666666666666
0.00017492300307980004,0.0166666666666666
0.00017493300267990003,0.0166666666666666
0.0001749430022799,0.0166666666666666
0.00017495300187990003,0.0166666666666666
0.0001749630014799,0.0166666666666666
0.00017497300107990004,0.0166666666666666
0.0001749830006799,0.0166666666666666
0.00017499300028,0.0166666666666666
0.00017500299988000003,0.0
0.00017501299948,0.0166666666666666
0.00017502299908000004,0.0166666666666666
0.00017503299868,0.0166666666666666
0.00017504299828000004,0.0
0.00017505299788010003,0.0166666666666666
0.0001750629974801,0.0166666666666666
0.00017507299708010004,0.0166666666666666
0.0001750829966801,0.0
0.00017509299628010004,0.0166666666666666
0.00017510299588010002,0.0166666666666666
0.0001751129954801,0.0166666666666666
0.00017512299508020004,0.0
0.0001751329946802,0.0166666666666666
0.00017514299428020004,0.0166666666666666
0.00017515299388020002,0.0166666666666666
0.0001751629934802,0.0166666666666666
0.00017517299308020002,0.0166666666666666
0.0001751829926803,0.0
0.00017519299228030004,0.0166666666666666
0.00017520299188030002,0.0166666666666666
0.0001752129914803,0.0166666666666666
0.00017522299108030002,0.0
0.0001752329906803,0.0166666666666666
0.00017524299028040004,0.0166666666666666
0.00017525298988040002,0.0166666666666666
0.0001752629894804,0.0166666666666666
0.00017527298908040002,0.0166666666666666
0.0001752829886804,0.0166666666666666
0.00017529298828040002,0.0
0.00017530298788050001,0.0166666666666666
0.0001753129874805,0.0166666666666666
0.00017532298708050002,0.0166666666666666
0.0001753329866805,0.0166666666666666
0.00017534298628050002,0.0166666666666666
0.0001753529858805,0.0
0.00017536298548050003,0.0166666666666666
0.00017537298508060002,0.0166666666666666
0.0001753829846806,0.0
0.00017539298428060002,0.0
0.0001754029838806,0.0166666666666666
0.00017541298348060003,0.0166666666666666
0.0001754229830806,0.0
0.0001754329826807,0.0166666666666666
0.00017544298228070002,0.0166666666666666
0.0001754529818807,0.0166666666666666
0.00017546298148070003,0.0166666666666666
0.0001754729810807,0.0166666666666666
0.00017548298068070003,0.0
0.00017549298028080002,0.0166666666666666
0.0001755029798808,0.0166666666666666
0.00017551297948080003,0.0166666666666666
0.0001755229790808,0.0166666666666666
0.00017553297868080003,0.0
0.0001755429782808,0.0166666666666666
0.0001755529778809,0.0
0.00017556297748090002,0.0166666666666666
0.0001755729770809,0.0166666666666666
0.00017558297668090003,0.0166666666666666
0.0001755929762809,0.0
0.00017560297588090003,0.0166666666666666
0.0001756129754809,0.0166666666666666
0.000175622975081,0.0166666666666666
0.00017563297468100003,0.0
0.000175642974281,0.0
0.00017565297388100003,0.0166666666666666
0.000175662973481,0.0
0.00017567297308100004,0.0166666666666666
0.00017568297268110003,0.0166666666666666
0.0001756929722811,0.0166666666666666
0.00017570297188110003,0.0
0.0001757129714811,0.0166666666666666
0.00017572297108110004,0.0166666666666666
0.0001757329706811,0.0166666666666666
0.0001757429702812,0.0166666666666666
0.00017575296988120003,0.0166666666666666
0.0001757629694812,0.0
0.00017577296908120004,0.0166666666666666
0.0001757829686812,0.0166666666666666
0.00017579296828120004,0.0
0.00017580296788130003,0.0166666666666666
0.0001758129674813,0.0166666666666666
0.00017582296708130003,0.0166666666666666
0.0001758329666813,0.0
0.00017584296628130004,0.0166666666666666
0.0001758529658813,0.0
0.00017586296548130004,0.0166666666666666
0.00017587296508140003,0.0
0.0001758829646814,0.0
0.00017589296428140004,0.0
0.0001759029638814,0.0166666666666666
0.00017591296348140004,0.0166666666666666
0.00017592296308140002,0.0166666666666666
0.0001759329626815,0.0166666666666666
0.00017594296228150004,0.0166666666666666
0.0001759529618815,0.0166666666666666
0.00017596296148150004,0.0166666666666666
0.00017597296108150002,0.0
0.0001759829606815,0.0166666666666666
0.00017599296028160004,0.0166666666666666
0.0001760029598816,0.0166666666666666
0.00017601295948160004,0.0
0.00017602295908160002,0.0166666666666666
0.0001760329586816,0.0166666666666666
0.00017604295828160002,0.0
0.0001760529578817,0.0166666666666666
0.00017606295748170004,0.0166666666666666
0.00017607295708170002,0.0166666666666666
0.0001760829566817,0.0166666666666666
0.00017609295628170002,0.0166666666666666
0.0001761029558817,0.0166666666666666
0.00017611295548170002,0.0166666666666666
0.00017612295508180002,0.0166666666666666
0.0001761329546818,0.0166666666666666
0.00017614295428180002,0.0166666666666666
0.0001761529538818,0.0166666666666666
0.00017616295348180002,0.0166666666666666
0.0001761729530818,0.0166666666666666
0.0001761829526819,0.0166666666666666
0.00017619295228190002,0.0166666666666666
0.0001762029518819,0.0166666666666666
0.00017621295148190002,0.0166666666666666
0.0001762229510819,0.0166666666666666
0.00017623295068190003,0.0166666666666666
0.00017624295028200002,0.0166666666666666
0.000176252949882,0.0166666666666666
0.00017626294948200002,0.0166666666666666
0.000176272949082,0.0166666666666666
0.00017628294868200003,0.0166666666666666
0.000176292948282,0.0166666666666666
0.0001763029478821,0.0166666666666666
0.00017631294748210002,0.0166666666666666
0.0001763229470821,0.0166666666666666
0.00017633294668210003,0.0166666666666666
0.0001763429462821,0.0166666666666666
0.00017635294588210003,0.0166666666666666
0.0001763629454821,0.0
0.0001763729450822,0.0166666666666666
0.00017638294468220003,0.0
0.0001763929442822,0.0166666666666666
0.00017640294388220003,0.0166666666666666
0.0001764129434822,0.0
0.00017642294308220003,0.0166666666666666
0.00017643294268230003,0.0166666666666666
0.0001764429422823,0.0166666666666666
0.00017645294188230003,0.0166666666666666
0.0001764629414823,0.0
0.00017647294108230003,0.0
0.0001764829406823,0.0166666666666666
0.0001764929402824,0.0166666666666666
0.00017650293988240003,0.0
0.0001765129394824,0.0166666666666666
0.00017652293908240003,0.0166666666666666
0.0001765329386824,0.0166666666666666
0.00017654293828240004,0.0
0.00017655293788250003,0.0
0.0001765629374825,0.0
0.00017657293708250003,0.0
0.0001765829366825,0.0166666666666666
0.00017659293628250004,0.0166666666666666
0.0001766029358825,0.0166666666666666
0.00017661293548250004,0.0166666666666666
0.00017662293508260003,0.0166666666666666
0.0001766329346826,0.0166666666666666
0.00017664293428260004,0.0
0.0001766529338826,0.0166666666666666
0.00017666293348260004,0.0166666666666666
0.00017667293308260001,0.0166666666666666
0.0001766829326827,0.0166666666666666
0.00017669293228270004,0.0166666666666666
0.0001767029318827,0.0166666666666666
0.00017671293148270004,0.0166666666666666
0.00017672293108270001,0.0166666666666666
0.00017673293068270004,0.0
0.00017674293028280004,0.0
0.0001767529298828,0.0
0.00017676292948280004,0.0166666666666666
0.00017677292908280001,0.0166666666666666
0.00017678292868280004,0.0166666666666666
0.00017679292828280002,0.0
0.0001768029278829,0.0166666666666666
0.00017681292748290004,0.0166666666666666
0.00017682292708290001,0.0166666666666666
0.00017683292668290004,0.0166666666666666
0.00017684292628290002,0.0
0.0001768529258829,0.0166666666666666
0.00017686292548290002,0.0
0.000176872925083,0.0166666666666666
0.00017688292468300004,0.0166666666666666
0.00017689292428300002,0.0
0.000176902923883,0.0
0.00017691292348300002,0.0
0.000176922923083,0.0166666666666666
0.00017693292268310004,0.0166666666666666
0.00017694292228310002,0.0166666666666666
0.0001769529218831,0.0166666666666666
0.00017696292148310002,0.0166666666666666
0.0001769729210831,0.0166666666666666
0.00017698292068310002,0.0
0.00017699292028320002,0.0166666666666666
0.0001770029198832,0.0166666666666666
0.00017701291948320002,0.0166666666666666
0.0001770229190832,0.0166666666666666
0.00017703291868320002,0.0
0.0001770429182832,0.0166666666666666
0.0001770529178833,0.0166666666666666
0.00017706291748330002,0.0166666666666666
0.0001770729170833,0.0166666666666666
0.00017708291668330002,0.0166666666666666
0.0001770929162833,0.0166666666666666
0.00017710291588330003,0.0
0.0001771129154833,0.0166666666666666
0.0001771229150834,0.0
0.00017713291468340002,0.0
0.0001771429142834,0.0166666666666666
0.00017715291388340003,0.0166666666666666
0.0001771629134834,0.0166666666666666
0.00017717291308340003,0.0166666666666666
0.00017718291268350002,0.0166666666666666
0.0001771929122835,0.0166666666666666
0.00017720291188350003,0.0
0.0001772129114835,0.0166666666666666
0.00017722291108350003,0.0166666666666666
0.0001772329106835,0.0166666666666666
0.0001772429102836,0.0166666666666666
0.00017725290988360003,0.0
0.0001772629094836,0.0
0.00017727290908360003,0.0166666666666666
0.0001772829086836,0.0166666666666666
0.00017729290828360003,0.0166666666666666
0.00017730290788370003,0.0166666666666666
0.0001773129074837,0.0
0.00017732290708370003,0.0
0.0001773329066837,0.0166666666666666
0.00017734290628370003,0.0166666666666666
0.0001773529058837,0.0166666666666666
0.00017736290548370004,0.0
0.00017737290508380003,0.0166666666666666
0.0001773829046838,0.0
0.00017739290428380003,0.0166666666666666
0.0001774029038838,0.0166666666666666
0.00017741290348380004,0.0166666666666666
0.0001774229030838,0.0
0.0001774329026839,0.0166666666666666
0.00017744290228390003,0.0
0.0001774529018839,0.0166666666666666
0.00017746290148390004,0.0166666666666666
0.0001774729010839,0.0166666666666666
0.00017748290068390004,0.0166666666666666
0.00017749290028400003,0.0166666666666666
0.000177502899884,0.0166666666666666
0.00017751289948400004,0.0166666666666666
0.000177522899084,0.0166666666666666
0.00017753289868400004,0.0166666666666666
0.00017754289828400002,0.0166666666666666
0.0001775528978841,0.0166666666666666
0.00017756289748410004,0.0
0.0001775728970841,0.0166666666666666
0.00017758289668410004,0.0166666666666666
0.00017759289628410001,0.0166666666666666
0.0001776028958841,0.0
0.00017761289548410002,0.0166666666666666
0.0001776228950842,0.0
0.00017763289468420004,0.0166666666666666
0.00017764289428420001,0.0
0.00017765289388420004,0.0166666666666666
0.00017766289348420002,0.0
0.0001776728930842,0.0166666666666666
0.00017768289268430004,0.0166666666666666
0.00017769289228430001,0.0166666666666666
0.00017770289188430004,0.0166666666666666
0.00017771289148430002,0.0166666666666666
0.0001777228910843,0.0166666666666666
0.00017773289068430002,0.0
0.00017774289028440001,0.0166666666666666
0.00017775288988440004,0.0166666666666666
0.00017776288948440002,0.0166666666666666
0.0001777728890844,0.0166666666666666
0.00017778288868440002,0.0166666666666666
0.0001777928882844,0.0166666666666666
0.00017780288788450004,0.0166666666666666
0.00017781288748450002,0.0166666666666666
0.0001778228870845,0.0166666666666666
0.00017783288668450002,0.0166666666666666
0.0001778428862845,0.0166666666666666
0.00017785288588450002,0.0166666666666666
0.0001778628854845,0.0166666666666666
0.0001778728850846,0.0166666666666666
0.00017788288468460002,0.0166666666666666
0.0001778928842846,0.0
0.00017790288388460002,0.0166666666666666
0.0001779128834846,0.0166666666666666
0.00017792288308460003,0.0166666666666666
0.00017793288268470002,0.0166666666666666
0.0001779428822847,0.0
0.00017795288188470002,0.0166666666666666
0.0001779628814847,0.0
0.00017797288108470003,0.0166666666666666
0.0001779828806847,0.0166666666666666
0.0001779928802848,0.0166666666666666
0.00017800287988480002,0.0166666666666666
0.0001780128794848,0.0166666666666666
0.00017802287908480003,0.0166666666666666
0.0001780328786848,0.0166666666666666
0.00017804287828480003,0.0166666666666666
0.00017805287788490002,0.0166666666666666
0.0001780628774849,0.0
0.00017807287708490003,0.0166666666666666
0.0001780828766849,0.0166666666666666
0.00017809287628490003,0.0
0.0001781028758849,0.0166666666666666
0.00017811287548490003,0.0166666666666666
0.00017812287508500003,0.0166666666666666
0.000178132874685,0.0166666666666666
0.00017814287428500003,0.0166666666666666
0.000178152873885,0.0166666666666666
0.00017816287348500003,0.0
0.000178172873085,0.0166666666666666
0.0001781828726851,0.0
0.00017819287228510003,0.0166666666666666
0.0001782028718851,0.0166666666666666
0.00017821287148510003,0.0166666666666666
0.0001782228710851,0.0166666666666666
0.00017823287068510004,0.0166666666666666
0.00017824287028520003,0.0166666666666666
0.0001782528698852,0.0166666666666666
0.00017826286948520003,0.0166666666666666
0.0001782728690852,0.0
0.00017828286868520004,0.0166666666666666
0.0001782928682852,0.0166666666666666
0.0001783028678853,0.0
0.00017831286748530003,0.0166666666666666
0.0001783228670853,0.0
0.00017833286668530004,0.0
0.0001783428662853,0.0166666666666666
0.00017835286588530004,0.0166666666666666
0.00017836286548530002,0.0166666666666666
0.0001783728650854,0.0
0.00017838286468540004,0.0
0.0001783928642854,0.0
0.00017840286388540004,0.0166666666666666
0.00017841286348540002,0.0166666666666666
0.0001784228630854,0.0333333333333332
0.00017843286268550004,0.0166666666666666
0.0001784428622855,0.0166666666666666
0.00017845286188550004,0.0
0.00017846286148550002,0.0
0.0001784728610855,0.0166666666666666
0.00017848286068550002,0.0166666666666666
0.0001784928602856,0.0166666666666666
0.00017850285988560004,0.0166666666666666
0.00017851285948560002,0.0166666666666666
0.0001785228590856,0.0
0.00017853285868560002,0.0166666666666666
0.0001785428582856,0.0166666666666666
0.00017855285788560002,0.0166666666666666
0.00017856285748570002,0.0
0.0001785728570857,0.0166666666666666
0.00017858285668570002,0.0
0.0001785928562857,0.0166666666666666
0.00017860285588570002,0.0166666666666666
0.0001786128554857,0.0
0.0001786228550858,0.0166666666666666
0.00017863285468580002,0.0166666666666666
0.0001786428542858,0.0
0.00017865285388580002,0.0166666666666666
0.0001786628534858,0.0166666666666666
0.00017867285308580003,0.0166666666666666
0.00017868285268590002,0.0166666666666666
0.0001786928522859,0.0166666666666666
0.00017870285188590002,0.0
0.0001787128514859,0.0166666666666666
0.00017872285108590003,0.0166666666666666
0.0001787328506859,0.0166666666666666
0.000178742850286,0.0166666666666666
0.00017875284988600002,0.0166666666666666
0.000178762849486,0.0166666666666666
0.00017877284908600003,0.0166666666666666
0.000178782848686,0.0166666666666666
0.00017879284828600003,0.0166666666666666
0.000178802847886,0.0166666666666666
0.0001788128474861,0.0166666666666666
0.00017882284708610003,0.0166666666666666
0.0001788328466861,0.0166666666666666
0.00017884284628610003,0.0166666666666666
0.0001788528458861,0.0166666666666666
0.00017886284548610003,0.0166666666666666
0.00017887284508620002,0.0166666666666666
0.0001788828446862,0.0
0.00017889284428620003,0.0166666666666666
0.0001789028438862,0.0166666666666666
0.00017891284348620003,0.0166666666666666
0.0001789228430862,0.0
0.0001789328426863,0.0166666666666666
0.00017894284228630003,0.0166666666666666
0.0001789528418863,0.0166666666666666
0.00017896284148630003,0.0
0.0001789728410863,0.0166666666666666
0.00017898284068630004,0.0166666666666666
0.00017899284028640003,0.0166666666666666
0.0001790028398864,0.0
0.00017901283948640003,0.0166666666666666
0.0001790228390864,0.0166666666666666
0.00017903283868640004,0.0166666666666666
0.0001790428382864,0.0166666666666666
0.00017905283788640004,0.0166666666666666
0.00017906283748650003,0.0
0.0001790728370865,0.0166666666666666
0.00017908283668650004,0.0166666666666666
0.0001790928362865,0.0
0.00017910283588650004,0.0166666666666666
0.00017911283548650001,0.0166666666666666
0.0001791228350866,0.0166666666666666
0.00017913283468660003,0.0166666666666666
0.0001791428342866,0.0166666666666666
0.00017915283388660004,0.0
0.0001791628334866,0.0166666666666666
0.00017917283308660004,0.0166666666666666
0.00017918283268670003,0.0
0.0001791928322867,0.0166666666666666
0.00017920283188670004,0.0166666666666666
0.0001792128314867,0.0166666666666666
0.00017922283108670004,0.0166666666666666
0.00017923283068670002,0.0166666666666666
0.0001792428302868,0.0
0.00017925282988680004,0.0166666666666666
0.0001792628294868,0.0166666666666666
0.00017927282908680004,0.0166666666666666
0.00017928282868680002,0.0166666666666666
0.0001792928282868,0.0166666666666666
0.00017930282788680002,0.0166666666666666
0.0001793128274869,0.0166666666666666
0.00017932282708690004,0.0166666666666666
0.00017933282668690002,0.0166666666666666
0.0001793428262869,0.0166666666666666
0.00017935282588690002,0.0166666666666666
0.0001793628254869,0.0166666666666666
0.00017937282508700004,0.0
0.00017938282468700002,0.0166666666666666
0.000179392824287,0.0166666666666666
0.00017940282388700002,0.0166666666666666
0.000179412823487,0.0166666666666666
0.00017942282308700002,0.0166666666666666
0.00017943282268710002,0.0166666666666666
0.0001794428222871,0.0
0.00017945282188710002,0.0166666666666666
0.0001794628214871,0.0166666666666666
0.00017947282108710002,0.0166666666666666
0.0001794828206871,0.0166666666666666
0.0001794928202872,0.0166666666666666
0.00017950281988720002,0.0
0.0001795128194872,0.0166666666666666
0.00017952281908720002,0.0166666666666666
0.0001795328186872,0.0
0.00017954281828720003,0.0166666666666666
0.0001795528178872,0.0
0.0001795628174873,0.0
0.00017957281708730002,0.0166666666666666
0.0001795828166873,0.0166666666666666
0.00017959281628730003,0.0
0.0001796028158873,0.0166666666666666
0.00017961281548730003,0.0166666666666666
0.00017962281508740002,0.0
0.0001796328146874,0.0166666666666666
0.00017964281428740003,0.0166666666666666
0.0001796528138874,0.0
0.00017966281348740003,0.0166666666666666
0.0001796728130874,0.0166666666666666
0.0001796828126875,0.0166666666666666
0.00017969281228750003,0.0166666666666666
0.0001797028118875,0.0166666666666666
0.00017971281148750003,0.0166666666666666
0.0001797228110875,0.0166666666666666
0.00017973281068750003,0.0
0.00017974281028760003,0.0
0.0001797528098876,0.0166666666666666
0.00017976280948760003,0.0166666666666666
0.0001797728090876,0.0166666666666666
0.00017978280868760003,0.0166666666666666
0.0001797928082876,0.0166666666666666
0.00017980280788760004,0.0166666666666666
0.00017981280748770003,0.0166666666666666
0.0001798228070877,0.0166666666666666
0.00017983280668770003,0.0
0.0001798428062877,0.0166666666666666
0.00017985280588770004,0.0166666666666666
0.0001798628054877,0.0166666666666666
0.0001798728050878,0.0166666666666666
0.00017988280468780003,0.0166666666666666
0.0001798928042878,0.0166666666666666
0.00017990280388780004,0.0
0.0001799128034878,0.0166666666666666
0.00017992280308780004,0.0
0.00017993280268790003,0.0166666666666666
0.0001799428022879,0.0166666666666666
0.00017995280188790004,0.0166666666666666
0.0001799628014879,0.0
0.00017997280108790004,0.0166666666666666
0.00017998280068790001,0.0
0.000179992800288,0.0166666666666666
0.00018000279988800004,0.0166666666666666
0.000180012799488,0.0166666666666666
0.00018002279908800004,0.0166666666666666
0.00018003279868800001,0.0166666666666666
0.00018004279828800004,0.0166666666666666
0.00018005279788800002,0.0166666666666666
0.0001800627974881,0.0166666666666666
0.00018007279708810004,0.0166666666666666
0.00018008279668810001,0.0166666666666666
0.00018009279628810004,0.0166666666666666
0.00018010279588810002,0.0166666666666666
0.0001801127954881,0.0166666666666666
0.00018012279508820004,0.0166666666666666
0.00018013279468820001,0.0166666666666666
0.00018014279428820004,0.0166666666666666
0.00018015279388820002,0.0
0.0001801627934882,0.0
0.00018017279308820002,0.0166666666666666
0.0001801827926883,0.0166666666666666
0.00018019279228830004,0.0166666666666666
0.00018020279188830002,0.0166666666666666
0.0001802127914883,0.0
0.00018022279108830002,0.0166666666666666
0.0001802327906883,0.0166666666666666
0.00018024279028840004,0.0
0.00018025278988840002,0.0
0.0001802627894884,0.0166666666666666
0.00018027278908840002,0.0166666666666666
0.0001802827886884,0.0166666666666666
0.00018029278828840002,0.0166666666666666
0.0001803027878884,0.0
0.0001803127874885,0.0
0.00018032278708850002,0.0166666666666666
0.0001803327866885,0.0166666666666666
0.00018034278628850002,0.0166666666666666
0.0001803527858885,0.0166666666666666
0.00018036278548850003,0.0166666666666666
0.00018037278508860002,0.0166666666666666
0.0001803827846886,0.0166666666666666
0.00018039278428860002,0.0166666666666666
0.0001804027838886,0.0166666666666666
0.00018041278348860003,0.0
0.0001804227830886,0.0166666666666666
0.0001804327826887,0.0166666666666666
0.00018044278228870002,0.0166666666666666
0.0001804527818887,0.0166666666666666
0.00018046278148870003,0.0
0.0001804727810887,0.0166666666666666
0.00018048278068870003,0.0166666666666666
0.00018049278028880002,0.0166666666666666
0.0001805027798888,0.0
0.00018051277948880003,0.0166666666666666
0.0001805227790888,0.0
0.00018053277868880003,0.0
0.0001805427782888,0.0
0.00018055277788880003,0.0
0.00018056277748890003,0.0166666666666666
0.0001805727770889,0.0166666666666666
0.00018058277668890003,0.0166666666666666
0.0001805927762889,0.0166666666666666
0.00018060277588890003,0.0166666666666666
0.0001806127754889,0.0166666666666666
0.000180622775089,0.0166666666666666
0.00018063277468900003,0.0166666666666666
0.000180642774289,0.0166666666666666
0.00018065277388900003,0.0166666666666666
0.000180662773489,0.0166666666666666
0.00018067277308900004,0.0166666666666666
0.00018068277268910003,0.0
0.0001806927722891,0.0
0.00018070277188910003,0.0166666666666666
0.0001807127714891,0.0166666666666666
0.00018072277108910004,0.0166666666666666
0.0001807327706891,0.0
0.0001807427702892,0.0166666666666666
0.00018075276988920003,0.0
0.0001807627694892,0.0166666666666666
0.00018077276908920004,0.0166666666666666
0.0001807827686892,0.0166666666666666
0.00018079276828920004,0.0
0.00018080276788920002,0.0166666666666666
0.0001808127674893,0.0166666666666666
0.00018082276708930004,0.0166666666666666
0.0001808327666893,0.0166666666666666
0.00018084276628930004,0.0166666666666666
0.00018085276588930002,0.0166666666666666
0.0001808627654893,0.0
0.00018087276508940004,0.0166666666666666
0.0001808827646894,0.0166666666666666
0.00018089276428940004,0.0166666666666666
0.00018090276388940001,0.0166666666666666
0.0001809127634894,0.0166666666666666
0.00018092276308940002,0.0166666666666666
0.0001809327626895,0.0166666666666666
0.00018094276228950004,0.0166666666666666
0.00018095276188950001,0.0166666666666666
0.00018096276148950004,0.0
0.00018097276108950002,0.0166666666666666
0.0001809827606895,0.0166666666666666
0.00018099276028960004,0.0166666666666666
0.00018100275988960001,0.0166666666666666
0.00018101275948960004,0.0166666666666666
0.00018102275908960002,0.0166666666666666
0.0001810327586896,0.0
0.00018104275828960002,0.0
0.0001810527578896,0.0166666666666666
0.00018106275748970004,0.0166666666666666
0.00018107275708970002,0.0
0.0001810827566897,0.0166666666666666
0.00018109275628970002,0.0166666666666666
0.0001811027558897,0.0
0.00018111275548970003,0.0166666666666666
0.00018112275508980002,0.0166666666666666
0.0001811327546898,0.0166666666666666
0.00018114275428980002,0.0166666666666666
0.0001811527538898,0.0166666666666666
0.00018116275348980002,0.0166666666666666
0.0001811727530898,0.0
0.0001811827526899,0.0166666666666666
0.00018119275228990002,0.0
0.0001812027518899,0.0166666666666666
0.00018121275148990002,0.0
0.0001812227510899,0.0166666666666666
0.00018123275068990003,0.0166666666666666
0.00018124275029000002,0.0166666666666666
0.00018125274989,0.0166666666666666
0.00018126274949000002,0.0166666666666666
0.00018127274909,0.0166666666666666
0.00018128274869000003,0.0166666666666666
0.00018129274829,0.0166666666666666
0.00018130274789000003,0.0
0.00018131274749010002,0.0
0.0001813227470901,0.0166666666666666
0.00018133274669010003,0.0
0.0001813427462901,0.0
0.00018135274589010003,0.0166666666666666
0.0001813627454901,0.0
0.0001813727450902,0.0166666666666666
0.00018138274469020003,0.0
0.0001813927442902,0.0166666666666666
0.00018140274389020003,0.0166666666666666
0.0001814127434902,0.0166666666666666
0.00018142274309020003,0.0166666666666666
0.00018143274269030003,0.0166666666666666
0.0001814427422903,0.0166666666666666
0.00018145274189030003,0.0
0.0001814627414903,0.0166666666666666
0.00018147274109030003,0.0166666666666666
0.0001814827406903,0.0
0.0001814927402904,0.0166666666666666
0.00018150273989040003,0.0166666666666666
0.0001815127394904,0.0166666666666666
0.00018152273909040003,0.0166666666666666
0.0001815327386904,0.0166666666666666
0.00018154273829040004,0.0166666666666666
0.0001815527378904,0.0166666666666666
0.0001815627374905,0.0166666666666666
0.00018157273709050003,0.0166666666666666
0.0001815827366905,0.0166666666666666
0.00018159273629050004,0.0166666666666666
0.0001816027358905,0.0166666666666666
0.00018161273549050004,0.0166666666666666
0.00018162273509060003,0.0
0.0001816327346906,0.0166666666666666
0.00018164273429060004,0.0166666666666666
0.0001816527338906,0.0
0.00018166273349060004,0.0166666666666666
0.00018167273309060002,0.0
0.0001816827326907,0.0166666666666666
0.00018169273229070004,0.0166666666666666
0.0001817027318907,0.0
0.00018171273149070004,0.0
0.00018172273109070002,0.0166666666666666
0.0001817327306907,0.0166666666666666
0.00018174273029080004,0.0
0.0001817527298908,0.0
0.00018176272949080004,0.0166666666666666
0.00018177272909080002,0.0166666666666666
0.0001817827286908,0.0
0.00018179272829080002,0.0166666666666666
0.0001818027278908,0.0166666666666666
0.00018181272749090004,0.0166666666666666
0.00018182272709090002,0.0166666666666666
0.0001818327266909,0.0
0.00018184272629090002,0.0166666666666666
0.0001818527258909,0.0
0.00018186272549090002,0.0166666666666666
0.00018187272509100002,0.0166666666666666
0.000181882724691,0.0166666666666666
0.00018189272429100002,0.0166666666666666
0.000181902723891,0.0166666666666666
0.00018191272349100002,0.0166666666666666
0.000181922723091,0.0166666666666666
0.0001819327226911,0.0166666666666666
0.00018194272229110002,0.0
0.0001819527218911,0.0166666666666666
0.00018196272149110002,0.0166666666666666
0.0001819727210911,0.0166666666666666
0.00018198272069110003,0.0
0.00018199272029120002,0.0166666666666666
0.0001820027198912,0.0
0.00018201271949120002,0.0166666666666666
0.0001820227190912,0.0
0.00018203271869120003,0.0166666666666666
0.0001820427182912,0.0166666666666666
0.00018205271789120003,0.0166666666666666
0.00018206271749130002,0.0166666666666666
0.0001820727170913,0.0166666666666666
0.00018208271669130003,0.0166666666666666
0.0001820927162913,0.0166666666666666
0.00018210271589130003,0.0166666666666666
0.0001821127154913,0.0166666666666666
0.0001821227150914,0.0166666666666666
0.00018213271469140003,0.0166666666666666
0.0001821427142914,0.0
0.00018215271389140003,0.0166666666666666
0.0001821627134914,0.0166666666666666
0.00018217271309140003,0.0166666666666666
0.00018218271269150002,0.0166666666666666
0.0001821927122915,0.0166666666666666
0.00018220271189150003,0.0166666666666666
0.0001822127114915,0.0166666666666666
0.00018222271109150003,0.0166666666666666
0.0001822327106915,0.0166666666666666
0.0001822427102916,0.0166666666666666
0.00018225270989160003,0.0166666666666666
0.0001822627094916,0.0166666666666666
0.00018227270909160003,0.0166666666666666
0.0001822827086916,0.0
0.00018229270829160004,0.0166666666666666
0.0001823027078916,0.0
0.0001823127074917,0.0
0.00018232270709170003,0.0166666666666666
0.0001823327066917,0.0166666666666666
0.00018234270629170004,0.0
0.0001823527058917,0.0166666666666666
0.00018236270549170004,0.0166666666666666
0.00018237270509180003,0.0166666666666666
0.0001823827046918,0.0166666666666666
0.00018239270429180004,0.0166666666666666
0.0001824027038918,0.0166666666666666
0.00018241270349180004,0.0166666666666666
0.00018242270309180001,0.0
0.0001824327026919,0.0166666666666666
0.00018244270229190003,0.0166666666666666
0.0001824527018919,0.0166666666666666
0.00018246270149190004,0.0166666666666666
0.0001824727010919,0.0166666666666666
0.00018248270069190004,0.0166666666666666
0.00018249270029200003,0.0166666666666666
0.000182502699892,0.0166666666666666
0.00018251269949200004,0.0166666666666666
0.000182522699092,0.0166666666666666
0.00018253269869200004,0.0166666666666666
0.00018254269829200002,0.0166666666666666
0.000182552697892,0.0166666666666666
0.00018256269749210004,0.0
0.0001825726970921,0.0166666666666666
0.00018258269669210004,0.0
0.00018259269629210002,0.0166666666666666
0.0001826026958921,0.0166666666666666
0.00018261269549210002,0.0166666666666666
0.0001826226950922,0.0166666666666666
0.00018263269469220004,0.0166666666666666
0.00018264269429220002,0.0166666666666666
0.0001826526938922,0.0166666666666666
0.00018266269349220002,0.0166666666666666
0.0001826726930922,0.0166666666666666
0.00018268269269230004,0.0166666666666666
0.00018269269229230002,0.0166666666666666
0.0001827026918923,0.0166666666666666
0.00018271269149230002,0.0
0.0001827226910923,0.0
0.00018273269069230002,0.0166666666666666
0.00018274269029240002,0.0166666666666666
0.0001827526898924,0.0166666666666666
0.00018276268949240002,0.0166666666666666
0.0001827726890924,0.0333333333333332
0.00018278268869240002,0.0
0.0001827926882924,0.0166666666666666
0.00018280268789240003,0.0166666666666666
0.00018281268749250002,0.0166666666666666
0.0001828226870925,0.0
0.00018283268669250002,0.0166666666666666
0.0001828426862925,0.0166666666666666
0.00018285268589250003,0.0
0.0001828626854925,0.0
0.0001828726850926,0.0166666666666666
0.00018288268469260002,0.0
0.0001828926842926,0.0166666666666666
0.00018290268389260003,0.0166666666666666
0.0001829126834926,0.0166666666666666
0.00018292268309260003,0.0
0.00018293268269270002,0.0166666666666666
0.0001829426822927,0.0166666666666666
0.00018295268189270003,0.0
0.0001829626814927,0.0166666666666666
0.00018297268109270003,0.0166666666666666
0.0001829826806927,0.0166666666666666
0.0001829926802928,0.0166666666666666
0.00018300267989280003,0.0166666666666666
0.0001830126794928,0.0
0.00018302267909280003,0.0
0.0001830326786928,0.0166666666666666
0.00018304267829280003,0.0
0.0001830526778928,0.0166666666666666
0.0001830626774929,0.0166666666666666
0.00018307267709290003,0.0166666666666666
0.0001830826766929,0.0166666666666666
0.00018309267629290003,0.0166666666666666
0.0001831026758929,0.0166666666666666
0.00018311267549290004,0.0166666666666666
0.00018312267509300003,0.0166666666666666
0.000183132674693,0.0
0.00018314267429300003,0.0166666666666666
0.000183152673893,0.0166666666666666
0.00018316267349300004,0.0166666666666666
0.000183172673093,0.0166666666666666
0.0001831826726931,0.0166666666666666
0.00018319267229310003,0.0166666666666666
0.0001832026718931,0.0166666666666666
0.00018321267149310004,0.0166666666666666
0.0001832226710931,0.0
0.00018323267069310004,0.0166666666666666
0.00018324267029320003,0.0166666666666666
0.0001832526698932,0.0166666666666666
0.00018326266949320004,0.0166666666666666
0.0001832726690932,0.0166666666666666
0.00018328266869320004,0.0
0.00018329266829320001,0.0166666666666666
0.00018330266789320004,0.0166666666666666
0.00018331266749330004,0.0166666666666666
0.0001833226670933,0.0166666666666666
0.00018333266669330004,0.0166666666666666
0.00018334266629330001,0.0166666666666666
0.00018335266589330004,0.0166666666666666
0.00018336266549330002,0.0
0.0001833726650934,0.0166666666666666
0.00018338266469340004,0.0166666666666666
0.00018339266429340001,0.0166666666666666
0.00018340266389340004,0.0166666666666666
0.00018341266349340002,0.0166666666666666
0.0001834226630934,0.0166666666666666
0.00018343266269350004,0.0166666666666666
0.00018344266229350001,0.0
0.00018345266189350004,0.0
0.00018346266149350002,0.0166666666666666
0.0001834726610935,0.0166666666666666
0.00018348266069350002,0.0166666666666666
0.0001834926602936,0.0166666666666666
0.00018350265989360004,0.0166666666666666
0.00018351265949360002,0.0166666666666666
0.0001835226590936,0.0166666666666666
0.00018353265869360002,0.0166666666666666
0.0001835426582936,0.0
0.00018355265789360002,0.0166666666666666
0.00018356265749370002,0.0166666666666666
0.0001835726570937,0.0166666666666666
0.00018358265669370002,0.0166666666666666
0.0001835926562937,0.0166666666666666
0.00018360265589370002,0.0166666666666666
0.0001836126554937,0.0166666666666666
0.0001836226550938,0.0166666666666666
0.00018363265469380002,0.0166666666666666
0.0001836426542938,0.0166666666666666
0.00018365265389380002,0.0166666666666666
0.0001836626534938,0.0166666666666666
0.00018367265309380003,0.0166666666666666
0.00018368265269390002,0.0166666666666666
0.0001836926522939,0.0166666666666666
0.00018370265189390002,0.0166666666666666
0.0001837126514939,0.0166666666666666
0.00018372265109390003,0.0166666666666666
0.0001837326506939,0.0166666666666666
0.000183742650294,0.0166666666666666
0.00018375264989400002,0.0166666666666666
0.000183762649494,0.0166666666666666
0.00018377264909400003,0.0
0.000183782648694,0.0166666666666666
0.00018379264829400003,0.0166666666666666
0.000183802647894,0.0
0.0001838126474941,0.0166666666666666
0.00018382264709410003,0.0166666666666666
0.0001838326466941,0.0166666666666666
0.00018384264629410003,0.0166666666666666
0.0001838526458941,0.0
0.00018386264549410003,0.0166666666666666
0.00018387264509420003,0.0
0.0001838826446942,0.0166666666666666
0.00018389264429420003,0.0166666666666666
0.0001839026438942,0.0
0.00018391264349420003,0.0166666666666666
0.0001839226430942,0.0166666666666666
0.0001839326426943,0.0166666666666666
0.00018394264229430003,0.0
0.0001839526418943,0.0166666666666666
0.00018396264149430003,0.0166666666666666
0.0001839726410943,0.0166666666666666
0.00018398264069430004,0.0166666666666666
0.00018399264029440003,0.0166666666666666
0.0001840026398944,0.0
0.00018401263949440003,0.0
0.0001840226390944,0.0166666666666666
0.00018403263869440004,0.0166666666666666
0.0001840426382944,0.0
0.00018405263789440004,0.0166666666666666
0.00018406263749450003,0.0166666666666666
0.0001840726370945,0.0166666666666666
0.00018408263669450004,0.0166666666666666
0.0001840926362945,0.0166666666666666
0.00018410263589450004,0.0166666666666666
0.00018411263549450002,0.0166666666666666
0.0001841226350946,0.0166666666666666
0.00018413263469460004,0.0166666666666666
0.0001841426342946,0.0166666666666666
0.00018415263389460004,0.0166666666666666
0.00018416263349460002,0.0166666666666666
0.0001841726330946,0.0166666666666666
0.00018418263269470004,0.0166666666666666
0.0001841926322947,0.0166666666666666
0.00018420263189470004,0.0166666666666666
0.00018421263149470001,0.0166666666666666
0.0001842226310947,0.0166666666666666
0.00018423263069470002,0.0166666666666666
0.0001842426302948,0.0166666666666666
0.00018425262989480004,0.0
0.00018426262949480001,0.0166666666666666
0.00018427262909480004,0.0166666666666666
0.00018428262869480002,0.0166666666666666
0.0001842926282948,0.0166666666666666
0.00018430262789480002,0.0166666666666666
0.00018431262749490001,0.0166666666666666
0.00018432262709490004,0.0166666666666666
0.00018433262669490002,0.0166666666666666
0.0001843426262949,0.0166666666666666
0.00018435262589490002,0.0166666666666666
0.0001843626254949,0.0166666666666666
0.00018437262509500004,0.0166666666666666
0.00018438262469500002,0.0166666666666666
0.000184392624295,0.0166666666666666
0.00018440262389500002,0.0
0.000184412623495,0.0166666666666666
0.00018442262309500003,0.0166666666666666
0.00018443262269510002,0.0166666666666666
0.0001844426222951,0.0166666666666666
0.00018445262189510002,0.0166666666666666
0.0001844626214951,0.0166666666666666
0.00018447262109510002,0.0
0.0001844826206951,0.0
0.0001844926202952,0.0166666666666666
0.00018450261989520002,0.0166666666666666
0.0001845126194952,0.0166666666666666
0.00018452261909520002,0.0166666666666666
0.0001845326186952,0.0166666666666666
0.00018454261829520003,0.0166666666666666
0.0001845526178952,0.0166666666666666
0.0001845626174953,0.0166666666666666
0.00018457261709530002,0.0
0.0001845826166953,0.0166666666666666
0.00018459261629530003,0.0
0.0001846026158953,0.0166666666666666
0.00018461261549530003,0.0333333333333332
0.00018462261509540002,0.0166666666666666
0.0001846326146954,0.0
0.00018464261429540003,0.0
0.0001846526138954,0.0
0.00018466261349540003,0.0
0.0001846726130954,0.0
0.0001846826126955,0.0333333333333332
0.00018469261229550003,0.0166666666666666
0.0001847026118955,0.0
0.00018471261149550003,0.0
0.0001847226110955,0.0
0.00018473261069550003,0.0166666666666666
0.00018474261029560003,0.0166666666666666
0.0001847526098956,0.0333333333333332
0.00018476260949560003,0.0166666666666666
0.0001847726090956,0.0
0.00018478260869560003,0.0
0.0001847926082956,0.0
0.00018480260789560004,0.0
0.00018481260749570003,0.0166666666666666
0.0001848226070957,0.0166666666666666
0.00018483260669570003,0.0166666666666666
0.0001848426062957,0.0
0.00018485260589570004,0.0
0.0001848626054957,0.0
0.0001848726050958,0.0166666666666666
0.00018488260469580003,0.0166666666666666
0.0001848926042958,0.0166666666666666
0.00018490260389580004,0.0166666666666666
0.0001849126034958,0.0
0.00018492260309580004,0.0166666666666666
0.00018493260269590003,0.0333333333333332
0.0001849426022959,0.0166666666666666
0.00018495260189590004,0.0
0.0001849626014959,0.0
0.00018497260109590004,0.0
0.00018498260069590002,0.0166666666666666
0.000184992600296,0.0166666666666666
0.00018500259989600004,0.0166666666666666
0.000185012599496,0.0166666666666666
0.00018502259909600004,0.0166666666666666
0.00018503259869600002,0.0166666666666666
0.000185042598296,0.0166666666666666
0.00018505259789600002,0.0166666666666666
0.0001850625974961,0.0166666666666666
0.00018507259709610004,0.0166666666666666
0.00018508259669610002,0.0
0.0001850925962961,0.0
0.00018510259589610002,0.0166666666666666
0.0001851125954961,0.0166666666666666
0.00018512259509620004,0.0166666666666666
0.00018513259469620002,0.0166666666666666
0.0001851425942962,0.0
0.00018515259389620002,0.0
0.0001851625934962,0.0166666666666666
0.00018517259309620002,0.0166666666666666
0.00018518259269630002,0.0166666666666666
0.0001851925922963,0.0166666666666666
0.00018520259189630002,0.0
0.0001852125914963,0.0166666666666666
0.00018522259109630002,0.0166666666666666
0.0001852325906963,0.0166666666666666
0.00018524259029640004,0.0166666666666666
0.00018525258989640002,0.0
0.0001852625894964,0.0
0.00018527258909640002,0.0166666666666666
0.0001852825886964,0.0166666666666666
0.00018529258829640003,0.0166666666666666
0.0001853025878964,0.0166666666666666
0.0001853125874965,0.0166666666666666
0.00018532258709650002,0.0166666666666666
0.0001853325866965,0.0
0.00018534258629650003,0.0166666666666666
0.0001853525858965,0.0166666666666666
0.00018536258549650003,0.0166666666666666
0.00018537258509660002,0.0166666666666666
0.0001853825846966,0.0
0.00018539258429660003,0.0166666666666666
0.0001854025838966,0.0
0.00018541258349660003,0.0166666666666666
0.0001854225830966,0.0166666666666666
0.0001854325826967,0.0166666666666666
0.00018544258229670003,0.0166666666666666
0.0001854525818967,0.0166666666666666
0.00018546258149670003,0.0166666666666666
0.0001854725810967,0.0166666666666666
0.00018548258069670003,0.0166666666666666
0.00018549258029680002,0.0
0.0001855025798968,0.0166666666666666
0.00018551257949680003,0.0166666666666666
0.0001855225790968,0.0166666666666666
0.00018553257869680003,0.0166666666666666
0.0001855425782968,0.0
0.00018555257789680004,0.0166666666666666
0.00018556257749690003,0.0
0.0001855725770969,0.0166666666666666
0.00018558257669690003,0.0
0.0001855925762969,0.0166666666666666
0.00018560257589690004,0.0166666666666666
0.0001856125754969,0.0166666666666666
0.000185622575097,0.0
0.00018563257469700003,0.0166666666666666
0.000185642574297,0.0166666666666666
0.00018565257389700004,0.0166666666666666
0.000185662573497,0.0166666666666666
0.00018567257309700004,0.0166666666666666
0.00018568257269710003,0.0166666666666666
0.0001856925722971,0.0166666666666666
0.00018570257189710004,0.0166666666666666
0.0001857125714971,0.0166666666666666
0.00018572257109710004,0.0166666666666666
0.00018573257069710001,0.0166666666666666
0.0001857425702972,0.0
0.00018575256989720003,0.0166666666666666
0.0001857625694972,0.0166666666666666
0.00018577256909720004,0.0166666666666666
0.0001857825686972,0.0166666666666666
0.00018579256829720004,0.0166666666666666
0.00018580256789720002,0.0
0.0001858125674973,0.0
0.00018582256709730004,0.0166666666666666
0.0001858325666973,0.0166666666666666
0.00018584256629730004,0.0166666666666666
0.00018585256589730002,0.0166666666666666
0.0001858625654973,0.0166666666666666
0.00018587256509740004,0.0166666666666666
0.0001858825646974,0.0
0.00018589256429740004,0.0166666666666666
0.00018590256389740002,0.0166666666666666
0.0001859125634974,0.0166666666666666
0.00018592256309740002,0.0166666666666666
0.0001859325626975,0.0
0.00018594256229750004,0.0166666666666666
0.00018595256189750002,0.0166666666666666
0.0001859625614975,0.0166666666666666
0.00018597256109750002,0.0166666666666666
0.0001859825606975,0.0166666666666666
0.00018599256029760004,0.0166666666666666
0.00018600255989760002,0.0
0.0001860125594976,0.0166666666666666
0.00018602255909760002,0.0166666666666666
0.0001860325586976,0.0
0.00018604255829760002,0.0
0.0001860525578976,0.0
0.0001860625574977,0.0
0.00018607255709770002,0.0166666666666666
0.0001860825566977,0.0166666666666666
0.00018609255629770002,0.0166666666666666
0.0001861025558977,0.0166666666666666
0.00018611255549770003,0.0166666666666666
0.00018612255509780002,0.0
0.0001861325546978,0.0166666666666666
0.00018614255429780002,0.0166666666666666
0.0001861525538978,0.0166666666666666
0.00018616255349780003,0.0166666666666666
0.0001861725530978,0.0166666666666666
0.0001861825526979,0.0166666666666666
0.00018619255229790002,0.0166666666666666
0.0001862025518979,0.0166666666666666
0.00018621255149790003,0.0166666666666666
0.0001862225510979,0.0166666666666666
0.00018623255069790003,0.0
0.00018624255029800002,0.0
0.000186252549898,0.0166666666666666
0.00018626254949800003,0.0166666666666666
0.000186272549098,0.0166666666666666
0.00018628254869800003,0.0166666666666666
0.000186292548298,0.0
0.00018630254789800003,0.0166666666666666
0.00018631254749810003,0.0166666666666666
0.0001863225470981,0.0166666666666666
0.00018633254669810003,0.0166666666666666
0.0001863425462981,0.0166666666666666
0.00018635254589810003,0.0166666666666666
0.0001863625454981,0.0166666666666666
0.0001863725450982,0.0166666666666666
0.00018638254469820003,0.0166666666666666
0.0001863925442982,0.0166666666666666
0.00018640254389820003,0.0166666666666666
0.0001864125434982,0.0166666666666666
0.00018642254309820004,0.0166666666666666
0.00018643254269830003,0.0166666666666666
0.0001864425422983,0.0166666666666666
0.00018645254189830003,0.0166666666666666
0.0001864625414983,0.0166666666666666
0.00018647254109830004,0.0166666666666666
0.0001864825406983,0.0
0.0001864925402984,0.0166666666666666
0.00018650253989840003,0.0166666666666666
0.0001865125394984,0.0166666666666666
0.00018652253909840004,0.0166666666666666
0.0001865325386984,0.0
0.00018654253829840004,0.0166666666666666
0.00018655253789840001,0.0
0.0001865625374985,0.0
0.00018657253709850004,0.0166666666666666
0.0001865825366985,0.0166666666666666
0.00018659253629850004,0.0166666666666666
0.00018660253589850001,0.0166666666666666
0.00018661253549850004,0.0166666666666666
0.00018662253509860004,0.0166666666666666
0.0001866325346986,0.0166666666666666
0.00018664253429860004,0.0166666666666666
0.00018665253389860001,0.0166666666666666
0.00018666253349860004,0.0166666666666666
0.00018667253309860002,0.0166666666666666
0.0001866825326987,0.0166666666666666
0.00018669253229870004,0.0166666666666666
0.00018670253189870001,0.0166666666666666
0.00018671253149870004,0.0166666666666666
0.00018672253109870002,0.0166666666666666
0.0001867325306987,0.0
0.00018674253029880004,0.0166666666666666
0.00018675252989880001,0.0166666666666666
0.00018676252949880004,0.0
0.00018677252909880002,0.0166666666666666
0.0001867825286988,0.0166666666666666
0.00018679252829880002,0.0
0.0001868025278988,0.0166666666666666
0.00018681252749890004,0.0166666666666666
0.00018682252709890002,0.0166666666666666
0.0001868325266989,0.0
0.00018684252629890002,0.0
0.0001868525258989,0.0166666666666666
0.00018686252549890002,0.0
0.00018687252509900002,0.0166666666666666
0.000186882524699,0.0166666666666666
0.00018689252429900002,0.0166666666666666
0.000186902523899,0.0166666666666666
0.00018691252349900002,0.0166666666666666
0.000186922523099,0.0166666666666666
0.0001869325226991,0.0166666666666666
0.00018694252229910002,0.0166666666666666
0.0001869525218991,0.0166666666666666
0.00018696252149910002,0.0
0.0001869725210991,0.0166666666666666
0.00018698252069910003,0.0
0.00018699252029920002,0.0166666666666666
0.0001870025198992,0.0166666666666666
0.00018701251949920002,0.0166666666666666
0.0001870225190992,0.0
0.00018703251869920003,0.0
0.0001870425182992,0.0166666666666666
0.00018705251789920003,0.0166666666666666
0.00018706251749930002,0.0166666666666666
0.0001870725170993,0.0166666666666666
0.00018708251669930003,0.0
0.0001870925162993,0.0166666666666666
0.00018710251589930003,0.0166666666666666
0.0001871125154993,0.0166666666666666
0.0001871225150994,0.0166666666666666
0.00018713251469940003,0.0
0.0001871425142994,0.0166666666666666
0.00018715251389940003,0.0166666666666666
0.0001871625134994,0.0166666666666666
0.00018717251309940003,0.0166666666666666
0.00018718251269950003,0.0
0.0001871925122995,0.0166666666666666
0.00018720251189950003,0.0166666666666666
0.0001872125114995,0.0166666666666666
0.00018722251109950003,0.0166666666666666
0.0001872325106995,0.0166666666666666
0.0001872425102996,0.0166666666666666
0.00018725250989960003,0.0166666666666666
0.0001872625094996,0.0166666666666666
0.00018727250909960003,0.0166666666666666
0.0001872825086996,0.0166666666666666
0.00018729250829960004,0.0166666666666666
0.0001873025078996,0.0166666666666666
0.0001873125074997,0.0166666666666666
0.00018732250709970003,0.0166666666666666
0.0001873325066997,0.0166666666666666
0.00018734250629970004,0.0
0.0001873525058997,0.0166666666666666
0.00018736250549970004,0.0166666666666666
0.00018737250509980003,0.0166666666666666
0.0001873825046998,0.0166666666666666
0.00018739250429980004,0.0166666666666666
0.0001874025038998,0.0166666666666666
0.00018741250349980004,0.0166666666666666
0.00018742250309980002,0.0166666666666666
0.0001874325026999,0.0166666666666666
0.00018744250229990004,0.0
0.0001874525018999,0.0166666666666666
0.00018746250149990004,0.0166666666666666
0.00018747250109990002,0.0166666666666666
0.0001874825006999,0.0166666666666666
0.00018749250030000004,0.0166666666666666
0.0001875024999,0.0
0.00018751249950000004,0.0166666666666666
0.00018752249910000001,0.0
0.00018753249870000004,0.0166666666666666
0.00018754249830000002,0.0166666666666666
0.0001875524979,0.0166666666666666
0.00018756249750010004,0.0166666666666666
0.00018757249710010001,0.0166666666666666
0.00018758249670010004,0.0
0.00018759249630010002,0.0166666666666666
0.0001876024959001,0.0166666666666666
0.00018761249550010002,0.0166666666666666
0.00018762249510020001,0.0166666666666666
0.00018763249470020004,0.0166666666666666
0.00018764249430020002,0.0
0.0001876524939002,0.0166666666666666
0.00018766249350020002,0.0166666666666666
0.0001876724931002,0.0166666666666666
0.00018768249270030004,0.0166666666666666
0.00018769249230030002,0.0166666666666666
0.0001877024919003,0.0166666666666666
0.00018771249150030002,0.0166666666666666
0.0001877224911003,0.0
0.00018773249070030003,0.0166666666666666
0.00018774249030040002,0.0166666666666666
0.0001877524899004,0.0166666666666666
0.00018776248950040002,0.0
0.0001877724891004,0.0
0.00018778248870040002,0.0166666666666666
0.0001877924883004,0.0166666666666666
0.00018780248790040003,0.0166666666666666
0.00018781248750050002,0.0
0.0001878224871005,0.0166666666666666
0.00018783248670050002,0.0
0.0001878424863005,0.0166666666666666
0.00018785248590050003,0.0166666666666666
0.0001878624855005,0.0166666666666666
0.0001878724851006,0.0166666666666666
0.00018788248470060002,0.0166666666666666
0.0001878924843006,0.0166666666666666
0.00018790248390060003,0.0166666666666666
0.0001879124835006,0.0166666666666666
0.00018792248310060003,0.0166666666666666
0.00018793248270070002,0.0166666666666666
0.0001879424823007,0.0166666666666666
0.00018795248190070003,0.0166666666666666
0.0001879624815007,0.0
0.00018797248110070003,0.0166666666666666
0.0001879824807007,0.0166666666666666
0.0001879924803008,0.0166666666666666
0.00018800247990080003,0.0166666666666666
0.0001880124795008,0.0166666666666666
0.00018802247910080003,0.0
0.0001880324787008,0.0
0.00018804247830080003,0.0166666666666666
0.0001880524779008,0.0166666666666666
0.0001880624775009,0.0166666666666666
0.00018807247710090003,0.0
0.0001880824767009,0.0166666666666666
0.00018809247630090003,0.0166666666666666
0.0001881024759009,0.0
0.00018811247550090004,0.0166666666666666
0.00018812247510100003,0.0166666666666666
0.000188132474701,0.0333333333333332
0.00018814247430100003,0.0166666666666666
0.000188152473901,0.0166666666666666
0.00018816247350100004,0.0166666666666666
0.000188172473101,0.0166666666666666
0.0001881824727011,0.0166666666666666
0.00018819247230110003,0.0166666666666666
0.0001882024719011,0.0166666666666666
0.00018821247150110004,0.0166666666666666
0.0001882224711011,0.0
0.00018823247070110004,0.0166666666666666
0.00018824247030120003,0.0166666666666666
0.0001882524699012,0.0166666666666666
0.00018826246950120004,0.0166666666666666
0.0001882724691012,0.0166666666666666
0.00018828246870120004,0.0
0.00018829246830120002,0.0166666666666666
0.0001883024679012,0.0166666666666666
0.00018831246750130004,0.0166666666666666
0.0001883224671013,0.0166666666666666
0.00018833246670130004,0.0166666666666666
0.00018834246630130002,0.0166666666666666
0.0001883524659013,0.0166666666666666
0.00018836246550130002,0.0166666666666666
0.0001883724651014,0.0166666666666666
0.00018838246470140004,0.0166666666666666
0.00018839246430140002,0.0166666666666666
0.0001884024639014,0.0
0.00018841246350140002,0.0166666666666666
0.0001884224631014,0.0166666666666666
0.00018843246270150004,0.0166666666666666
0.00018844246230150002,0.0166666666666666
0.0001884524619015,0.0166666666666666
0.00018846246150150002,0.0
0.0001884724611015,0.0166666666666666
0.00018848246070150002,0.0166666666666666
0.00018849246030160002,0.0166666666666666
0.0001885024599016,0.0
0.00018851245950160002,0.0166666666666666
0.0001885224591016,0.0166666666666666
0.00018853245870160002,0.0166666666666666
0.0001885424583016,0.0166666666666666
0.00018855245790160003,0.0166666666666666
0.00018856245750170002,0.0166666666666666
0.0001885724571017,0.0166666666666666
0.00018858245670170002,0.0
0.0001885924563017,0.0166666666666666
0.00018860245590170003,0.0166666666666666
0.0001886124555017,0.0166666666666666
0.0001886224551018,0.0
0.00018863245470180002,0.0166666666666666
0.0001886424543018,0.0166666666666666
0.00018865245390180003,0.0166666666666666
0.0001886624535018,0.0166666666666666
0.00018867245310180003,0.0166666666666666
0.00018868245270190002,0.0166666666666666
0.0001886924523019,0.0166666666666666
0.00018870245190190003,0.0166666666666666
0.0001887124515019,0.0166666666666666
0.00018872245110190003,0.0166666666666666
0.0001887324507019,0.0166666666666666
0.000188742450302,0.0166666666666666
0.00018875244990200003,0.0166666666666666
0.000188762449502,0.0166666666666666
0.00018877244910200003,0.0166666666666666
0.000188782448702,0.0166666666666666
0.00018879244830200003,0.0
0.000188802447902,0.0166666666666666
0.0001888124475021,0.0166666666666666
0.00018882244710210003,0.0166666666666666
0.0001888324467021,0.0166666666666666
0.00018884244630210003,0.0
0.0001888524459021,0.0166666666666666
0.00018886244550210004,0.0166666666666666
0.00018887244510220003,0.0166666666666666
0.0001888824447022,0.0166666666666666
0.00018889244430220003,0.0166666666666666
0.0001889024439022,0.0
0.00018891244350220004,0.0166666666666666
0.0001889224431022,0.0
0.0001889324427023,0.0166666666666666
0.00018894244230230003,0.0166666666666666
0.0001889524419023,0.0166666666666666
0.00018896244150230004,0.0166666666666666
0.0001889724411023,0.0166666666666666
0.00018898244070230004,0.0166666666666666
0.00018899244030240003,0.0166666666666666
0.0001890024399024,0.0166666666666666
0.00018901243950240004,0.0166666666666666
0.0001890224391024,0.0166666666666666
0.00018903243870240004,0.0166666666666666
0.00018904243830240001,0.0
0.00018905243790240004,0.0
0.00018906243750250003,0.0166666666666666
0.0001890724371025,0.0166666666666666
0.00018908243670250004,0.0166666666666666
0.0001890924363025,0.0166666666666666
0.00018910243590250004,0.0166666666666666
0.00018911243550250002,0.0166666666666666
0.0001891224351026,0.0166666666666666
0.00018913243470260004,0.0166666666666666
0.0001891424343026,0.0166666666666666
0.00018915243390260004,0.0166666666666666
0.00018916243350260002,0.0166666666666666
0.0001891724331026,0.0166666666666666
0.00018918243270270004,0.0166666666666666
0.0001891924323027,0.0
0.00018920243190270004,0.0
0.00018921243150270002,0.0166666666666666
0.0001892224311027,0.0166666666666666
0.00018923243070270002,0.0
0.0001892424303028,0.0166666666666666
0.00018925242990280004,0.0166666666666666
0.00018926242950280002,0.0166666666666666
0.0001892724291028,0.0166666666666666
0.00018928242870280002,0.0166666666666666
0.0001892924283028,0.0166666666666666
0.00018930242790280002,0.0166666666666666
0.00018931242750290002,0.0166666666666666
0.0001893224271029,0.0166666666666666
0.00018933242670290002,0.0
0.0001893424263029,0.0166666666666666
0.00018935242590290002,0.0166666666666666
0.0001893624255029,0.0
0.000189372425103,0.0166666666666666
0.00018938242470300002,0.0166666666666666
0.000189392424303,0.0166666666666666
0.00018940242390300002,0.0166666666666666
0.000189412423503,0.0166666666666666
0.00018942242310300003,0.0
0.00018943242270310002,0.0
0.0001894424223031,0.0166666666666666
0.00018945242190310002,0.0166666666666666
0.0001894624215031,0.0
0.00018947242110310003,0.0166666666666666
0.0001894824207031,0.0166666666666666
0.0001894924203032,0.0
0.00018950241990320002,0.0
0.0001895124195032,0.0166666666666666
0.00018952241910320003,0.0
0.0001895324187032,0.0166666666666666
0.00018954241830320003,0.0166666666666666
0.0001895524179032,0.0166666666666666
0.0001895624175033,0.0166666666666666
0.00018957241710330003,0.0166666666666666
0.0001895824167033,0.0166666666666666
0.00018959241630330003,0.0166666666666666
0.0001896024159033,0.0166666666666666
0.00018961241550330003,0.0166666666666666
0.00018962241510340003,0.0166666666666666
0.0001896324147034,0.0166666666666666
0.00018964241430340003,0.0166666666666666
0.0001896524139034,0.0166666666666666
0.00018966241350340003,0.0166666666666666
0.0001896724131034,0.0166666666666666
0.0001896824127035,0.0166666666666666
0.00018969241230350003,0.0166666666666666
0.0001897024119035,0.0
0.00018971241150350003,0.0166666666666666
0.0001897224111035,0.0
0.00018973241070350004,0.0
0.00018974241030360003,0.0166666666666666
0.0001897524099036,0.0166666666666666
0.00018976240950360003,0.0166666666666666
0.0001897724091036,0.0166666666666666
0.00018978240870360004,0.0166666666666666
0.0001897924083036,0.0166666666666666
0.00018980240790360004,0.0
0.00018981240750370003,0.0166666666666666
0.0001898224071037,0.0166666666666666
0.00018983240670370004,0.0166666666666666
0.0001898424063037,0.0166666666666666
0.00018985240590370004,0.0166666666666666
0.00018986240550370001,0.0166666666666666
0.0001898724051038,0.0166666666666666
0.00018988240470380004,0.0
0.0001898924043038,0.0166666666666666
0.00018990240390380004,0.0166666666666666
0.00018991240350380001,0.0166666666666666
0.00018992240310380004,0.0166666666666666
0.00018993240270390004,0.0166666666666666
0.0001899424023039,0.0166666666666666
0.00018995240190390004,0.0166666666666666
0.00018996240150390001,0.0
0.00018997240110390004,0.0166666666666666
0.00018998240070390002,0.0166666666666666
0.000189992400304,0.0166666666666666
0.00019000239990400004,0.0166666666666666
0.00019001239950400001,0.0166666666666666
0.00019002239910400004,0.0166666666666666
0.00019003239870400002,0.0166666666666666
0.000190042398304,0.0166666666666666
0.00019005239790400002,0.0166666666666666
0.00019006239750410001,0.0166666666666666
0.00019007239710410004,0.0166666666666666
0.00019008239670410002,0.0166666666666666
0.0001900923963041,0.0166666666666666
0.00019010239590410002,0.0
0.0001901123955041,0.0166666666666666
0.00019012239510420004,0.0166666666666666
0.00019013239470420002,0.0
0.0001901423943042,0.0166666666666666
0.00019015239390420002,0.0166666666666666
0.0001901623935042,0.0166666666666666
0.00019017239310420002,0.0166666666666666
0.00019018239270430002,0.0166666666666666
0.0001901923923043,0.0166666666666666
0.00019020239190430002,0.0166666666666666
0.0001902123915043,0.0166666666666666
0.00019022239110430002,0.0166666666666666
0.0001902323907043,0.0166666666666666
0.0001902423903044,0.0166666666666666
0.00019025238990440002,0.0166666666666666
0.0001902623895044,0.0166666666666666
0.00019027238910440002,0.0166666666666666
0.0001902823887044,0.0166666666666666
0.00019029238830440003,0.0166666666666666
0.0001903023879044,0.0166666666666666
0.0001903123875045,0.0166666666666666
0.00019032238710450002,0.0166666666666666
0.0001903323867045,0.0166666666666666
0.00019034238630450003,0.0166666666666666
0.0001903523859045,0.0
0.00019036238550450003,0.0166666666666666
0.00019037238510460002,0.0166666666666666
0.0001903823847046,0.0166666666666666
0.00019039238430460003,0.0166666666666666
0.0001904023839046,0.0
0.00019041238350460003,0.0166666666666666
0.0001904223831046,0.0166666666666666
0.0001904323827047,0.0166666666666666
0.00019044238230470003,0.0166666666666666
0.0001904523819047,0.0166666666666666
0.00019046238150470003,0.0166666666666666
0.0001904723811047,0.0166666666666666
0.00019048238070470003,0.0166666666666666
0.00019049238030480003,0.0
0.0001905023799048,0.0166666666666666
0.00019051237950480003,0.0166666666666666
0.0001905223791048,0.0166666666666666
0.00019053237870480003,0.0166666666666666
0.0001905423783048,0.0
0.00019055237790480004,0.0166666666666666
0.00019056237750490003,0.0166666666666666
0.0001905723771049,0.0166666666666666
0.00019058237670490003,0.0166666666666666
0.0001905923763049,0.0
0.00019060237590490004,0.0166666666666666
0.0001906123755049,0.0166666666666666
0.000190622375105,0.0166666666666666
0.00019063237470500003,0.0166666666666666
0.000190642374305,0.0166666666666666
0.00019065237390500004,0.0
0.000190662373505,0.0166666666666666
0.00019067237310500004,0.0166666666666666
0.00019068237270510003,0.0166666666666666
0.0001906923723051,0.0166666666666666
0.00019070237190510004,0.0166666666666666
0.0001907123715051,0.0
0.00019072237110510004,0.0166666666666666
0.00019073237070510002,0.0166666666666666
0.0001907423703052,0.0166666666666666
0.00019075236990520004,0.0166666666666666
0.0001907623695052,0.0
0.00019077236910520004,0.0166666666666666
0.00019078236870520002,0.0166666666666666
0.0001907923683052,0.0166666666666666
0.00019080236790520002,0.0166666666666666
0.0001908123675053,0.0166666666666666
0.00019082236710530004,0.0166666666666666
0.00019083236670530001,0.0166666666666666
0.00019084236630530004,0.0
0.00019085236590530002,0.0166666666666666
0.0001908623655053,0.0166666666666666
0.00019087236510540004,0.0166666666666666
0.00019088236470540001,0.0
0.00019089236430540004,0.0166666666666666
0.00019090236390540002,0.0
0.0001909123635054,0.0
0.00019092236310540002,0.0166666666666666
0.00019093236270550001,0.0166666666666666
0.00019094236230550004,0.0166666666666666
0.00019095236190550002,0.0166666666666666
0.0001909623615055,0.0166666666666666
0.00019097236110550002,0.0166666666666666
0.0001909823607055,0.0166666666666666
0.00019099236030560004,0.0166666666666666
0.00019100235990560002,0.0166666666666666
0.0001910123595056,0.0
0.00019102235910560002,0.0166666666666666
0.0001910323587056,0.0166666666666666
0.00019104235830560003,0.0
0.0001910523579056,0.0
0.0001910623575057,0.0166666666666666
0.00019107235710570002,0.0
0.0001910823567057,0.0166666666666666
0.00019109235630570002,0.0166666666666666
0.0001911023559057,0.0166666666666666
0.00019111235550570003,0.0166666666666666
0.00019112235510580002,0.0166666666666666
0.0001911323547058,0.0166666666666666
0.00019114235430580002,0.0
0.0001911523539058,0.0166666666666666
0.00019116235350580003,0.0166666666666666
0.0001911723531058,0.0166666666666666
0.0001911823527059,0.0
0.00019119235230590002,0.0
0.0001912023519059,0.0
0.00019121235150590003,0.0166666666666666
0.0001912223511059,0.0
0.00019123235070590003,0.0166666666666666
0.00019124235030600002,0.0166666666666666
0.000191252349906,0.0166666666666666
0.00019126234950600003,0.0166666666666666
0.000191272349106,0.0
0.00019128234870600003,0.0166666666666666
0.000191292348306,0.0166666666666666
0.00019130234790600004,0.0166666666666666
0.00019131234750610003,0.0166666666666666
0.0001913223471061,0.0166666666666666
0.00019133234670610003,0.0166666666666666
0.0001913423463061,0.0166666666666666
0.00019135234590610003,0.0166666666666666
0.0001913623455061,0.0166666666666666
0.0001913723451062,0.0166666666666666
0.00019138234470620003,0.0
0.0001913923443062,0.0166666666666666
0.00019140234390620003,0.0166666666666666
0.0001914123435062,0.0166666666666666
0.00019142234310620004,0.0
0.00019143234270630003,0.0166666666666666
0.0001914423423063,0.0166666666666666
0.00019145234190630003,0.0166666666666666
0.0001914623415063,0.0166666666666666
0.00019147234110630004,0.0166666666666666
0.0001914823407063,0.0166666666666666
0.0001914923403064,0.0
0.00019150233990640003,0.0166666666666666
0.0001915123395064,0.0
0.00019152233910640004,0.0
0.0001915323387064,0.0166666666666666
0.00019154233830640004,0.0166666666666666
0.00019155233790640002,0.0
0.0001915623375065,0.0166666666666666
0.00019157233710650004,0.0
0.0001915823367065,0.0166666666666666
0.00019159233630650004,0.0166666666666666
0.00019160233590650002,0.0166666666666666
0.0001916123355065,0.0166666666666666
0.00019162233510660004,0.0166666666666666
0.0001916323347066,0.0166666666666666
0.00019164233430660004,0.0
0.00019165233390660002,0.0166666666666666
0.0001916623335066,0.0
0.00019167233310660002,0.0166666666666666
0.0001916823327067,0.0
0.00019169233230670004,0.0
0.00019170233190670002,0.0166666666666666
0.0001917123315067,0.0
0.00019172233110670002,0.0166666666666666
0.0001917323307067,0.0166666666666666
0.00019174233030680004,0.0166666666666666
0.00019175232990680002,0.0166666666666666
0.0001917623295068,0.0166666666666666
0.00019177232910680002,0.0166666666666666
0.0001917823287068,0.0166666666666666
0.00019179232830680002,0.0
0.0001918023279068,0.0
0.0001918123275069,0.0166666666666666
0.00019182232710690002,0.0166666666666666
0.0001918323267069,0.0166666666666666
0.00019184232630690002,0.0
0.0001918523259069,0.0166666666666666
0.00019186232550690003,0.0166666666666666
0.00019187232510700002,0.0166666666666666
0.000191882324707,0.0
0.00019189232430700002,0.0166666666666666
0.000191902323907,0.0166666666666666
0.00019191232350700003,0.0166666666666666
0.000191922323107,0.0
0.0001919323227071,0.0166666666666666
0.00019194232230710002,0.0
0.0001919523219071,0.0
0.00019196232150710003,0.0166666666666666
0.0001919723211071,0.0166666666666666
0.00019198232070710003,0.0
0.00019199232030720002,0.0
0.0001920023199072,0.0166666666666666
0.00019201231950720003,0.0166666666666666
0.0001920223191072,0.0166666666666666
0.00019203231870720003,0.0166666666666666
0.0001920423183072,0.0166666666666666
0.00019205231790720003,0.0
0.00019206231750730003,0.0
0.0001920723171073,0.0166666666666666
0.00019208231670730003,0.0166666666666666
0.0001920923163073,0.0166666666666666
0.00019210231590730003,0.0
0.0001921123155073,0.0166666666666666
0.0001921223151074,0.0
0.00019213231470740003,0.0166666666666666
0.0001921423143074,0.0333333333333332
0.00019215231390740003,0.0333333333333332
0.0001921623135074,0.0166666666666666
0.00019217231310740004,0.0
0.00019218231270750003,0.0
0.0001921923123075,0.0166666666666666
0.00019220231190750003,0.0166666666666666
0.0001922123115075,0.0166666666666666
0.00019222231110750004,0.0166666666666666
0.0001922323107075,0.0
0.0001922423103076,0.0
0.00019225230990760003,0.0166666666666666
0.0001922623095076,0.0166666666666666
0.00019227230910760004,0.0166666666666666
0.0001922823087076,0.0
0.00019229230830760004,0.0166666666666666
0.00019230230790760001,0.0
0.0001923123075077,0.0166666666666666
0.00019232230710770004,0.0166666666666666
0.0001923323067077,0.0166666666666666
0.00019234230630770004,0.0
0.00019235230590770001,0.0
0.00019236230550770004,0.0
0.00019237230510780003,0.0166666666666666
0.0001923823047078,0.0166666666666666
0.00019239230430780004,0.0
0.0001924023039078,0.0166666666666666
0.00019241230350780004,0.0166666666666666
0.00019242230310780002,0.0
0.0001924323027079,0.0166666666666666
0.00019244230230790004,0.0
0.0001924523019079,0.0166666666666666
0.00019246230150790004,0.0
0.00019247230110790002,0.0166666666666666
0.0001924823007079,0.0166666666666666
0.00019249230030800004,0.0166666666666666
0.000192502299908,0.0166666666666666
0.00019251229950800004,0.0166666666666666
0.00019252229910800002,0.0166666666666666
0.000192532298708,0.0166666666666666
0.00019254229830800002,0.0166666666666666
0.000192552297908,0.0
0.00019256229750810004,0.0
0.00019257229710810002,0.0
0.0001925822967081,0.0166666666666666
0.00019259229630810002,0.0166666666666666
0.0001926022959081,0.0166666666666666
0.00019261229550810002,0.0
0.00019262229510820002,0.0166666666666666
0.0001926322947082,0.0166666666666666
0.00019264229430820002,0.0
0.0001926522939082,0.0166666666666666
0.00019266229350820002,0.0166666666666666
0.0001926722931082,0.0
0.0001926822927083,0.0166666666666666
0.00019269229230830002,0.0
0.0001927022919083,0.0166666666666666
0.00019271229150830002,0.0166666666666666
0.0001927222911083,0.0
0.00019273229070830003,0.0166666666666666
0.00019274229030840002,0.0166666666666666
0.0001927522899084,0.0166666666666666
0.00019276228950840002,0.0166666666666666
0.0001927722891084,0.0166666666666666
0.00019278228870840003,0.0
0.0001927922883084,0.0166666666666666
0.00019280228790840003,0.0
0.00019281228750850002,0.0166666666666666
0.0001928222871085,0.0166666666666666
0.00019283228670850003,0.0166666666666666
0.0001928422863085,0.0166666666666666
0.00019285228590850003,0.0166666666666666
0.0001928622855085,0.0166666666666666
0.0001928722851086,0.0166666666666666
0.00019288228470860003,0.0166666666666666
0.0001928922843086,0.0166666666666666
0.00019290228390860003,0.0166666666666666
0.0001929122835086,0.0166666666666666
0.00019292228310860003,0.0166666666666666
0.00019293228270870003,0.0166666666666666
0.0001929422823087,0.0166666666666666
0.00019295228190870003,0.0166666666666666
0.0001929622815087,0.0166666666666666
0.00019297228110870003,0.0166666666666666
0.0001929822807087,0.0
0.0001929922803088,0.0
0.00019300227990880003,0.0166666666666666
0.0001930122795088,0.0166666666666666
0.00019302227910880003,0.0166666666666666
0.0001930322787088,0.0
0.00019304227830880004,0.0166666666666666
0.0001930522779088,0.0166666666666666
0.0001930622775089,0.0166666666666666
0.00019307227710890003,0.0166666666666666
0.0001930822767089,0.0166666666666666
0.00019309227630890004,0.0166666666666666
0.0001931022759089,0.0
0.00019311227550890004,0.0166666666666666
0.00019312227510900003,0.0166666666666666
0.000193132274709,0.0166666666666666
0.00019314227430900004,0.0166666666666666
0.000193152273909,0.0166666666666666
0.00019316227350900004,0.0166666666666666
0.00019317227310900001,0.0166666666666666
0.0001931822727091,0.0
0.00019319227230910004,0.0
0.0001932022719091,0.0
0.00019321227150910004,0.0166666666666666
0.00019322227110910001,0.0166666666666666
0.00019323227070910004,0.0166666666666666
0.00019324227030920004,0.0
0.0001932522699092,0.0166666666666666
0.00019326226950920004,0.0166666666666666
0.00019327226910920001,0.0
0.00019328226870920004,0.0166666666666666
0.00019329226830920002,0.0166666666666666
0.0001933022679092,0.0166666666666666
0.00019331226750930004,0.0166666666666666
0.00019332226710930001,0.0166666666666666
0.00019333226670930004,0.0166666666666666
0.00019334226630930002,0.0166666666666666
0.0001933522659093,0.0166666666666666
0.00019336226550930002,0.0166666666666666
0.00019337226510940001,0.0166666666666666
0.00019338226470940004,0.0
0.00019339226430940002,0.0166666666666666
0.0001934022639094,0.0166666666666666
0.00019341226350940002,0.0166666666666666
0.0001934222631094,0.0
0.00019343226270950004,0.0
0.00019344226230950002,0.0
0.0001934522619095,0.0166666666666666
0.00019346226150950002,0.0
0.0001934722611095,0.0
0.00019348226070950002,0.0166666666666666
0.00019349226030960002,0.0166666666666666
0.0001935022599096,0.0166666666666666
0.00019351225950960002,0.0166666666666666
0.0001935222591096,0.0166666666666666
0.00019353225870960002,0.0166666666666666
0.0001935422583096,0.0
0.00019355225790960003,0.0166666666666666
0.00019356225750970002,0.0166666666666666
0.0001935722571097,0.0
0.00019358225670970002,0.0166666666666666
0.0001935922563097,0.0166666666666666
0.00019360225590970003,0.0166666666666666
0.0001936122555097,0.0166666666666666
0.0001936222551098,0.0166666666666666
0.00019363225470980002,0.0166666666666666
0.0001936422543098,0.0166666666666666
0.00019365225390980003,0.0166666666666666
0.0001936622535098,0.0166666666666666
0.00019367225310980003,0.0166666666666666
0.00019368225270990002,0.0166666666666666
0.0001936922523099,0.0166666666666666
0.00019370225190990003,0.0166666666666666
0.0001937122515099,0.0166666666666666
0.00019372225110990003,0.0
0.0001937322507099,0.0166666666666666
0.00019374225031,0.0166666666666666
0.00019375224991000003,0.0166666666666666
0.00019376224951,0.0166666666666666
0.00019377224911000003,0.0166666666666666
0.00019378224871,0.0166666666666666
0.00019379224831000003,0.0166666666666666
0.00019380224791,0.0166666666666666
0.0001938122475101,0.0166666666666666
0.00019382224711010003,0.0
0.0001938322467101,0.0166666666666666
0.00019384224631010003,0.0
0.0001938522459101,0.0166666666666666
0.00019386224551010004,0.0166666666666666
0.00019387224511020003,0.0166666666666666
0.0001938822447102,0.0
0.00019389224431020003,0.0166666666666666
0.0001939022439102,0.0
0.00019391224351020004,0.0166666666666666
0.0001939222431102,0.0
0.0001939322427103,0.0166666666666666
0.00019394224231030003,0.0166666666666666
0.0001939522419103,0.0166666666666666
0.00019396224151030004,0.0166666666666666
0.0001939722411103,0.0
0.00019398224071030004,0.0166666666666666
0.00019399224031040003,0.0
0.0001940022399104,0.0166666666666666
0.00019401223951040004,0.0166666666666666
0.0001940222391104,0.0
0.00019403223871040004,0.0166666666666666
0.00019404223831040002,0.0166666666666666
0.0001940522379104,0.0166666666666666
0.00019406223751050004,0.0166666666666666
0.0001940722371105,0.0166666666666666
0.00019408223671050004,0.0166666666666666
0.00019409223631050002,0.0166666666666666
0.0001941022359105,0.0166666666666666
0.00019411223551050002,0.0166666666666666
0.0001941222351106,0.0166666666666666
0.00019413223471060004,0.0166666666666666
0.00019414223431060001,0.0
0.00019415223391060004,0.0
0.00019416223351060002,0.0166666666666666
0.0001941722331106,0.0166666666666666
0.00019418223271070004,0.0
0.00019419223231070001,0.0
0.00019420223191070004,0.0166666666666666
0.00019421223151070002,0.0166666666666666
0.0001942222311107,0.0166666666666666
0.00019423223071070002,0.0166666666666666
0.00019424223031080001,0.0166666666666666
0.00019425222991080004,0.0
0.00019426222951080002,0.0
0.0001942722291108,0.0166666666666666
0.00019428222871080002,0.0166666666666666
0.0001942922283108,0.0166666666666666
0.00019430222791080003,0.0166666666666666
0.00019431222751090002,0.0166666666666666
0.0001943222271109,0.0166666666666666
0.00019433222671090002,0.0
0.0001943422263109,0.0166666666666666
0.00019435222591090003,0.0166666666666666
0.0001943622255109,0.0
0.000194372225111,0.0166666666666666
0.00019438222471100002,0.0166666666666666
0.000194392224311,0.0166666666666666
0.00019440222391100002,0.0166666666666666
0.000194412223511,0.0166666666666666
0.00019442222311100003,0.0
0.00019443222271110002,0.0166666666666666
0.0001944422223111,0.0
0.00019445222191110002,0.0166666666666666
0.0001944622215111,0.0
0.00019447222111110003,0.0166666666666666
0.0001944822207111,0.0166666666666666
0.0001944922203112,0.0
0.00019450221991120002,0.0166666666666666
0.0001945122195112,0.0166666666666666
0.00019452221911120003,0.0
0.0001945322187112,0.0166666666666666
0.00019454221831120003,0.0166666666666666
0.0001945522179112,0.0
0.0001945622175113,0.0166666666666666
0.00019457221711130003,0.0166666666666666
0.0001945822167113,0.0
0.00019459221631130003,0.0166666666666666
0.0001946022159113,0.0166666666666666
0.00019461221551130004,0.0166666666666666
0.00019462221511140003,0.0166666666666666
0.0001946322147114,0.0166666666666666
0.00019464221431140003,0.0
0.0001946522139114,0.0
0.00019466221351140003,0.0166666666666666
0.0001946722131114,0.0166666666666666
0.0001946822127115,0.0166666666666666
0.00019469221231150003,0.0166666666666666
0.0001947022119115,0.0
0.00019471221151150003,0.0166666666666666
0.0001947222111115,0.0166666666666666
0.00019473221071150004,0.0166666666666666
0.00019474221031160003,0.0166666666666666
0.0001947522099116,0.0166666666666666
0.00019476220951160003,0.0166666666666666
0.0001947722091116,0.0166666666666666
0.00019478220871160004,0.0
0.0001947922083116,0.0166666666666666
0.00019480220791160004,0.0166666666666666
0.00019481220751170003,0.0
0.0001948222071117,0.0
0.00019483220671170004,0.0166666666666666
0.0001948422063117,0.0166666666666666
0.00019485220591170004,0.0
0.00019486220551170002,0.0166666666666666
0.0001948722051118,0.0166666666666666
0.00019488220471180004,0.0166666666666666
0.0001948922043118,0.0166666666666666
0.00019490220391180004,0.0166666666666666
0.00019491220351180002,0.0166666666666666
0.0001949222031118,0.0
0.00019493220271190004,0.0166666666666666
0.0001949422023119,0.0166666666666666
0.00019495220191190004,0.0166666666666666
0.00019496220151190002,0.0166666666666666
0.0001949722011119,0.0
0.00019498220071190002,0.0
0.000194992200312,0.0166666666666666
0.00019500219991200004,0.0166666666666666
0.00019501219951200002,0.0
0.000195022199112,0.0166666666666666
0.00019503219871200002,0.0
0.000195042198312,0.0
0.00019505219791200002,0.0166666666666666
0.00019506219751210002,0.0166666666666666
0.0001950721971121,0.0166666666666666
0.00019508219671210002,0.0166666666666666
0.0001950921963121,0.0166666666666666
0.00019510219591210002,0.0
0.0001951121955121,0.0166666666666666
0.0001951221951122,0.0166666666666666
0.00019513219471220002,0.0166666666666666
0.0001951421943122,0.0166666666666666
0.00019515219391220002,0.0166666666666666
0.0001951621935122,0.0166666666666666
0.00019517219311220003,0.0166666666666666
0.00019518219271230002,0.0
0.0001951921923123,0.0166666666666666
0.00019520219191230002,0.0
0.0001952121915123,0.0
0.00019522219111230003,0.0166666666666666
0.0001952321907123,0.0166666666666666
0.0001952421903124,0.0166666666666666
0.00019525218991240002,0.0
0.0001952621895124,0.0166666666666666
0.00019527218911240003,0.0166666666666666
0.0001952821887124,0.0166666666666666
0.00019529218831240003,0.0166666666666666
0.0001953021879124,0.0166666666666666
0.0001953121875125,0.0166666666666666
0.00019532218711250003,0.0166666666666666
0.0001953321867125,0.0166666666666666
0.00019534218631250003,0.0
0.0001953521859125,0.0166666666666666
0.00019536218551250003,0.0166666666666666
0.00019537218511260003,0.0166666666666666
0.0001953821847126,0.0166666666666666
0.00019539218431260003,0.0166666666666666
0.0001954021839126,0.0166666666666666
0.00019541218351260003,0.0
0.0001954221831126,0.0166666666666666
0.0001954321827127,0.0166666666666666
0.00019544218231270003,0.0166666666666666
0.0001954521819127,0.0166666666666666
0.00019546218151270003,0.0166666666666666
0.0001954721811127,0.0166666666666666
0.00019548218071270004,0.0166666666666666
0.00019549218031280003,0.0166666666666666
0.0001955021799128,0.0
0.00019551217951280003,0.0
0.0001955221791128,0.0166666666666666
0.00019553217871280004,0.0166666666666666
0.0001955421783128,0.0166666666666666
0.00019555217791280004,0.0166666666666666
0.00019556217751290003,0.0166666666666666
0.0001955721771129,0.0166666666666666
0.00019558217671290004,0.0
0.0001955921763129,0.0166666666666666
0.00019560217591290004,0.0166666666666666
0.00019561217551290001,0.0166666666666666
0.000195622175113,0.0166666666666666
0.00019563217471300004,0.0
0.000195642174313,0.0
0.00019565217391300004,0.0166666666666666
0.00019566217351300001,0.0166666666666666
0.00019567217311300004,0.0166666666666666
0.00019568217271310003,0.0
0.0001956921723131,0.0
0.00019570217191310004,0.0166666666666666
0.0001957121715131,0.0166666666666666
0.00019572217111310004,0.0166666666666666
0.00019573217071310002,0.0166666666666666
0.0001957421703132,0.0166666666666666
0.00019575216991320004,0.0166666666666666
0.0001957621695132,0.0
0.00019577216911320004,0.0166666666666666
0.00019578216871320002,0.0166666666666666
0.0001957921683132,0.0166666666666666
0.00019580216791320002,0.0166666666666666
0.0001958121675133,0.0
0.00019582216711330004,0.0166666666666666
0.00019583216671330002,0.0
0.0001958421663133,0.0166666666666666
0.00019585216591330002,0.0
0.0001958621655133,0.0166666666666666
0.00019587216511340004,0.0
0.00019588216471340002,0.0166666666666666
0.0001958921643134,0.0166666666666666
0.00019590216391340002,0.0166666666666666
0.0001959121635134,0.0
0.00019592216311340002,0.0166666666666666
0.00019593216271350002,0.0
0.0001959421623135,0.0
0.00019595216191350002,0.0166666666666666
0.0001959621615135,0.0
0.00019597216111350002,0.0166666666666666
0.0001959821607135,0.0166666666666666
0.0001959921603136,0.0
0.00019600215991360002,0.0166666666666666
0.0001960121595136,0.0166666666666666
0.00019602215911360002,0.0166666666666666
0.0001960321587136,0.0
0.00019604215831360003,0.0166666666666666
0.0001960521579136,0.0166666666666666
0.0001960621575137,0.0166666666666666
0.00019607215711370002,0.0166666666666666
0.0001960821567137,0.0166666666666666
0.00019609215631370003,0.0166666666666666
0.0001961021559137,0.0166666666666666
0.00019611215551370003,0.0166666666666666
0.00019612215511380002,0.0166666666666666
0.0001961321547138,0.0
0.00019614215431380003,0.0
0.0001961521539138,0.0
0.00019616215351380003,0.0
0.0001961721531138,0.0166666666666666
0.0001961821527139,0.0166666666666666
0.00019619215231390003,0.0
0.0001962021519139,0.0
0.00019621215151390003,0.0
0.0001962221511139,0.0
0.00019623215071390003,0.0166666666666666
0.00019624215031400003,0.0
0.000196252149914,0.0166666666666666
0.00019626214951400003,0.0166666666666666
0.000196272149114,0.0166666666666666
0.00019628214871400003,0.0166666666666666
0.000196292148314,0.0
0.00019630214791400004,0.0166666666666666
0.00019631214751410003,0.0166666666666666
0.0001963221471141,0.0166666666666666
0.00019633214671410003,0.0166666666666666
0.0001963421463141,0.0166666666666666
0.00019635214591410004,0.0166666666666666
0.0001963621455141,0.0166666666666666
0.0001963721451142,0.0166666666666666
0.00019638214471420003,0.0
0.0001963921443142,0.0166666666666666
0.00019640214391420004,0.0166666666666666
0.0001964121435142,0.0
0.00019642214311420004,0.0166666666666666
0.00019643214271430003,0.0166666666666666
0.0001964421423143,0.0
0.00019645214191430004,0.0166666666666666
0.0001964621415143,0.0
0.00019647214111430004,0.0166666666666666
0.00019648214071430001,0.0
0.0001964921403144,0.0
0.00019650213991440004,0.0
0.0001965121395144,0.0166666666666666
0.00019652213911440004,0.0166666666666666
0.00019653213871440001,0.0166666666666666
0.00019654213831440004,0.0166666666666666
0.00019655213791440002,0.0166666666666666
0.0001965621375145,0.0166666666666666
0.00019657213711450004,0.0166666666666666
0.00019658213671450001,0.0166666666666666
0.00019659213631450004,0.0166666666666666
0.00019660213591450002,0.0
0.0001966121355145,0.0166666666666666
0.00019662213511460004,0.0166666666666666
0.00019663213471460001,0.0
0.00019664213431460004,0.0166666666666666
0.00019665213391460002,0.0
0.0001966621335146,0.0166666666666666
0.00019667213311460002,0.0166666666666666
0.0001966821327147,0.0166666666666666
0.00019669213231470004,0.0166666666666666
0.00019670213191470002,0.0166666666666666
0.0001967121315147,0.0
0.00019672213111470002,0.0
0.0001967321307147,0.0
0.00019674213031480004,0.0166666666666666
0.00019675212991480002,0.0
0.0001967621295148,0.0166666666666666
0.00019677212911480002,0.0
0.0001967821287148,0.0166666666666666
0.00019679212831480002,0.0166666666666666
0.0001968021279148,0.0166666666666666
0.0001968121275149,0.0
0.00019682212711490002,0.0
0.0001968321267149,0.0166666666666666
0.00019684212631490002,0.0166666666666666
0.0001968521259149,0.0
0.00019686212551490003,0.0166666666666666
0.00019687212511500002,0.0166666666666666
0.000196882124715,0.0166666666666666
0.00019689212431500002,0.0166666666666666
0.000196902123915,0.0166666666666666
0.00019691212351500003,0.0166666666666666
0.000196922123115,0.0
0.0001969321227151,0.0
0.00019694212231510002,0.0166666666666666
0.0001969521219151,0.0166666666666666
0.00019696212151510003,0.0166666666666666
0.0001969721211151,0.0166666666666666
0.00019698212071510003,0.0
0.00019699212031520002,0.0166666666666666
0.0001970021199152,0.0
0.00019701211951520003,0.0166666666666666
0.0001970221191152,0.0
0.00019703211871520003,0.0
0.0001970421183152,0.0166666666666666
0.00019705211791520003,0.0166666666666666
0.00019706211751530003,0.0166666666666666
0.0001970721171153,0.0166666666666666
0.00019708211671530003,0.0
0.0001970921163153,0.0
0.00019710211591530003,0.0166666666666666
0.0001971121155153,0.0166666666666666
0.0001971221151154,0.0
0.00019713211471540003,0.0166666666666666
0.0001971421143154,0.0166666666666666
0.00019715211391540003,0.0166666666666666
0.0001971621135154,0.0
0.00019717211311540004,0.0
0.00019718211271550003,0.0166666666666666
0.0001971921123155,0.0166666666666666
0.00019720211191550003,0.0166666666666666
0.0001972121115155,0.0166666666666666
0.00019722211111550004,0.0
0.0001972321107155,0.0166666666666666
0.0001972421103156,0.0166666666666666
0.00019725210991560003,0.0166666666666666
0.0001972621095156,0.0166666666666666
0.00019727210911560004,0.0166666666666666
0.0001972821087156,0.0166666666666666
0.00019729210831560004,0.0166666666666666
0.00019730210791560002,0.0166666666666666
0.0001973121075157,0.0166666666666666
0.00019732210711570004,0.0
0.0001973321067157,0.0166666666666666
0.00019734210631570004,0.0166666666666666
0.00019735210591570002,0.0166666666666666
0.0001973621055157,0.0166666666666666
0.00019737210511580004,0.0166666666666666
0.0001973821047158,0.0
0.00019739210431580004,0.0166666666666666
0.00019740210391580002,0.0166666666666666
0.0001974121035158,0.0
0.00019742210311580002,0.0166666666666666
0.0001974321027159,0.0
0.00019744210231590004,0.0166666666666666
0.00019745210191590001,0.0166666666666666
0.00019746210151590004,0.0166666666666666
0.00019747210111590002,0.0
0.0001974821007159,0.0166666666666666
0.00019749210031600004,0.0
0.00019750209991600001,0.0166666666666666
0.00019751209951600004,0.0166666666666666
0.00019752209911600002,0.0166666666666666
0.000197532098716,0.0166666666666666
0.00019754209831600002,0.0166666666666666
0.000197552097916,0.0166666666666666
0.00019756209751610004,0.0166666666666666
0.00019757209711610002,0.0166666666666666
0.0001975820967161,0.0166666666666666
0.00019759209631610002,0.0166666666666666
0.0001976020959161,0.0166666666666666
0.00019761209551610003,0.0166666666666666
0.00019762209511620002,0.0166666666666666
0.0001976320947162,0.0
0.00019764209431620002,0.0166666666666666
0.0001976520939162,0.0
0.00019766209351620003,0.0166666666666666
0.0001976720931162,0.0166666666666666
0.0001976820927163,0.0166666666666666
0.00019769209231630002,0.0166666666666666
0.0001977020919163,0.0166666666666666
0.00019771209151630002,0.0166666666666666
0.0001977220911163,0.0166666666666666
0.00019773209071630003,0.0166666666666666
0.00019774209031640002,0.0166666666666666
0.0001977520899164,0.0166666666666666
0.00019776208951640002,0.0166666666666666
0.0001977720891164,0.0166666666666666
0.00019778208871640003,0.0166666666666666
0.0001977920883164,0.0166666666666666
0.00019780208791640003,0.0
0.00019781208751650002,0.0
0.0001978220871165,0.0
0.00019783208671650003,0.0166666666666666
0.0001978420863165,0.0166666666666666
0.00019785208591650003,0.0166666666666666
0.0001978620855165,0.0
0.0001978720851166,0.0166666666666666
0.00019788208471660003,0.0166666666666666
0.0001978920843166,0.0166666666666666
0.00019790208391660003,0.0166666666666666
0.0001979120835166,0.0166666666666666
0.00019792208311660004,0.0166666666666666
0.00019793208271670003,0.0166666666666666
0.0001979420823167,0.0
0.00019795208191670003,0.0166666666666666
0.0001979620815167,0.0166666666666666
0.00019797208111670003,0.0166666666666666
0.0001979820807167,0.0166666666666666
0.0001979920803168,0.0166666666666666
0.00019800207991680003,0.0
0.0001980120795168,0.0166666666666666
0.00019802207911680003,0.0166666666666666
0.0001980320787168,0.0166666666666666
0.00019804207831680004,0.0
0.0001980520779168,0.0166666666666666
0.0001980620775169,0.0166666666666666
0.00019807207711690003,0.0166666666666666
0.0001980820767169,0.0166666666666666
0.00019809207631690004,0.0166666666666666
0.0001981020759169,0.0166666666666666
0.00019811207551690004,0.0166666666666666
0.00019812207511700003,0.0166666666666666
0.000198132074717,0.0166666666666666
0.00019814207431700004,0.0166666666666666
0.000198152073917,0.0
0.00019816207351700004,0.0166666666666666
0.00019817207311700002,0.0166666666666666
0.0001981820727171,0.0
0.00019819207231710004,0.0166666666666666
0.0001982020719171,0.0
0.00019821207151710004,0.0166666666666666
0.00019822207111710002,0.0166666666666666
0.0001982320707171,0.0166666666666666
0.00019824207031720004,0.0166666666666666
0.0001982520699172,0.0
0.00019826206951720004,0.0166666666666666
0.00019827206911720002,0.0
0.0001982820687172,0.0
0.00019829206831720002,0.0166666666666666
0.0001983020679172,0.0166666666666666
0.00019831206751730004,0.0166666666666666
0.00019832206711730002,0.0
0.0001983320667173,0.0
0.00019834206631730002,0.0166666666666666
0.0001983520659173,0.0
0.00019836206551730002,0.0166666666666666
0.00019837206511740002,0.0166666666666666
0.0001983820647174,0.0
0.00019839206431740002,0.0166666666666666
0.0001984020639174,0.0166666666666666
0.00019841206351740002,0.0166666666666666
0.0001984220631174,0.0
0.0001984320627175,0.0
0.00019844206231750002,0.0166666666666666
0.0001984520619175,0.0166666666666666
0.00019846206151750002,0.0166666666666666
0.0001984720611175,0.0166666666666666
0.00019848206071750003,0.0
0.00019849206031760002,0.0166666666666666
0.0001985020599176,0.0
0.00019851205951760002,0.0166666666666666
0.0001985220591176,0.0166666666666666
0.00019853205871760003,0.0166666666666666
0.0001985420583176,0.0
0.00019855205791760003,0.0166666666666666
0.00019856205751770002,0.0
0.0001985720571177,0.0
0.00019858205671770003,0.0166666666666666
0.0001985920563177,0.0
0.00019860205591770003,0.0166666666666666
0.0001986120555177,0.0166666666666666
0.0001986220551178,0.0166666666666666
0.00019863205471780003,0.0166666666666666
0.0001986420543178,0.0166666666666666
0.00019865205391780003,0.0
0.0001986620535178,0.0166666666666666
0.00019867205311780003,0.0166666666666666
0.00019868205271790003,0.0166666666666666
0.0001986920523179,0.0166666666666666
0.00019870205191790003,0.0166666666666666
0.0001987120515179,0.0166666666666666
0.00019872205111790003,0.0
0.0001987320507179,0.0166666666666666
0.000198742050318,0.0166666666666666
0.00019875204991800003,0.0166666666666666
0.000198762049518,0.0
0.00019877204911800003,0.0166666666666666
0.000198782048718,0.0
0.00019879204831800004,0.0166666666666666
0.000198802047918,0.0
0.0001988120475181,0.0166666666666666
0.00019882204711810003,0.0
0.0001988320467181,0.0166666666666666
0.00019884204631810004,0.0
0.0001988520459181,0.0166666666666666
0.00019886204551810004,0.0166666666666666
0.00019887204511820003,0.0166666666666666
0.0001988820447182,0.0
0.00019889204431820004,0.0166666666666666
0.0001989020439182,0.0
0.00019891204351820004,0.0166666666666666
0.00019892204311820001,0.0166666666666666
0.0001989320427183,0.0
0.00019894204231830004,0.0166666666666666
0.0001989520419183,0.0166666666666666
0.00019896204151830004,0.0
0.0001989720411183,0.0166666666666666
0.00019898204071830004,0.0166666666666666
0.00019899204031840003,0.0166666666666666
0.0001990020399184,0.0166666666666666
0.00019901203951840004,0.0166666666666666
0.0001990220391184,0.0
0.00019903203871840004,0.0166666666666666
0.00019904203831840002,0.0166666666666666
0.0001990520379184,0.0166666666666666
0.00019906203751850004,0.0166666666666666
0.0001990720371185,0.0166666666666666
0.00019908203671850004,0.0
0.00019909203631850002,0.0
0.0001991020359185,0.0166666666666666
0.00019911203551850002,0.0166666666666666
0.0001991220351186,0.0166666666666666
0.00019913203471860004,0.0166666666666666
0.00019914203431860002,0.0
0.0001991520339186,0.0166666666666666
0.00019916203351860002,0.0166666666666666
0.0001991720331186,0.0
0.00019918203271870004,0.0166666666666666
0.00019919203231870002,0.0166666666666666
0.0001992020319187,0.0166666666666666
0.00019921203151870002,0.0166666666666666
0.0001992220311187,0.0
0.00019923203071870002,0.0166666666666666
0.00019924203031880002,0.0166666666666666
0.0001992520299188,0.0166666666666666
0.00019926202951880002,0.0
0.0001992720291188,0.0166666666666666
0.00019928202871880002,0.0166666666666666
0.0001992920283188,0.0
0.00019930202791880003,0.0
0.00019931202751890002,0.0166666666666666
0.0001993220271189,0.0166666666666666
0.00019933202671890002,0.0166666666666666
0.0001993420263189,0.0
0.00019935202591890003,0.0166666666666666
0.0001993620255189,0.0166666666666666
0.000199372025119,0.0
0.00019938202471900002,0.0
0.000199392024319,0.0
0.00019940202391900003,0.0166666666666666
0.000199412023519,0.0166666666666666
0.00019942202311900003,0.0166666666666666
0.00019943202271910002,0.0166666666666666
0.0001994420223191,0.0166666666666666
0.00019945202191910003,0.0
0.0001994620215191,0.0166666666666666
0.00019947202111910003,0.0166666666666666
0.0001994820207191,0.0166666666666666
0.0001994920203192,0.0166666666666666
0.00019950201991920003,0.0
0.0001995120195192,0.0166666666666666
0.00019952201911920003,0.0166666666666666
0.0001995320187192,0.0166666666666666
0.00019954201831920003,0.0166666666666666
0.0001995520179192,0.0
0.0001995620175193,0.0166666666666666
0.00019957201711930003,0.0
0.0001995820167193,0.0166666666666666
0.00019959201631930003,0.0
0.0001996020159193,0.0166666666666666
0.00019961201551930004,0.0
0.00019962201511940003,0.0
0.0001996320147194,0.0166666666666666
0.00019964201431940003,0.0166666666666666
0.0001996520139194,0.0166666666666666
0.00019966201351940004,0.0
0.0001996720131194,0.0
0.0001996820127195,0.0166666666666666
0.00019969201231950003,0.0166666666666666
0.0001997020119195,0.0166666666666666
0.00019971201151950004,0.0166666666666666
0.0001997220111195,0.0166666666666666
0.00019973201071950004,0.0166666666666666
0.00019974201031960003,0.0166666666666666
0.0001997520099196,0.0
0.00019976200951960004,0.0
0.0001997720091196,0.0166666666666666
0.00019978200871960004,0.0166666666666666
0.00019979200831960001,0.0166666666666666
0.00019980200791960004,0.0
0.00019981200751970004,0.0
0.0001998220071197,0.0
0.00019983200671970004,0.0
0.00019984200631970001,0.0
0.00019985200591970004,0.0166666666666666
0.00019986200551970002,0.0166666666666666
0.0001998720051198,0.0166666666666666
0.00019988200471980004,0.0
0.00019989200431980001,0.0
0.00019990200391980004,0.0166666666666666
0.00019991200351980002,0.0166666666666666
0.0001999220031198,0.0166666666666666
0.00019993200271990004,0.0166666666666666
0.00019994200231990001,0.0166666666666666
0.00019995200191990004,0.0166666666666666
0.00019996200151990002,0.0166666666666666
0.0001999720011199,0.0166666666666666
0.00019998200071990002,0.0166666666666666
0.00019999200032,0.0166666666666666
0.00020000199992000004,0.0166666666666666
0.00020001199952000002,0.0166666666666666
0.00020002199912,0.0
0.00020003199872000002,0.0166666666666666
0.00020004199832,0.0166666666666666
0.00020005199792000002,0.0
0.00020006199752010002,0.0
0.0002000719971201,0.0
0.00020008199672010002,0.0
0.0002000919963201,0.0166666666666666
0.00020010199592010002,0.0166666666666666
0.0002001119955201,0.0
0.0002001219951202,0.0
0.00020013199472020002,0.0
0.0002001419943202,0.0166666666666666
0.00020015199392020002,0.0166666666666666
0.0002001619935202,0.0166666666666666
0.00020017199312020003,0.0166666666666666
0.00020018199272030002,0.0166666666666666
0.0002001919923203,0.0166666666666666
0.00020020199192030002,0.0166666666666666
0.0002002119915203,0.0166666666666666
0.00020022199112030003,0.0166666666666666
0.0002002319907203,0.0166666666666666
0.0002002419903204,0.0
0.00020025198992040002,0.0166666666666666
0.0002002619895204,0.0166666666666666
0.00020027198912040003,0.0166666666666666
0.0002002819887204,0.0
0.00020029198832040003,-0.0166666666666666
0.0002003019879204,0.0
0.0002003119875205,0.0
0.00020032198712050003,0.0
0.0002003319867205,0.0
0.00020034198632050003,0.0166666666666666
0.0002003519859205,0.0
0.00020036198552050003,0.0
0.00020037198512060003,0.0
0.0002003819847206,0.0
0.00020039198432060003,0.0166666666666666
0.0002004019839206,0.0166666666666666
0.00020041198352060003,0.0166666666666666
0.0002004219831206,0.0166666666666666
0.0002004319827207,0.0166666666666666
0.00020044198232070003,0.0166666666666666
0.0002004519819207,0.0166666666666666
0.00020046198152070003,0.0333333333333332
0.0002004719811207,0.0166666666666666
0.00020048198072070004,0.0166666666666666
0.00020049198032080003,0.0166666666666666
0.0002005019799208,0.0166666666666666
0.00020051197952080003,0.0166666666666666
0.0002005219791208,0.0166666666666666
0.00020053197872080004,0.0166666666666666
0.0002005419783208,0.0
0.00020055197792080004,0.0166666666666666
0.00020056197752090003,0.0
0.0002005719771209,0.0
0.00020058197672090004,0.0
0.0002005919763209,0.0
0.00020060197592090004,0.0
0.00020061197552090002,0.0166666666666666
0.000200621975121,0.0166666666666666
0.00020063197472100004,0.0166666666666666
0.000200641974321,0.0
0.00020065197392100004,0.0
0.00020066197352100002,0.0
0.000200671973121,0.0166666666666666
0.00020068197272110004,0.0166666666666666
0.0002006919723211,0.0166666666666666
0.00020070197192110004,0.0166666666666666
0.00020071197152110002,0.0166666666666666
0.0002007219711211,0.0166666666666666
0.00020073197072110002,0.0166666666666666
0.0002007419703212,0.0166666666666666
0.00020075196992120004,0.0166666666666666
0.00020076196952120001,0.0
0.00020077196912120004,0.0166666666666666
0.00020078196872120002,0.0
0.0002007919683212,0.0166666666666666
0.00020080196792120002,0.0166666666666666
0.00020081196752130001,0.0166666666666666
0.00020082196712130004,0.0166666666666666
0.00020083196672130002,0.0166666666666666
0.0002008419663213,0.0166666666666666
0.00020085196592130002,0.0166666666666666
0.0002008619655213,0.0
0.00020087196512140004,0.0166666666666666
0.00020088196472140002,0.0
0.0002008919643214,0.0166666666666666
0.00020090196392140002,0.0166666666666666
0.0002009119635214,0.0
0.00020092196312140003,0.0
0.00020093196272150002,0.0166666666666666
0.0002009419623215,0.0166666666666666
0.00020095196192150002,0.0166666666666666
0.0002009619615215,0.0166666666666666
0.00020097196112150003,0.0
0.0002009819607215,0.0166666666666666
0.0002009919603216,0.0166666666666666
0.00020100195992160002,0.0166666666666666
0.0002010119595216,0.0166666666666666
0.00020102195912160002,0.0166666666666666
0.0002010319587216,0.0166666666666666
0.00020104195832160003,0.0166666666666666
0.0002010519579216,0.0166666666666666
0.0002010619575217,0.0166666666666666
0.00020107195712170002,0.0166666666666666
0.0002010819567217,0.0
0.00020109195632170003,0.0
0.0002011019559217,0.0166666666666666
0.00020111195552170003,0.0166666666666666
0.00020112195512180002,0.0166666666666666
0.0002011319547218,0.0166666666666666
0.00020114195432180003,0.0166666666666666
0.0002011519539218,0.0
0.00020116195352180003,0.0166666666666666
0.0002011719531218,0.0
0.0002011819527219,0.0166666666666666
0.00020119195232190003,0.0166666666666666
0.0002012019519219,0.0166666666666666
0.00020121195152190003,0.0166666666666666
0.0002012219511219,0.0
0.00020123195072190004,0.0166666666666666
0.00020124195032200003,0.0
0.000201251949922,0.0166666666666666
0.00020126194952200003,0.0166666666666666
0.000201271949122,0.0166666666666666
0.00020128194872200003,0.0166666666666666
0.000201291948322,0.0166666666666666
0.00020130194792200004,0.0166666666666666
0.00020131194752210003,0.0166666666666666
0.0002013219471221,0.0166666666666666
0.00020133194672210003,0.0166666666666666
0.0002013419463221,0.0166666666666666
0.00020135194592210004,0.0166666666666666
0.0002013619455221,0.0166666666666666
0.0002013719451222,0.0
0.00020138194472220003,0.0166666666666666
0.0002013919443222,0.0166666666666666
0.00020140194392220004,0.0166666666666666
0.0002014119435222,0.0166666666666666
0.00020142194312220004,0.0166666666666666
0.00020143194272230003,0.0166666666666666
0.0002014419423223,0.0166666666666666
0.00020145194192230004,0.0166666666666666
0.0002014619415223,0.0
0.00020147194112230004,0.0166666666666666
0.00020148194072230002,0.0166666666666666
0.0002014919403224,0.0166666666666666
0.00020150193992240004,0.0166666666666666
0.0002015119395224,0.0
0.00020152193912240004,0.0166666666666666
0.00020153193872240002,0.0
0.0002015419383224,0.0
0.00020155193792240002,0.0166666666666666
0.0002015619375225,0.0166666666666666
0.00020157193712250004,0.0166666666666666
0.00020158193672250002,0.0166666666666666
0.0002015919363225,0.0166666666666666
0.00020160193592250002,0.0
0.0002016119355225,0.0166666666666666
0.00020162193512260004,0.0
0.00020163193472260002,0.0166666666666666
0.0002016419343226,0.0
0.00020165193392260002,0.0166666666666666
0.0002016619335226,0.0
0.00020167193312260002,0.0166666666666666
0.00020168193272270002,0.0166666666666666
0.0002016919323227,0.0166666666666666
0.00020170193192270002,0.0166666666666666
0.0002017119315227,0.0166666666666666
0.00020172193112270002,0.0
0.0002017319307227,0.0166666666666666
0.0002017419303228,0.0
0.00020175192992280002,0.0
0.0002017619295228,0.0166666666666666
0.00020177192912280002,0.0
0.0002017819287228,0.0166666666666666
0.00020179192832280003,0.0166666666666666
0.0002018019279228,0.0166666666666666
0.0002018119275229,0.0166666666666666
0.00020182192712290002,0.0166666666666666
0.0002018319267229,0.0166666666666666
0.00020184192632290003,0.0166666666666666
0.0002018519259229,0.0166666666666666
0.00020186192552290003,0.0166666666666666
0.00020187192512300002,0.0166666666666666
0.000201881924723,0.0
0.00020189192432300003,0.0166666666666666
0.000201901923923,0.0166666666666666
0.00020191192352300003,0.0
0.000201921923123,0.0166666666666666
0.0002019319227231,0.0
0.00020194192232310003,0.0166666666666666
0.0002019519219231,0.0166666666666666
0.00020196192152310003,0.0166666666666666
0.0002019719211231,0.0
0.00020198192072310003,0.0
0.00020199192032320003,0.0
0.0002020019199232,0.0166666666666666
0.00020201191952320003,0.0166666666666666
0.0002020219191232,0.0166666666666666
0.00020203191872320003,0.0166666666666666
0.0002020419183232,0.0166666666666666
0.00020205191792320004,0.0166666666666666
0.00020206191752330003,0.0166666666666666
0.0002020719171233,0.0166666666666666
0.00020208191672330003,0.0166666666666666
0.0002020919163233,0.0
0.00020210191592330004,0.0
0.0002021119155233,0.0166666666666666
0.0002021219151234,0.0
0.00020213191472340003,0.0166666666666666
0.0002021419143234,0.0
0.00020215191392340004,0.0166666666666666
0.0002021619135234,0.0
0.00020217191312340004,0.0166666666666666
0.00020218191272350003,0.0166666666666666
0.0002021919123235,0.0166666666666666
0.00020220191192350004,0.0
0.0002022119115235,0.0166666666666666
0.00020222191112350004,0.0166666666666666
0.00020223191072350001,0.0166666666666666
0.0002022419103236,0.0166666666666666
0.00020225190992360004,0.0166666666666666
0.0002022619095236,0.0
0.00020227190912360004,0.0166666666666666
0.0002022819087236,0.0166666666666666
0.00020229190832360004,0.0166666666666666
0.00020230190792360002,0.0166666666666666
0.0002023119075237,0.0166666666666666
0.00020232190712370004,0.0
0.0002023319067237,0.0166666666666666
0.00020234190632370004,0.0166666666666666
0.00020235190592370002,0.0
0.0002023619055237,0.0166666666666666
0.00020237190512380004,0.0166666666666666
0.0002023819047238,0.0
0.00020239190432380004,0.0
0.00020240190392380002,0.0
0.0002024119035238,0.0166666666666666
0.00020242190312380002,0.0166666666666666
0.0002024319027239,0.0
0.00020244190232390004,0.0166666666666666
0.00020245190192390002,0.0166666666666666
0.0002024619015239,0.0
0.00020247190112390002,0.0166666666666666
0.0002024819007239,0.0166666666666666
0.00020249190032400004,0.0166666666666666
0.00020250189992400002,0.0
0.000202511899524,0.0
0.00020252189912400002,0.0166666666666666
0.000202531898724,0.0166666666666666
0.00020254189832400002,0.0166666666666666
0.000202551897924,0.0166666666666666
0.0002025618975241,0.0
0.00020257189712410002,0.0166666666666666
0.0002025818967241,0.0
0.00020259189632410002,0.0
0.0002026018959241,0.0166666666666666
0.00020261189552410003,0.0166666666666666
0.00020262189512420002,0.0
0.0002026318947242,0.0
0.00020264189432420002,0.0
0.0002026518939242,0.0166666666666666
0.00020266189352420003,0.0
0.0002026718931242,0.0166666666666666
0.0002026818927243,0.0
0.00020269189232430002,0.0166666666666666
0.0002027018919243,0.0166666666666666
0.00020271189152430003,0.0166666666666666
0.0002027218911243,0.0166666666666666
0.00020273189072430003,0.0166666666666666
0.00020274189032440002,0.0166666666666666
0.0002027518899244,0.0166666666666666
0.00020276188952440003,0.0
0.0002027718891244,0.0166666666666666
0.00020278188872440003,0.0
0.0002027918883244,0.0
0.00020280188792440003,0.0
0.00020281188752450003,0.0166666666666666
0.0002028218871245,0.0166666666666666
0.00020283188672450003,0.0
0.0002028418863245,0.0166666666666666
0.00020285188592450003,0.0
0.0002028618855245,0.0
0.0002028718851246,0.0
0.00020288188472460003,0.0
0.0002028918843246,0.0166666666666666
0.00020290188392460003,0.0
0.0002029118835246,0.0166666666666666
0.00020292188312460004,0.0
0.00020293188272470003,0.0166666666666666
0.0002029418823247,0.0166666666666666
0.00020295188192470003,0.0166666666666666
0.0002029618815247,0.0
0.00020297188112470004,0.0
0.0002029818807247,0.0
0.0002029918803248,0.0166666666666666
0.00020300187992480003,0.0
0.0002030118795248,0.0166666666666666
0.00020302187912480004,0.0
0.0002030318787248,0.0
0.00020304187832480004,0.0
0.00020305187792480001,0.0166666666666666
0.0002030618775249,0.0
0.00020307187712490004,0.0166666666666666
0.0002030818767249,0.0
0.00020309187632490004,0.0166666666666666
0.00020310187592490001,0.0
0.00020311187552490004,0.0
0.00020312187512500004,0.0166666666666666
0.000203131874725,0.0
0.00020314187432500004,0.0
0.00020315187392500001,0.0166666666666666
0.00020316187352500004,0.0
0.00020317187312500002,0.0
0.0002031818727251,0.0166666666666666
0.00020319187232510004,0.0166666666666666
0.00020320187192510001,0.0166666666666666
0.00020321187152510004,0.0166666666666666
0.00020322187112510002,0.0166666666666666
0.0002032318707251,0.0166666666666666
0.00020324187032520004,0.0166666666666666
0.00020325186992520001,0.0
0.00020326186952520004,0.0166666666666666
0.00020327186912520002,0.0166666666666666
0.0002032818687252,0.0
0.00020329186832520002,0.0166666666666666
0.0002033018679252,0.0
0.00020331186752530004,0.0166666666666666
0.00020332186712530002,0.0166666666666666
0.0002033318667253,0.0166666666666666
0.00020334186632530002,0.0
0.0002033518659253,0.0166666666666666
0.00020336186552530002,0.0
0.00020337186512540002,0.0166666666666666
0.0002033818647254,0.0166666666666666
0.00020339186432540002,0.0
0.0002034018639254,0.0166666666666666
0.00020341186352540002,0.0166666666666666
0.0002034218631254,0.0166666666666666
0.0002034318627255,0.0166666666666666
0.00020344186232550002,0.0166666666666666
0.0002034518619255,0.0
0.00020346186152550002,0.0166666666666666
0.0002034718611255,0.0166666666666666
0.00020348186072550003,0.0
0.00020349186032560002,0.0166666666666666
0.0002035018599256,0.0166666666666666
0.00020351185952560002,0.0166666666666666
0.0002035218591256,0.0
0.00020353185872560003,0.0
0.0002035418583256,0.0166666666666666
0.00020355185792560003,0.0
0.00020356185752570002,0.0166666666666666
0.0002035718571257,0.0
0.00020358185672570003,0.0
0.0002035918563257,0.0166666666666666
0.00020360185592570003,0.0166666666666666
0.0002036118555257,0.0
0.0002036218551258,0.0
0.00020363185472580003,0.0
0.0002036418543258,0.0166666666666666
0.00020365185392580003,0.0166666666666666
0.0002036618535258,0.0166666666666666
0.00020367185312580003,0.0166666666666666
0.00020368185272590003,0.0166666666666666
0.0002036918523259,0.0166666666666666
0.00020370185192590003,0.0166666666666666
0.0002037118515259,0.0
0.00020372185112590003,0.0
0.0002037318507259,0.0166666666666666
0.000203741850326,0.0
0.00020375184992600003,0.0166666666666666
0.000203761849526,0.0166666666666666
0.00020377184912600003,0.0166666666666666
0.000203781848726,0.0
0.00020379184832600004,0.0
0.000203801847926,0.0166666666666666
0.0002038118475261,0.0
0.00020382184712610003,0.0166666666666666
0.0002038318467261,0.0166666666666666
0.00020384184632610004,0.0
0.0002038518459261,0.0166666666666666
0.00020386184552610004,0.0166666666666666
0.00020387184512620003,0.0166666666666666
0.0002038818447262,0.0
0.00020389184432620004,0.0
0.0002039018439262,0.0166666666666666
0.00020391184352620004,0.0166666666666666
0.00020392184312620002,0.0166666666666666
0.0002039318427263,0.0166666666666666
0.00020394184232630004,0.0
0.0002039518419263,0.0166666666666666
0.00020396184152630004,0.0166666666666666
0.00020397184112630002,0.0166666666666666
0.0002039818407263,0.0166666666666666
0.00020399184032640004,0.0166666666666666
0.0002040018399264,0.0333333333333332
0.00020401183952640004,0.0166666666666666
0.00020402183912640001,0.0166666666666666
0.0002040318387264,0.0166666666666666
0.00020404183832640002,0.0166666666666666
0.0002040518379264,0.0166666666666666
0.00020406183752650004,0.0
0.00020407183712650001,0.0166666666666666
0.00020408183672650004,0.0166666666666666
0.00020409183632650002,0.0166666666666666
0.0002041018359265,0.0
0.00020411183552650002,0.0166666666666666
0.00020412183512660001,0.0166666666666666
0.00020413183472660004,0.0166666666666666
0.00020414183432660002,0.0166666666666666
0.0002041518339266,0.0166666666666666
0.00020416183352660002,0.0166666666666666
0.0002041718331266,0.0166666666666666
0.00020418183272670004,0.0166666666666666
0.00020419183232670002,0.0166666666666666
0.0002042018319267,0.0
0.00020421183152670002,0.0
0.0002042218311267,0.0166666666666666
0.00020423183072670003,0.0
0.00020424183032680002,0.0166666666666666
0.0002042518299268,0.0166666666666666
0.00020426182952680002,0.0
0.0002042718291268,0.0166666666666666
0.00020428182872680003,0.0166666666666666
0.0002042918283268,0.0
0.00020430182792680003,0.0166666666666666
0.00020431182752690002,0.0166666666666666
0.0002043218271269,0.0166666666666666
0.00020433182672690002,0.0
0.0002043418263269,0.0166666666666666
0.00020435182592690003,0.0166666666666666
0.0002043618255269,0.0166666666666666
0.000204371825127,0.0
0.00020438182472700002,0.0166666666666666
0.000204391824327,0.0
0.00020440182392700003,0.0166666666666666
0.000204411823527,0.0166666666666666
0.00020442182312700003,0.0
0.00020443182272710002,0.0166666666666666
0.0002044418223271,0.0166666666666666
0.00020445182192710003,0.0
0.0002044618215271,0.0
0.00020447182112710003,0.0166666666666666
0.0002044818207271,0.0166666666666666
0.0002044918203272,0.0166666666666666
0.00020450181992720003,0.0
0.0002045118195272,0.0166666666666666
0.00020452181912720003,0.0166666666666666
0.0002045318187272,0.0166666666666666
0.00020454181832720004,0.0
0.0002045518179272,0.0
0.0002045618175273,0.0
0.00020457181712730003,0.0166666666666666
0.0002045818167273,0.0
0.00020459181632730003,0.0166666666666666
0.0002046018159273,0.0166666666666666
0.00020461181552730004,0.0166666666666666
0.00020462181512740003,0.0166666666666666
0.0002046318147274,0.0166666666666666
0.00020464181432740003,0.0
0.0002046518139274,0.0166666666666666
0.00020466181352740004,0.0
0.0002046718131274,0.0166666666666666
0.0002046818127275,0.0166666666666666
0.00020469181232750003,0.0
0.0002047018119275,0.0166666666666666
0.00020471181152750004,0.0166666666666666
0.0002047218111275,0.0166666666666666
0.00020473181072750004,0.0166666666666666
0.00020474181032760003,0.0
0.0002047518099276,0.0166666666666666
0.00020476180952760004,0.0
0.0002047718091276,0.0166666666666666
0.00020478180872760004,0.0166666666666666
0.00020479180832760002,0.0
0.0002048018079276,0.0166666666666666
0.00020481180752770004,0.0
0.0002048218071277,0.0166666666666666
0.00020483180672770004,0.0166666666666666
0.00020484180632770002,0.0
0.0002048518059277,0.0
0.00020486180552770002,0.0166666666666666
0.0002048718051278,0.0166666666666666
0.00020488180472780004,0.0166666666666666
0.00020489180432780002,0.0166666666666666
0.0002049018039278,0.0166666666666666
0.00020491180352780002,0.0166666666666666
0.0002049218031278,0.0166666666666666
0.00020493180272790004,0.0166666666666666
0.00020494180232790002,0.0166666666666666
0.0002049518019279,0.0166666666666666
0.00020496180152790002,0.0166666666666666
0.0002049718011279,0.0166666666666666
0.00020498180072790002,0.0
0.00020499180032800002,0.0166666666666666
0.000205001799928,0.0
0.00020501179952800002,0.0166666666666666
0.000205021799128,0.0166666666666666
0.00020503179872800002,0.0166666666666666
0.000205041798328,0.0
0.00020505179792800003,0.0166666666666666
0.00020506179752810002,0.0
0.0002050717971281,0.0166666666666666
0.00020508179672810002,0.0166666666666666
0.0002050917963281,0.0166666666666666
0.00020510179592810003,0.0166666666666666
0.0002051117955281,0.0166666666666666
0.0002051217951282,0.0166666666666666
0.00020513179472820002,0.0
0.0002051417943282,0.0
0.00020515179392820003,0.0166666666666666
0.0002051617935282,0.0166666666666666
0.00020517179312820003,0.0166666666666666
0.00020518179272830002,0.0166666666666666
0.0002051917923283,0.0166666666666666
0.00020520179192830003,0.0166666666666666
0.0002052117915283,0.0166666666666666
0.00020522179112830003,0.0166666666666666
0.0002052317907283,0.0166666666666666
0.0002052417903284,0.0166666666666666
0.00020525178992840003,0.0166666666666666
0.0002052617895284,0.0
0.00020527178912840003,0.0166666666666666
0.0002052817887284,0.0
0.00020529178832840003,0.0166666666666666
0.0002053017879284,0.0
0.0002053117875285,0.0166666666666666
0.00020532178712850003,0.0166666666666666
0.0002053317867285,0.0166666666666666
0.00020534178632850003,0.0
0.0002053517859285,0.0
0.00020536178552850004,0.0166666666666666
0.00020537178512860003,0.0166666666666666
0.0002053817847286,0.0166666666666666
0.00020539178432860003,0.0
0.0002054017839286,0.0
0.00020541178352860004,0.0166666666666666
0.0002054217831286,0.0166666666666666
0.0002054317827287,0.0166666666666666
0.00020544178232870003,0.0166666666666666
0.0002054517819287,0.0166666666666666
0.00020546178152870004,0.0
0.0002054717811287,0.0166666666666666
0.00020548178072870004,0.0166666666666666
0.00020549178032880003,0.0
0.0002055017799288,0.0166666666666666
0.00020551177952880004,0.0
0.0002055217791288,0.0166666666666666
0.00020553177872880004,0.0166666666666666
0.00020554177832880001,0.0166666666666666
0.00020555177792880004,0.0166666666666666
0.00020556177752890004,0.0166666666666666
0.0002055717771289,0.0166666666666666
0.00020558177672890004,0.0166666666666666
0.0002055917763289,0.0166666666666666
0.00020560177592890004,0.0
0.00020561177552890002,0.0166666666666666
0.000205621775129,0.0166666666666666
0.00020563177472900004,0.0166666666666666
0.000205641774329,0.0166666666666666
0.00020565177392900004,0.0166666666666666
0.00020566177352900002,0.0
0.000205671773129,0.0
0.00020568177272910004,0.0
0.0002056917723291,0.0166666666666666
0.00020570177192910004,0.0
0.00020571177152910002,0.0166666666666666
0.0002057217711291,0.0166666666666666
0.00020573177072910002,0.0166666666666666
0.0002057417703292,0.0
0.00020575176992920004,0.0166666666666666
0.00020576176952920002,0.0166666666666666
0.0002057717691292,0.0166666666666666
0.00020578176872920002,0.0166666666666666
0.0002057917683292,0.0166666666666666
0.00020580176792920002,0.0
0.00020581176752930002,0.0
0.0002058217671293,0.0
0.00020583176672930002,0.0166666666666666
0.0002058417663293,0.0166666666666666
0.00020585176592930002,0.0166666666666666
0.0002058617655293,0.0
0.0002058717651294,0.0166666666666666
0.00020588176472940002,0.0
0.0002058917643294,0.0166666666666666
0.00020590176392940002,0.0166666666666666
0.0002059117635294,0.0166666666666666
0.00020592176312940003,0.0166666666666666
0.00020593176272950002,0.0
0.0002059417623295,0.0
0.00020595176192950002,0.0166666666666666
0.0002059617615295,0.0166666666666666
0.00020597176112950003,0.0166666666666666
0.0002059817607295,0.0166666666666666
0.0002059917603296,0.0
0.00020600175992960002,0.0
0.0002060117595296,0.0
0.00020602175912960003,0.0166666666666666
0.0002060317587296,0.0166666666666666
0.00020604175832960003,0.0166666666666666
0.0002060517579296,0.0166666666666666
0.0002060617575297,0.0
0.00020607175712970003,0.0
0.0002060817567297,0.0166666666666666
0.00020609175632970003,0.0166666666666666
0.0002061017559297,0.0
0.00020611175552970003,0.0166666666666666
0.00020612175512980003,0.0
0.0002061317547298,0.0166666666666666
0.00020614175432980003,0.0166666666666666
0.0002061517539298,0.0166666666666666
0.00020616175352980003,0.0166666666666666
0.0002061717531298,0.0166666666666666
0.0002061817527299,0.0
0.00020619175232990003,0.0166666666666666
0.0002062017519299,0.0166666666666666
0.00020621175152990003,0.0166666666666666
0.0002062217511299,0.0166666666666666
0.00020623175072990004,0.0166666666666666
0.00020624175033000003,0.0166666666666666
0.00020625174993,0.0166666666666666
0.00020626174953000003,0.0
0.00020627174913,0.0166666666666666
0.00020628174873000004,0.0166666666666666
0.00020629174833,0.0166666666666666
0.00020630174793000004,0.0166666666666666
0.00020631174753010003,0.0166666666666666
0.0002063217471301,0.0166666666666666
0.00020633174673010004,0.0166666666666666
0.0002063417463301,0.0166666666666666
0.00020635174593010004,0.0166666666666666
0.00020636174553010001,0.0166666666666666
0.0002063717451302,0.0166666666666666
0.00020638174473020004,0.0166666666666666
0.0002063917443302,0.0166666666666666
0.00020640174393020004,0.0166666666666666
0.00020641174353020001,0.0166666666666666
0.00020642174313020004,0.0166666666666666
0.00020643174273030004,0.0166666666666666
0.0002064417423303,0.0166666666666666
0.00020645174193030004,0.0166666666666666
0.00020646174153030001,0.0166666666666666
0.00020647174113030004,0.0166666666666666
0.00020648174073030002,0.0
0.0002064917403304,0.0166666666666666
0.00020650173993040004,0.0
0.00020651173953040001,0.0166666666666666
0.00020652173913040004,0.0166666666666666
0.00020653173873040002,0.0166666666666666
0.0002065417383304,0.0
0.00020655173793040002,0.0
0.00020656173753050001,0.0166666666666666
0.00020657173713050004,0.0166666666666666
0.00020658173673050002,0.0
0.0002065917363305,0.0166666666666666
0.00020660173593050002,0.0166666666666666
0.0002066117355305,0.0166666666666666
0.00020662173513060004,0.0
0.00020663173473060002,0.0166666666666666
0.0002066417343306,0.0166666666666666
0.00020665173393060002,0.0166666666666666
0.0002066617335306,0.0166666666666666
0.00020667173313060002,0.0166666666666666
0.00020668173273070002,0.0
0.0002066917323307,0.0
0.00020670173193070002,0.0166666666666666
0.0002067117315307,0.0166666666666666
0.00020672173113070002,0.0166666666666666
0.0002067317307307,0.0166666666666666
0.0002067417303308,0.0
0.00020675172993080002,0.0166666666666666
0.0002067617295308,0.0
0.00020677172913080002,0.0166666666666666
0.0002067817287308,0.0166666666666666
0.00020679172833080003,0.0
0.0002068017279308,0.0166666666666666
0.0002068117275309,0.0166666666666666
0.00020682172713090002,0.0
0.0002068317267309,0.0166666666666666
0.00020684172633090003,0.0166666666666666
0.0002068517259309,0.0166666666666666
0.00020686172553090003,0.0166666666666666
0.00020687172513100002,0.0166666666666666
0.000206881724731,0.0166666666666666
0.00020689172433100003,0.0
0.000206901723931,0.0166666666666666
0.00020691172353100003,0.0166666666666666
0.000206921723131,0.0
0.0002069317227311,0.0166666666666666
0.00020694172233110003,0.0166666666666666
0.0002069517219311,0.0166666666666666
0.00020696172153110003,0.0
0.0002069717211311,0.0166666666666666
0.00020698172073110003,0.0166666666666666
0.00020699172033120003,0.0
0.0002070017199312,0.0
0.00020701171953120003,0.0166666666666666
0.0002070217191312,0.0166666666666666
0.00020703171873120003,0.0166666666666666
0.0002070417183312,0.0166666666666666
0.00020705171793120004,0.0
0.00020706171753130003,0.0166666666666666
0.0002070717171313,0.0166666666666666
0.00020708171673130003,0.0166666666666666
0.0002070917163313,0.0166666666666666
0.00020710171593130004,0.0166666666666666
0.0002071117155313,0.0166666666666666
0.0002071217151314,0.0
0.00020713171473140003,0.0166666666666666
0.0002071417143314,0.0
0.00020715171393140004,0.0166666666666666
0.0002071617135314,0.0166666666666666
0.00020717171313140004,0.0166666666666666
0.00020718171273150003,0.0166666666666666
0.0002071917123315,0.0
0.00020720171193150004,0.0
0.0002072117115315,0.0166666666666666
0.00020722171113150004,0.0166666666666666
0.00020723171073150002,0.0166666666666666
0.0002072417103316,0.0166666666666666
0.00020725170993160004,0.0166666666666666
0.0002072617095316,0.0166666666666666
0.00020727170913160004,0.0166666666666666
0.00020728170873160002,0.0
0.0002072917083316,0.0166666666666666
0.00020730170793160002,0.0166666666666666
0.0002073117075317,0.0166666666666666
0.00020732170713170004,0.0166666666666666
0.00020733170673170001,0.0166666666666666
0.0002073417063317,0.0166666666666666
0.00020735170593170002,0.0166666666666666
0.0002073617055317,0.0166666666666666
0.00020737170513180004,0.0166666666666666
0.00020738170473180001,0.0166666666666666
0.00020739170433180004,0.0166666666666666
0.00020740170393180002,0.0
0.0002074117035318,0.0166666666666666
0.00020742170313180002,0.0166666666666666
0.00020743170273190001,0.0166666666666666
0.00020744170233190004,0.0166666666666666
0.00020745170193190002,0.0166666666666666
0.0002074617015319,0.0
0.00020747170113190002,0.0166666666666666
0.0002074817007319,0.0166666666666666
0.00020749170033200004,0.0166666666666666
0.00020750169993200002,0.0
0.000207511699532,0.0166666666666666
0.00020752169913200002,0.0166666666666666
0.000207531698732,0.0
0.00020754169833200003,0.0
0.000207551697932,0.0166666666666666
0.0002075616975321,0.0
0.00020757169713210002,0.0166666666666666
0.0002075816967321,0.0166666666666666
0.00020759169633210003,0.0
0.0002076016959321,0.0166666666666666
0.00020761169553210003,0.0166666666666666
0.00020762169513220002,0.0166666666666666
0.0002076316947322,0.0166666666666666
0.00020764169433220002,0.0166666666666666
0.0002076516939322,0.0
0.00020766169353220003,0.0
0.0002076716931322,0.0
0.0002076816927323,0.0
0.00020769169233230002,0.0166666666666666
0.0002077016919323,0.0166666666666666
0.00020771169153230003,0.0166666666666666
0.0002077216911323,0.0
0.00020773169073230003,0.0166666666666666
0.00020774169033240002,0.0166666666666666
0.0002077516899324,0.0166666666666666
0.00020776168953240003,0.0
0.0002077716891324,0.0166666666666666
0.00020778168873240003,0.0166666666666666
0.0002077916883324,0.0166666666666666
0.00020780168793240004,0.0
0.00020781168753250003,0.0166666666666666
0.0002078216871325,0.0
0.00020783168673250003,0.0166666666666666
0.0002078416863325,0.0166666666666666
0.00020785168593250004,0.0166666666666666
0.0002078616855325,0.0166666666666666
0.0002078716851326,0.0166666666666666
0.00020788168473260003,0.0166666666666666
0.0002078916843326,0.0166666666666666
0.00020790168393260003,0.0166666666666666
0.0002079116835326,0.0
0.00020792168313260004,0.0166666666666666
0.00020793168273270003,0.0166666666666666
0.0002079416823327,0.0166666666666666
0.00020795168193270003,0.0166666666666666
0.0002079616815327,0.0
0.00020797168113270004,0.0166666666666666
0.0002079816807327,0.0166666666666666
0.0002079916803328,0.0166666666666666
0.00020800167993280003,0.0166666666666666
0.0002080116795328,0.0166666666666666
0.00020802167913280004,0.0
0.0002080316787328,0.0166666666666666
0.00020804167833280004,0.0
0.00020805167793280002,0.0166666666666666
0.0002080616775329,0.0166666666666666
0.00020807167713290004,0.0166666666666666
0.0002080816767329,0.0166666666666666
0.00020809167633290004,0.0166666666666666
0.00020810167593290002,0.0
0.0002081116755329,0.0166666666666666
0.00020812167513300004,0.0166666666666666
0.000208131674733,0.0166666666666666
0.00020814167433300004,0.0166666666666666
0.00020815167393300002,0.0166666666666666
0.000208161673533,0.0166666666666666
0.00020817167313300002,0.0166666666666666
0.0002081816727331,0.0166666666666666
0.00020819167233310004,0.0166666666666666
0.00020820167193310002,0.0166666666666666
0.0002082116715331,0.0166666666666666
0.00020822167113310002,0.0166666666666666
0.0002082316707331,0.0166666666666666
0.00020824167033320004,0.0166666666666666
0.00020825166993320002,0.0166666666666666
0.0002082616695332,0.0166666666666666
0.00020827166913320002,0.0166666666666666
0.0002082816687332,0.0166666666666666
0.00020829166833320002,0.0166666666666666
0.0002083016679332,0.0
0.0002083116675333,0.0166666666666666
0.00020832166713330002,0.0333333333333332
0.0002083316667333,0.0166666666666666
0.00020834166633330002,0.0166666666666666
0.0002083516659333,0.0166666666666666
0.00020836166553330003,0.0166666666666666
0.00020837166513340002,0.0166666666666666
0.0002083816647334,0.0166666666666666
0.00020839166433340002,0.0166666666666666
0.0002084016639334,0.0
0.00020841166353340003,0.0
0.0002084216631334,0.0166666666666666
0.0002084316627335,0.0166666666666666
0.00020844166233350002,0.0166666666666666
0.0002084516619335,0.0166666666666666
0.00020846166153350003,0.0166666666666666
0.0002084716611335,0.0166666666666666
0.00020848166073350003,0.0166666666666666
0.00020849166033360002,0.0
0.0002085016599336,0.0166666666666666
0.00020851165953360003,0.0166666666666666
0.0002085216591336,0.0166666666666666
0.00020853165873360003,0.0166666666666666
0.0002085416583336,0.0166666666666666
0.00020855165793360003,0.0
0.00020856165753370003,0.0166666666666666
0.0002085716571337,0.0166666666666666
0.00020858165673370003,0.0166666666666666
0.0002085916563337,0.0
0.00020860165593370003,0.0166666666666666
0.0002086116555337,0.0166666666666666
0.0002086216551338,0.0166666666666666
0.00020863165473380003,0.0166666666666666
0.0002086416543338,0.0166666666666666
0.00020865165393380003,0.0166666666666666
0.0002086616535338,0.0166666666666666
0.00020867165313380004,0.0
0.00020868165273390003,0.0166666666666666
0.0002086916523339,0.0166666666666666
0.00020870165193390003,0.0166666666666666
0.0002087116515339,0.0166666666666666
0.00020872165113390004,0.0166666666666666
0.0002087316507339,0.0166666666666666
0.000208741650334,0.0166666666666666
0.00020875164993400003,0.0166666666666666
0.000208761649534,0.0166666666666666
0.00020877164913400004,0.0166666666666666
0.000208781648734,0.0166666666666666
0.00020879164833400004,0.0
0.00020880164793400001,0.0166666666666666
0.0002088116475341,0.0166666666666666
0.00020882164713410004,0.0
0.0002088316467341,0.0166666666666666
0.00020884164633410004,0.0
0.00020885164593410001,0.0166666666666666
0.00020886164553410004,0.0166666666666666
0.00020887164513420004,0.0166666666666666
0.0002088816447342,0.0166666666666666
0.00020889164433420004,0.0166666666666666
0.0002089016439342,0.0166666666666666
0.00020891164353420004,0.0166666666666666
0.00020892164313420002,0.0166666666666666
0.0002089316427343,0.0166666666666666
0.00020894164233430004,0.0166666666666666
0.0002089516419343,0.0166666666666666
0.00020896164153430004,0.0166666666666666
0.00020897164113430002,0.0166666666666666
0.0002089816407343,0.0166666666666666
0.00020899164033440004,0.0
0.0002090016399344,0.0166666666666666
0.00020901163953440004,0.0
0.00020902163913440002,0.0166666666666666
0.0002090316387344,0.0166666666666666
0.00020904163833440002,0.0
0.0002090516379344,0.0166666666666666
0.00020906163753450004,0.0166666666666666
0.00020907163713450002,0.0166666666666666
0.0002090816367345,0.0166666666666666
0.00020909163633450002,0.0166666666666666
0.0002091016359345,0.0
0.00020911163553450002,0.0166666666666666
0.00020912163513460002,0.0166666666666666
0.0002091316347346,0.0166666666666666
0.00020914163433460002,0.0166666666666666
0.0002091516339346,0.0166666666666666
0.00020916163353460002,0.0
0.0002091716331346,0.0
0.0002091816327347,0.0166666666666666
0.00020919163233470002,0.0166666666666666
0.0002092016319347,0.0166666666666666
0.00020921163153470002,0.0166666666666666
0.0002092216311347,0.0166666666666666
0.00020923163073470003,0.0
0.00020924163033480002,0.0166666666666666
0.0002092516299348,0.0166666666666666
0.00020926162953480002,0.0166666666666666
0.0002092716291348,0.0166666666666666
0.00020928162873480003,0.0166666666666666
0.0002092916283348,0.0166666666666666
0.00020930162793480003,0.0
0.00020931162753490002,0.0166666666666666
0.0002093216271349,0.0166666666666666
0.00020933162673490003,0.0166666666666666
0.0002093416263349,0.0166666666666666
0.00020935162593490003,0.0166666666666666
0.0002093616255349,0.0166666666666666
0.000209371625135,0.0166666666666666
0.00020938162473500003,0.0166666666666666
0.000209391624335,0.0166666666666666
0.00020940162393500003,0.0166666666666666
0.000209411623535,0.0166666666666666
0.00020942162313500003,0.0166666666666666
0.00020943162273510003,0.0166666666666666
0.0002094416223351,0.0166666666666666
0.00020945162193510003,0.0166666666666666
0.0002094616215351,0.0166666666666666
0.00020947162113510003,0.0166666666666666
0.0002094816207351,0.0166666666666666
0.0002094916203352,0.0166666666666666
0.00020950161993520003,0.0166666666666666
0.0002095116195352,0.0166666666666666
0.00020952161913520003,0.0166666666666666
0.0002095316187352,0.0166666666666666
0.00020954161833520004,0.0166666666666666
0.0002095516179352,0.0166666666666666
0.0002095616175353,0.0166666666666666
0.00020957161713530003,0.0166666666666666
0.0002095816167353,0.0
0.00020959161633530004,0.0166666666666666
0.0002096016159353,0.0166666666666666
0.00020961161553530004,0.0166666666666666
0.00020962161513540003,0.0
0.0002096316147354,0.0166666666666666
0.00020964161433540004,0.0166666666666666
0.0002096516139354,0.0166666666666666
0.00020966161353540004,0.0166666666666666
0.00020967161313540001,0.0166666666666666
0.0002096816127355,0.0166666666666666
0.00020969161233550004,0.0166666666666666
0.0002097016119355,0.0166666666666666
0.00020971161153550004,0.0166666666666666
0.00020972161113550001,0.0166666666666666
0.00020973161073550004,0.0166666666666666
0.00020974161033560004,0.0166666666666666
0.0002097516099356,0.0
0.00020976160953560004,0.0
0.00020977160913560001,0.0166666666666666
0.00020978160873560004,0.0166666666666666
0.00020979160833560002,0.0166666666666666
0.0002098016079356,0.0166666666666666
0.00020981160753570004,0.0166666666666666
0.00020982160713570001,0.0
0.00020983160673570004,0.0166666666666666
0.00020984160633570002,0.0166666666666666
0.0002098516059357,0.0166666666666666
0.00020986160553570002,0.0
0.00020987160513580001,0.0
0.00020988160473580004,0.0
0.00020989160433580002,0.0166666666666666
0.0002099016039358,0.0166666666666666
0.00020991160353580002,0.0166666666666666
0.0002099216031358,0.0166666666666666
0.00020993160273590004,0.0166666666666666
0.00020994160233590002,0.0
0.0002099516019359,0.0166666666666666
0.00020996160153590002,0.0
0.0002099716011359,0.0166666666666666
0.00020998160073590002,0.0
0.00020999160033600002,0.0166666666666666
0.000210001599936,0.0166666666666666
0.00021001159953600002,0.0166666666666666
0.000210021599136,0.0166666666666666
0.00021003159873600002,0.0166666666666666
0.000210041598336,0.0166666666666666
0.00021005159793600003,0.0166666666666666
0.00021006159753610002,0.0166666666666666
0.0002100715971361,0.0166666666666666
0.00021008159673610002,0.0166666666666666
0.0002100915963361,0.0
0.00021010159593610003,0.0166666666666666
0.0002101115955361,0.0166666666666666
0.0002101215951362,0.0166666666666666
0.00021013159473620002,0.0
0.0002101415943362,0.0166666666666666
0.00021015159393620003,0.0166666666666666
0.0002101615935362,0.0
0.00021017159313620003,0.0166666666666666
0.00021018159273630002,0.0
0.0002101915923363,0.0166666666666666
0.00021020159193630003,0.0166666666666666
0.0002102115915363,0.0
0.00021022159113630003,0.0166666666666666
0.0002102315907363,0.0166666666666666
0.0002102415903364,0.0166666666666666
0.00021025158993640003,0.0166666666666666
0.0002102615895364,0.0166666666666666
0.00021027158913640003,0.0166666666666666
0.0002102815887364,0.0166666666666666
0.00021029158833640003,0.0166666666666666
0.0002103015879364,0.0166666666666666
0.0002103115875365,0.0
0.00021032158713650003,0.0166666666666666
0.0002103315867365,0.0166666666666666
0.00021034158633650003,0.0
0.0002103515859365,0.0166666666666666
0.00021036158553650004,0.0166666666666666
0.00021037158513660003,0.0
0.0002103815847366,0.0166666666666666
0.00021039158433660003,0.0166666666666666
0.0002104015839366,0.0166666666666666
0.00021041158353660004,0.0166666666666666
0.0002104215831366,0.0166666666666666
0.0002104315827367,0.0166666666666666
0.00021044158233670003,0.0166666666666666
0.0002104515819367,0.0
0.00021046158153670004,0.0166666666666666
0.0002104715811367,0.0166666666666666
0.00021048158073670004,0.0166666666666666
0.00021049158033680003,0.0166666666666666
0.0002105015799368,0.0166666666666666
0.00021051157953680004,0.0
0.0002105215791368,0.0166666666666666
0.00021053157873680004,0.0166666666666666
0.00021054157833680002,0.0166666666666666
0.0002105515779368,0.0166666666666666
0.00021056157753690004,0.0
0.0002105715771369,0.0166666666666666
0.00021058157673690004,0.0166666666666666
0.00021059157633690002,0.0
0.0002106015759369,0.0166666666666666
0.00021061157553690002,0.0166666666666666
0.000210621575137,0.0166666666666666
0.00021063157473700004,0.0166666666666666
0.00021064157433700001,0.0
0.000210651573937,0.0166666666666666
0.00021066157353700002,0.0166666666666666
0.000210671573137,0.0166666666666666
0.00021068157273710004,0.0
0.00021069157233710001,0.0
0.00021070157193710004,0.0166666666666666
0.00021071157153710002,0.0166666666666666
0.0002107215711371,0.0
0.00021073157073710002,0.0
0.00021074157033720001,0.0166666666666666
0.00021075156993720004,0.0166666666666666
0.00021076156953720002,0.0166666666666666
0.0002107715691372,0.0166666666666666
0.00021078156873720002,0.0166666666666666
0.0002107915683372,0.0166666666666666
0.00021080156793720003,0.0166666666666666
0.00021081156753730002,0.0166666666666666
0.0002108215671373,0.0166666666666666
0.00021083156673730002,0.0166666666666666
0.0002108415663373,0.0166666666666666
0.00021085156593730003,0.0166666666666666
0.0002108615655373,0.0166666666666666
0.0002108715651374,0.0166666666666666
0.00021088156473740002,0.0166666666666666
0.0002108915643374,0.0166666666666666
0.00021090156393740003,0.0166666666666666
0.0002109115635374,0.0
0.00021092156313740003,0.0166666666666666
0.00021093156273750002,0.0
0.0002109415623375,0.0166666666666666
0.00021095156193750002,0.0166666666666666
0.0002109615615375,0.0
0.00021097156113750003,0.0166666666666666
0.0002109815607375,0.0166666666666666
0.0002109915603376,0.0
0.00021100155993760002,0.0
0.0002110115595376,0.0166666666666666
0.00021102155913760003,0.0166666666666666
0.0002110315587376,0.0166666666666666
0.00021104155833760003,0.0166666666666666
0.0002110515579376,0.0166666666666666
0.0002110615575377,0.0166666666666666
0.00021107155713770003,0.0166666666666666
0.0002110815567377,0.0166666666666666
0.00021109155633770003,0.0166666666666666
0.0002111015559377,0.0166666666666666
0.00021111155553770004,0.0166666666666666
0.00021112155513780003,0.0166666666666666
0.0002111315547378,0.0166666666666666
0.00021114155433780003,0.0
0.0002111515539378,0.0166666666666666
0.00021116155353780004,0.0166666666666666
0.0002111715531378,0.0166666666666666
0.0002111815527379,0.0166666666666666
0.00021119155233790003,0.0
0.0002112015519379,0.0166666666666666
0.00021121155153790003,0.0166666666666666
0.0002112215511379,0.0
0.00021123155073790004,0.0166666666666666
0.00021124155033800003,0.0166666666666666
0.000211251549938,0.0166666666666666
0.00021126154953800003,0.0
0.000211271549138,0.0
0.00021128154873800004,0.0166666666666666
0.000211291548338,0.0166666666666666
0.00021130154793800004,0.0166666666666666
0.00021131154753810003,0.0166666666666666
0.0002113215471381,0.0166666666666666
0.00021133154673810004,0.0166666666666666
0.0002113415463381,0.0166666666666666
0.00021135154593810004,0.0166666666666666
0.00021136154553810002,0.0333333333333332
0.0002113715451382,0.0166666666666666
0.00021138154473820004,0.0166666666666666
0.0002113915443382,0.0166666666666666
0.00021140154393820004,0.0166666666666666
0.00021141154353820002,0.0166666666666666
0.0002114215431382,0.0
0.00021143154273830004,0.0166666666666666
0.0002114415423383,0.0166666666666666
0.00021145154193830004,0.0
0.00021146154153830002,0.0
0.0002114715411383,0.0166666666666666
0.00021148154073830002,0.0166666666666666
0.0002114915403384,0.0
0.00021150153993840004,0.0166666666666666
0.00021151153953840002,0.0
0.0002115215391384,0.0166666666666666
0.00021153153873840002,0.0166666666666666
0.0002115415383384,0.0166666666666666
0.00021155153793840002,0.0
0.00021156153753850002,0.0166666666666666
0.0002115715371385,0.0166666666666666
0.00021158153673850002,0.0166666666666666
0.0002115915363385,0.0166666666666666
0.00021160153593850002,0.0166666666666666
0.0002116115355385,0.0166666666666666
0.0002116215351386,0.0166666666666666
0.00021163153473860002,0.0166666666666666
0.0002116415343386,0.0
0.00021165153393860002,0.0166666666666666
0.0002116615335386,0.0166666666666666
0.00021167153313860003,0.0166666666666666
0.00021168153273870002,0.0
0.0002116915323387,0.0166666666666666
0.00021170153193870002,0.0
0.0002117115315387,0.0166666666666666
0.00021172153113870003,0.0
0.0002117315307387,0.0166666666666666
0.0002117415303388,0.0
0.00021175152993880002,0.0166666666666666
0.0002117615295388,0.0
0.00021177152913880003,0.0166666666666666
0.0002117815287388,0.0166666666666666
0.00021179152833880003,0.0
0.0002118015279388,0.0166666666666666
0.0002118115275389,0.0166666666666666
0.00021182152713890003,0.0166666666666666
0.0002118315267389,0.0166666666666666
0.00021184152633890003,0.0166666666666666
0.0002118515259389,0.0166666666666666
0.00021186152553890003,0.0166666666666666
0.00021187152513900003,0.0166666666666666
0.000211881524739,0.0166666666666666
0.00021189152433900003,0.0166666666666666
0.000211901523939,0.0166666666666666
0.00021191152353900003,0.0166666666666666
0.000211921523139,0.0166666666666666
0.0002119315227391,0.0166666666666666
0.00021194152233910003,0.0166666666666666
0.0002119515219391,0.0166666666666666
0.00021196152153910003,0.0
0.0002119715211391,0.0166666666666666
0.00021198152073910004,0.0166666666666666
0.00021199152033920003,0.0166666666666666
0.0002120015199392,0.0
0.00021201151953920003,0.0166666666666666
0.0002120215191392,0.0166666666666666
0.00021203151873920004,0.0
0.0002120415183392,0.0
0.00021205151793920004,0.0
0.00021206151753930003,0.0
0.0002120715171393,0.0166666666666666
0.00021208151673930004,0.0
0.0002120915163393,0.0166666666666666
0.00021210151593930004,0.0
0.00021211151553930001,0.0166666666666666
0.0002121215151394,0.0166666666666666
0.00021213151473940004,0.0166666666666666
0.0002121415143394,0.0166666666666666
0.00021215151393940004,0.0166666666666666
0.00021216151353940001,0.0166666666666666
0.00021217151313940004,0.0166666666666666
0.00021218151273950004,0.0166666666666666
0.0002121915123395,0.0166666666666666
0.00021220151193950004,0.0166666666666666
0.0002122115115395,0.0166666666666666
0.00021222151113950004,0.0166666666666666
0.00021223151073950002,0.0166666666666666
0.0002122415103396,0.0166666666666666
0.00021225150993960004,0.0166666666666666
0.0002122615095396,0.0166666666666666
0.00021227150913960004,0.0
0.00021228150873960002,0.0166666666666666
0.0002122915083396,0.0166666666666666
0.00021230150793960002,0.0
0.0002123115075397,0.0166666666666666
0.00021232150713970004,0.0
0.00021233150673970002,0.0166666666666666
0.0002123415063397,0.0166666666666666
0.00021235150593970002,0.0166666666666666
0.0002123615055397,0.0166666666666666
0.00021237150513980004,0.0
0.00021238150473980002,0.0166666666666666
0.0002123915043398,0.0166666666666666
0.00021240150393980002,0.0166666666666666
0.0002124115035398,0.0166666666666666
0.00021242150313980002,0.0166666666666666
0.00021243150273990002,0.0166666666666666
0.0002124415023399,0.0166666666666666
0.00021245150193990002,0.0166666666666666
0.0002124615015399,0.0
0.00021247150113990002,0.0166666666666666
0.0002124815007399,0.0166666666666666
0.00021249150034,0.0166666666666666
0.00021250149994000002,0.0166666666666666
0.00021251149954,0.0166666666666666
0.00021252149914000002,0.0166666666666666
0.00021253149874,0.0166666666666666
0.00021254149834000003,0.0
0.00021255149794,0.0166666666666666
0.0002125614975401,0.0166666666666666
0.00021257149714010002,0.0166666666666666
0.0002125814967401,0.0
0.00021259149634010003,0.0166666666666666
0.0002126014959401,0.0
0.00021261149554010003,0.0166666666666666
0.00021262149514020002,0.0166666666666666
0.0002126314947402,0.0166666666666666
0.00021264149434020003,0.0
0.0002126514939402,0.0166666666666666
0.00021266149354020003,0.0166666666666666
0.0002126714931402,0.0166666666666666
0.0002126814927403,0.0166666666666666
0.00021269149234030003,0.0166666666666666
0.0002127014919403,0.0166666666666666
0.00021271149154030003,0.0166666666666666
0.0002127214911403,0.0166666666666666
0.00021273149074030003,0.0166666666666666
0.00021274149034040003,0.0166666666666666
0.0002127514899404,0.0166666666666666
0.00021276148954040003,0.0166666666666666
0.0002127714891404,0.0
0.00021278148874040003,0.0166666666666666
0.0002127914883404,0.0166666666666666
0.00021280148794040004,0.0166666666666666
0.00021281148754050003,0.0166666666666666
0.0002128214871405,0.0166666666666666
0.00021283148674050003,0.0166666666666666
0.0002128414863405,0.0166666666666666
0.00021285148594050004,0.0166666666666666
0.0002128614855405,0.0
0.0002128714851406,0.0166666666666666
0.00021288148474060003,0.0166666666666666
0.0002128914843406,0.0
0.00021290148394060004,0.0166666666666666
0.0002129114835406,0.0
0.00021292148314060004,0.0166666666666666
0.00021293148274070003,0.0166666666666666
0.0002129414823407,0.0
0.00021295148194070004,0.0166666666666666
0.0002129614815407,0.0166666666666666
0.00021297148114070004,0.0166666666666666
0.00021298148074070001,0.0166666666666666
0.0002129914803408,0.0166666666666666
0.00021300147994080004,0.0166666666666666
0.0002130114795408,0.0166666666666666
0.00021302147914080004,0.0166666666666666
0.00021303147874080001,0.0166666666666666
0.00021304147834080004,0.0166666666666666
0.00021305147794080002,0.0166666666666666
0.0002130614775409,0.0166666666666666
0.00021307147714090004,0.0166666666666666
0.00021308147674090001,0.0166666666666666
0.00021309147634090004,0.0166666666666666
0.00021310147594090002,0.0166666666666666
0.0002131114755409,0.0166666666666666
0.00021312147514100004,0.0
0.00021313147474100001,0.0166666666666666
0.00021314147434100004,0.0166666666666666
0.00021315147394100002,0.0
0.000213161473541,0.0166666666666666
0.00021317147314100002,0.0
0.00021318147274110001,0.0166666666666666
0.00021319147234110004,0.0166666666666666
0.00021320147194110002,0.0166666666666666
0.0002132114715411,0.0166666666666666
0.00021322147114110002,0.0166666666666666
0.0002132314707411,0.0166666666666666
0.00021324147034120004,0.0166666666666666
0.00021325146994120002,0.0
0.0002132614695412,0.0166666666666666
0.00021327146914120002,0.0166666666666666
0.0002132814687412,0.0166666666666666
0.00021329146834120002,0.0166666666666666
0.0002133014679412,0.0166666666666666
0.0002133114675413,0.0166666666666666
0.00021332146714130002,0.0166666666666666
0.0002133314667413,0.0166666666666666
0.00021334146634130002,0.0166666666666666
0.0002133514659413,0.0166666666666666
0.00021336146554130003,0.0
0.00021337146514140002,0.0166666666666666
0.0002133814647414,0.0166666666666666
0.00021339146434140002,0.0
0.0002134014639414,0.0
0.00021341146354140003,0.0166666666666666
0.0002134214631414,0.0166666666666666
0.0002134314627415,0.0
0.00021344146234150002,0.0166666666666666
0.0002134514619415,0.0166666666666666
0.00021346146154150003,0.0166666666666666
0.0002134714611415,0.0166666666666666
0.00021348146074150003,0.0166666666666666
0.00021349146034160002,0.0
0.0002135014599416,0.0166666666666666
0.00021351145954160003,0.0166666666666666
0.0002135214591416,0.0
0.00021353145874160003,0.0166666666666666
0.0002135414583416,0.0166666666666666
0.00021355145794160003,0.0166666666666666
0.00021356145754170003,0.0
0.0002135714571417,0.0166666666666666
0.00021358145674170003,0.0
0.0002135914563417,0.0166666666666666
0.00021360145594170003,0.0166666666666666
0.0002136114555417,0.0166666666666666
0.0002136214551418,0.0166666666666666
0.00021363145474180003,0.0166666666666666
0.0002136414543418,0.0166666666666666
0.00021365145394180003,0.0
0.0002136614535418,0.0166666666666666
0.00021367145314180004,0.0
0.00021368145274190003,0.0
0.0002136914523419,0.0166666666666666
0.00021370145194190003,0.0166666666666666
0.0002137114515419,0.0166666666666666
0.00021372145114190004,0.0166666666666666
0.0002137314507419,0.0166666666666666
0.000213741450342,0.0
0.00021375144994200003,0.0166666666666666
0.000213761449542,0.0
0.00021377144914200004,0.0166666666666666
0.000213781448742,0.0166666666666666
0.00021379144834200004,0.0166666666666666
0.00021380144794200002,0.0166666666666666
0.0002138114475421,0.0166666666666666
0.00021382144714210004,0.0166666666666666
0.0002138314467421,0.0
0.00021384144634210004,0.0166666666666666
0.00021385144594210002,0.0166666666666666
0.0002138614455421,0.0166666666666666
0.00021387144514220004,0.0166666666666666
0.0002138814447422,0.0
0.00021389144434220004,0.0166666666666666
0.00021390144394220002,0.0
0.0002139114435422,0.0
0.00021392144314220002,0.0
0.0002139314427423,0.0166666666666666
0.00021394144234230004,0.0
0.00021395144194230001,0.0166666666666666
0.0002139614415423,0.0166666666666666
0.00021397144114230002,0.0166666666666666
0.0002139814407423,0.0166666666666666
0.00021399144034240004,0.0166666666666666
0.00021400143994240001,0.0166666666666666
0.00021401143954240004,0.0166666666666666
0.00021402143914240002,0.0166666666666666
0.0002140314387424,0.0166666666666666
0.00021404143834240002,0.0166666666666666
0.0002140514379424,0.0166666666666666
0.00021406143754250004,0.0
0.00021407143714250002,0.0
0.0002140814367425,0.0166666666666666
0.00021409143634250002,0.0166666666666666
0.0002141014359425,0.0166666666666666
0.00021411143554250003,0.0
0.00021412143514260002,0.0166666666666666
0.0002141314347426,0.0166666666666666
0.00021414143434260002,0.0166666666666666
0.0002141514339426,0.0166666666666666
0.00021416143354260003,0.0166666666666666
0.0002141714331426,0.0166666666666666
0.0002141814327427,0.0166666666666666
0.00021419143234270002,0.0166666666666666
0.0002142014319427,0.0166666666666666
0.00021421143154270002,0.0166666666666666
0.0002142214311427,0.0166666666666666
0.00021423143074270003,0.0166666666666666
0.00021424143034280002,0.0
0.0002142514299428,0.0166666666666666
0.00021426142954280002,0.0166666666666666
0.0002142714291428,0.0166666666666666
0.00021428142874280003,0.0166666666666666
0.0002142914283428,0.0166666666666666
0.00021430142794280003,0.0166666666666666
0.00021431142754290002,0.0166666666666666
0.0002143214271429,0.0
0.00021433142674290003,0.0166666666666666
0.0002143414263429,0.0166666666666666
0.00021435142594290003,0.0166666666666666
0.0002143614255429,0.0166666666666666
0.000214371425143,0.0166666666666666
0.00021438142474300003,0.0
0.000214391424343,0.0166666666666666
0.00021440142394300003,0.0166666666666666
0.000214411423543,0.0166666666666666
0.00021442142314300004,0.0166666666666666
0.00021443142274310003,0.0
0.0002144414223431,0.0166666666666666
0.00021445142194310003,0.0
0.0002144614215431,0.0166666666666666
0.00021447142114310004,0.0166666666666666
0.0002144814207431,0.0166666666666666
0.0002144914203432,0.0
0.00021450141994320003,0.0166666666666666
0.0002145114195432,0.0
0.00021452141914320003,0.0
0.0002145314187432,0.0166666666666666
0.00021454141834320004,0.0166666666666666
0.0002145514179432,0.0166666666666666
0.0002145614175433,0.0166666666666666
0.00021457141714330003,0.0166666666666666
0.0002145814167433,0.0
0.00021459141634330004,0.0166666666666666
0.0002146014159433,0.0
0.00021461141554330004,0.0166666666666666
0.00021462141514340003,0.0166666666666666
0.0002146314147434,0.0166666666666666
0.00021464141434340004,0.0
0.0002146514139434,0.0166666666666666
0.00021466141354340004,0.0166666666666666
0.00021467141314340002,0.0166666666666666
0.0002146814127435,0.0
0.00021469141234350004,0.0166666666666666
0.0002147014119435,0.0
0.00021471141154350004,0.0
0.00021472141114350002,0.0166666666666666
0.0002147314107435,0.0166666666666666
0.00021474141034360004,0.0
0.0002147514099436,0.0
0.00021476140954360004,0.0166666666666666
0.00021477140914360002,0.0166666666666666
0.0002147814087436,0.0
0.00021479140834360002,0.0166666666666666
0.0002148014079436,0.0
0.00021481140754370004,0.0166666666666666
0.00021482140714370002,0.0166666666666666
0.0002148314067437,0.0166666666666666
0.00021484140634370002,0.0
0.0002148514059437,0.0166666666666666
0.00021486140554370002,0.0166666666666666
0.00021487140514380002,0.0166666666666666
0.0002148814047438,0.0166666666666666
0.00021489140434380002,0.0
0.0002149014039438,0.0166666666666666
0.00021491140354380002,0.0166666666666666
0.0002149214031438,0.0166666666666666
0.0002149314027439,0.0
0.00021494140234390002,0.0
0.0002149514019439,0.0166666666666666
0.00021496140154390002,0.0
0.0002149714011439,0.0166666666666666
0.00021498140074390003,0.0
0.00021499140034400002,0.0166666666666666
0.000215001399944,0.0166666666666666
0.00021501139954400002,0.0166666666666666
0.000215021399144,0.0166666666666666
0.00021503139874400003,0.0166666666666666
0.000215041398344,0.0166666666666666
0.00021505139794400003,0.0166666666666666
0.00021506139754410002,0.0
0.0002150713971441,0.0166666666666666
0.00021508139674410003,0.0166666666666666
0.0002150913963441,0.0166666666666666
0.00021510139594410003,0.0166666666666666
0.0002151113955441,0.0
0.0002151213951442,-0.0166666666666666
0.00021513139474420003,0.0166666666666666
0.0002151413943442,0.0166666666666666
0.00021515139394420003,0.0166666666666666
0.0002151613935442,0.0166666666666666
0.00021517139314420003,0.0
0.00021518139274430003,0.0
0.0002151913923443,0.0
0.00021520139194430003,0.0166666666666666
0.0002152113915443,0.0166666666666666
0.00021522139114430003,0.0333333333333332
0.0002152313907443,0.0166666666666666
0.0002152413903444,0.0
0.00021525138994440003,0.0
0.0002152613895444,0.0
0.00021527138914440003,0.0166666666666666
0.0002152813887444,0.0166666666666666
0.00021529138834440004,0.0166666666666666
0.0002153013879444,0.0166666666666666
0.0002153113875445,0.0166666666666666
0.00021532138714450003,0.0166666666666666
0.0002153313867445,0.0166666666666666
0.00021534138634450004,0.0166666666666666
0.0002153513859445,0.0
0.00021536138554450004,0.0
0.00021537138514460003,0.0
0.0002153813847446,0.0
0.00021539138434460004,0.0166666666666666
0.0002154013839446,0.0166666666666666
0.00021541138354460004,0.0166666666666666
0.00021542138314460001,0.0
0.0002154313827447,0.0166666666666666
0.00021544138234470004,0.0
0.0002154513819447,0.0
0.00021546138154470004,0.0166666666666666
0.00021547138114470001,0.0166666666666666
0.00021548138074470004,0.0
0.00021549138034480004,0.0
0.0002155013799448,0.0166666666666666
0.00021551137954480004,0.0166666666666666
0.0002155213791448,0.0166666666666666
0.00021553137874480004,0.0
0.00021554137834480002,0.0
0.0002155513779448,0.0
0.00021556137754490004,0.0166666666666666
0.0002155713771449,0.0333333333333332
0.00021558137674490004,0.0166666666666666
0.00021559137634490002,0.0166666666666666
0.0002156013759449,0.0166666666666666
0.00021561137554490002,0.0166666666666666
0.000215621375145,0.0166666666666666
0.00021563137474500004,0.0166666666666666
0.00021564137434500002,0.0166666666666666
0.000215651373945,0.0166666666666666
0.00021566137354500002,0.0
0.000215671373145,0.0
0.00021568137274510004,0.0
0.00021569137234510002,0.0166666666666666
0.0002157013719451,0.0166666666666666
0.00021571137154510002,0.0166666666666666
0.0002157213711451,0.0
0.00021573137074510002,0.0166666666666666
0.00021574137034520002,0.0
0.0002157513699452,0.0166666666666666
0.00021576136954520002,0.0
0.0002157713691452,0.0166666666666666
0.00021578136874520002,0.0166666666666666
0.0002157913683452,0.0166666666666666
0.00021580136794520003,0.0166666666666666
0.00021581136754530002,0.0166666666666666
0.0002158213671453,0.0166666666666666
0.00021583136674530002,0.0166666666666666
0.0002158413663453,0.0166666666666666
0.00021585136594530003,0.0166666666666666
0.0002158613655453,0.0166666666666666
0.0002158713651454,0.0166666666666666
0.00021588136474540002,0.0166666666666666
0.0002158913643454,0.0166666666666666
0.00021590136394540003,0.0166666666666666
0.0002159113635454,0.0
0.00021592136314540003,0.0166666666666666
0.00021593136274550002,0.0
0.0002159413623455,0.0
0.00021595136194550003,0.0
0.0002159613615455,0.0166666666666666
0.00021597136114550003,0.0
0.0002159813607455,0.0166666666666666
0.0002159913603456,0.0166666666666666
0.00021600135994560003,0.0
0.0002160113595456,0.0166666666666666
0.00021602135914560003,0.0166666666666666
0.0002160313587456,0.0166666666666666
0.00021604135834560003,0.0
0.0002160513579456,0.0166666666666666
0.0002160613575457,0.0166666666666666
0.00021607135714570003,0.0166666666666666
0.0002160813567457,0.0166666666666666
0.00021609135634570003,0.0166666666666666
0.0002161013559457,0.0166666666666666
0.00021611135554570004,0.0166666666666666
0.00021612135514580003,0.0
0.0002161313547458,0.0166666666666666
0.00021614135434580003,0.0166666666666666
0.0002161513539458,0.0166666666666666
0.00021616135354580004,0.0
0.0002161713531458,0.0
0.0002161813527459,0.0
0.00021619135234590003,0.0166666666666666
0.0002162013519459,0.0166666666666666
0.00021621135154590004,0.0166666666666666
0.0002162213511459,0.0166666666666666
0.00021623135074590004,0.0
0.00021624135034600003,0.0
0.000216251349946,0.0
0.00021626134954600004,0.0166666666666666
0.000216271349146,0.0166666666666666
0.00021628134874600004,0.0
0.00021629134834600001,0.0
0.00021630134794600004,0.0
0.00021631134754610004,0.0166666666666666
0.0002163213471461,0.0166666666666666
0.00021633134674610004,0.0166666666666666
0.00021634134634610001,0.0166666666666666
0.00021635134594610004,0.0166666666666666
0.00021636134554610002,0.0
0.0002163713451462,0.0166666666666666
0.00021638134474620004,0.0166666666666666
0.00021639134434620001,0.0166666666666666
0.00021640134394620004,0.0
0.00021641134354620002,0.0166666666666666
0.0002164213431462,0.0166666666666666
0.00021643134274630004,0.0166666666666666
0.00021644134234630001,0.0166666666666666
0.00021645134194630004,0.0
0.00021646134154630002,0.0166666666666666
0.0002164713411463,0.0166666666666666
0.00021648134074630002,0.0
0.00021649134034640001,0.0166666666666666
0.00021650133994640004,0.0
0.00021651133954640002,0.0166666666666666
0.0002165213391464,0.0166666666666666
0.00021653133874640002,0.0166666666666666
0.0002165413383464,0.0166666666666666
0.00021655133794640002,0.0
0.00021656133754650002,0.0166666666666666
0.0002165713371465,0.0166666666666666
0.00021658133674650002,0.0166666666666666
0.0002165913363465,0.0166666666666666
0.00021660133594650002,0.0166666666666666
0.0002166113355465,0.0166666666666666
0.0002166213351466,0.0
0.00021663133474660002,0.0166666666666666
0.0002166413343466,0.0166666666666666
0.00021665133394660002,0.0166666666666666
0.0002166613335466,0.0
0.00021667133314660003,0.0166666666666666
0.00021668133274670002,0.0166666666666666
0.0002166913323467,0.0166666666666666
0.00021670133194670002,0.0166666666666666
0.0002167113315467,0.0166666666666666
0.00021672133114670003,0.0166666666666666
0.0002167313307467,0.0166666666666666
0.0002167413303468,0.0
0.00021675132994680002,0.0166666666666666
0.0002167613295468,0.0166666666666666
0.00021677132914680003,0.0166666666666666
0.0002167813287468,0.0166666666666666
0.00021679132834680003,0.0166666666666666
0.0002168013279468,0.0
0.0002168113275469,0.0166666666666666
0.00021682132714690003,0.0166666666666666
0.0002168313267469,0.0166666666666666
0.00021684132634690003,0.0166666666666666
0.0002168513259469,0.0
0.00021686132554690003,0.0
0.00021687132514700003,0.0166666666666666
0.000216881324747,0.0166666666666666
0.00021689132434700003,0.0166666666666666
0.000216901323947,0.0166666666666666
0.00021691132354700003,0.0166666666666666
0.000216921323147,0.0
0.0002169313227471,0.0166666666666666
0.00021694132234710003,0.0
0.0002169513219471,0.0
0.00021696132154710003,0.0
0.0002169713211471,0.0166666666666666
0.00021698132074710004,0.0
0.00021699132034720003,0.0166666666666666
0.0002170013199472,0.0166666666666666
0.00021701131954720003,0.0
0.0002170213191472,0.0
0.00021703131874720004,0.0166666666666666
0.0002170413183472,0.0166666666666666
0.00021705131794720004,0.0166666666666666
0.00021706131754730003,0.0166666666666666
0.0002170713171473,0.0166666666666666
0.00021708131674730004,0.0166666666666666
0.0002170913163473,0.0166666666666666
0.00021710131594730004,0.0166666666666666
0.00021711131554730002,0.0166666666666666
0.0002171213151474,0.0166666666666666
0.00021713131474740004,0.0166666666666666
0.0002171413143474,0.0
0.00021715131394740004,0.0166666666666666
0.00021716131354740002,0.0166666666666666
0.0002171713131474,0.0166666666666666
0.00021718131274750004,0.0166666666666666
0.0002171913123475,0.0166666666666666
0.00021720131194750004,0.0166666666666666
0.00021721131154750002,0.0166666666666666
0.0002172213111475,0.0166666666666666
0.00021723131074750002,0.0166666666666666
0.0002172413103476,0.0166666666666666
0.00021725130994760004,0.0166666666666666
0.00021726130954760001,0.0166666666666666
0.0002172713091476,0.0166666666666666
0.00021728130874760002,0.0
0.0002172913083476,0.0166666666666666
0.00021730130794760002,0.0
0.00021731130754770001,0.0
0.00021732130714770004,0.0166666666666666
0.00021733130674770002,0.0
0.0002173413063477,0.0166666666666666
0.00021735130594770002,0.0
0.0002173613055477,0.0166666666666666
0.00021737130514780004,0.0166666666666666
0.00021738130474780002,0.0166666666666666
0.0002173913043478,0.0166666666666666
0.00021740130394780002,0.0166666666666666
0.0002174113035478,0.0
0.00021742130314780003,0.0166666666666666
0.00021743130274790002,0.0166666666666666
0.0002174413023479,0.0166666666666666
0.00021745130194790002,0.0166666666666666
0.0002174613015479,0.0166666666666666
0.00021747130114790003,0.0166666666666666
0.0002174813007479,0.0
0.000217491300348,0.0166666666666666
0.00021750129994800002,0.0166666666666666
0.000217511299548,0.0
0.00021752129914800002,0.0
0.000217531298748,0.0166666666666666
0.00021754129834800003,0.0166666666666666
0.000217551297948,0.0
0.0002175612975481,0.0166666666666666
0.00021757129714810002,0.0166666666666666
0.0002175812967481,0.0
0.00021759129634810003,0.0166666666666666
0.0002176012959481,0.0166666666666666
0.00021761129554810003,0.0166666666666666
0.00021762129514820002,0.0166666666666666
0.0002176312947482,0.0166666666666666
0.00021764129434820003,0.0166666666666666
0.0002176512939482,0.0166666666666666
0.00021766129354820003,0.0166666666666666
0.0002176712931482,0.0166666666666666
0.0002176812927483,0.0166666666666666
0.00021769129234830003,0.0166666666666666
0.0002177012919483,0.0166666666666666
0.00021771129154830003,0.0166666666666666
0.0002177212911483,0.0
0.00021773129074830004,0.0166666666666666
0.00021774129034840003,0.0166666666666666
0.0002177512899484,0.0166666666666666
0.00021776128954840003,0.0
0.0002177712891484,0.0166666666666666
0.00021778128874840004,0.0166666666666666
0.0002177912883484,0.0166666666666666
0.00021780128794840004,0.0166666666666666
0.00021781128754850003,0.0166666666666666
0.0002178212871485,0.0166666666666666
0.00021783128674850003,0.0166666666666666
0.0002178412863485,0.0166666666666666
0.00021785128594850004,0.0166666666666666
0.0002178612855485,0.0166666666666666
0.0002178712851486,0.0
0.00021788128474860003,0.0166666666666666
0.0002178912843486,0.0166666666666666
0.00021790128394860004,0.0
0.0002179112835486,0.0166666666666666
0.00021792128314860004,0.0166666666666666
0.00021793128274870003,0.0166666666666666
0.0002179412823487,0.0166666666666666
0.00021795128194870004,0.0166666666666666
0.0002179612815487,0.0166666666666666
0.00021797128114870004,0.0
0.00021798128074870002,0.0
0.0002179912803488,0.0166666666666666
0.00021800127994880004,0.0
0.0002180112795488,0.0166666666666666
0.00021802127914880004,0.0166666666666666
0.00021803127874880002,0.0166666666666666
0.0002180412783488,0.0
0.00021805127794880002,0.0166666666666666
0.0002180612775489,0.0
0.00021807127714890004,0.0
0.00021808127674890002,0.0166666666666666
0.0002180912763489,0.0
0.00021810127594890002,0.0166666666666666
0.0002181112755489,0.0166666666666666
0.00021812127514900004,0.0
0.00021813127474900002,0.0166666666666666
0.000218141274349,0.0166666666666666
0.00021815127394900002,0.0166666666666666
0.000218161273549,0.0166666666666666
0.00021817127314900002,0.0
0.00021818127274910002,0.0166666666666666
0.0002181912723491,0.0166666666666666
0.00021820127194910002,0.0166666666666666
0.0002182112715491,0.0166666666666666
0.00021822127114910002,0.0
0.0002182312707491,0.0
0.0002182412703492,0.0166666666666666
0.00021825126994920002,0.0166666666666666
0.0002182612695492,0.0
0.00021827126914920002,0.0166666666666666
0.0002182812687492,0.0166666666666666
0.00021829126834920003,0.0166666666666666
0.0002183012679492,0.0166666666666666
0.0002183112675493,0.0166666666666666
0.00021832126714930002,0.0166666666666666
0.0002183312667493,0.0166666666666666
0.00021834126634930003,0.0166666666666666
0.0002183512659493,0.0166666666666666
0.00021836126554930003,0.0166666666666666
0.00021837126514940002,0.0166666666666666
0.0002183812647494,0.0166666666666666
0.00021839126434940003,0.0166666666666666
0.0002184012639494,0.0166666666666666
0.00021841126354940003,0.0166666666666666
0.0002184212631494,0.0166666666666666
0.0002184312627495,0.0
0.00021844126234950003,0.0166666666666666
0.0002184512619495,0.0166666666666666
0.00021846126154950003,0.0166666666666666
0.0002184712611495,0.0166666666666666
0.00021848126074950003,0.0166666666666666
0.00021849126034960003,0.0
0.0002185012599496,0.0166666666666666
0.00021851125954960003,0.0166666666666666
0.0002185212591496,0.0166666666666666
0.00021853125874960003,0.0166666666666666
0.0002185412583496,0.0
0.00021855125794960004,0.0166666666666666
0.00021856125754970003,0.0166666666666666
0.0002185712571497,0.0166666666666666
0.00021858125674970003,0.0166666666666666
0.0002185912563497,0.0166666666666666
0.00021860125594970004,0.0166666666666666
0.0002186112555497,0.0166666666666666
0.0002186212551498,0.0166666666666666
0.00021863125474980003,0.0166666666666666
0.0002186412543498,0.0166666666666666
0.00021865125394980004,0.0166666666666666
0.0002186612535498,0.0
0.00021867125314980004,0.0166666666666666
0.00021868125274990003,0.0166666666666666
0.0002186912523499,0.0
0.00021870125194990004,0.0
0.0002187112515499,0.0166666666666666
0.00021872125114990004,0.0166666666666666
0.00021873125074990001,0.0
0.00021874125035,0.0166666666666666
0.00021875124995000004,0.0
0.00021876124955,0.0166666666666666
0.00021877124915000004,0.0166666666666666
0.00021878124875000001,0.0166666666666666
0.00021879124835000004,0.0166666666666666
0.00021880124795000002,0.0166666666666666
0.0002188112475501,0.0166666666666666
0.00021882124715010004,0.0166666666666666
0.0002188312467501,0.0166666666666666
0.00021884124635010004,0.0166666666666666
0.00021885124595010002,0.0166666666666666
0.0002188612455501,0.0166666666666666
0.00021887124515020004,0.0166666666666666
0.0002188812447502,0.0166666666666666
0.00021889124435020004,0.0166666666666666
0.00021890124395020002,0.0
0.0002189112435502,0.0166666666666666
0.00021892124315020002,0.0166666666666666
0.0002189312427503,0.0166666666666666
0.00021894124235030004,0.0166666666666666
0.00021895124195030002,0.0166666666666666
0.0002189612415503,0.0166666666666666
0.00021897124115030002,0.0166666666666666
0.0002189812407503,0.0166666666666666
0.00021899124035040004,0.0166666666666666
0.00021900123995040002,0.0166666666666666
0.0002190112395504,0.0166666666666666
0.00021902123915040002,0.0
0.0002190312387504,0.0166666666666666
0.00021904123835040002,0.0166666666666666
0.0002190512379504,0.0
0.0002190612375505,0.0166666666666666
0.00021907123715050002,0.0166666666666666
0.0002190812367505,0.0166666666666666
0.00021909123635050002,0.0166666666666666
0.0002191012359505,0.0166666666666666
0.00021911123555050003,0.0
0.00021912123515060002,0.0
0.0002191312347506,0.0166666666666666
0.00021914123435060002,0.0166666666666666
0.0002191512339506,0.0
0.00021916123355060003,0.0166666666666666
0.0002191712331506,0.0166666666666666
0.0002191812327507,0.0
0.00021919123235070002,0.0
0.0002192012319507,0.0
0.00021921123155070003,0.0
0.0002192212311507,0.0166666666666666
0.00021923123075070003,0.0166666666666666
0.00021924123035080002,0.0166666666666666
0.0002192512299508,0.0166666666666666
0.00021926122955080003,0.0166666666666666
0.0002192712291508,0.0166666666666666
0.00021928122875080003,0.0166666666666666
0.0002192912283508,0.0
0.00021930122795080003,0.0166666666666666
0.00021931122755090003,0.0166666666666666
0.0002193212271509,0.0166666666666666
0.00021933122675090003,0.0166666666666666
0.0002193412263509,0.0166666666666666
0.00021935122595090003,0.0166666666666666
0.0002193612255509,0.0166666666666666
0.000219371225151,0.0166666666666666
0.00021938122475100003,0.0166666666666666
0.000219391224351,0.0
0.00021940122395100003,0.0166666666666666
0.000219411223551,0.0166666666666666
0.00021942122315100004,0.0
0.00021943122275110003,0.0166666666666666
0.0002194412223511,0.0166666666666666
0.00021945122195110003,0.0166666666666666
0.0002194612215511,0.0
0.00021947122115110004,0.0166666666666666
0.0002194812207511,0.0
0.0002194912203512,0.0166666666666666
0.00021950121995120003,0.0
0.0002195112195512,0.0166666666666666
0.00021952121915120004,0.0166666666666666
0.0002195312187512,0.0166666666666666
0.00021954121835120004,0.0166666666666666
0.00021955121795120001,0.0166666666666666
0.0002195612175513,0.0166666666666666
0.00021957121715130004,0.0
0.0002195812167513,0.0
0.00021959121635130004,0.0166666666666666
0.00021960121595130001,0.0166666666666666
0.00021961121555130004,0.0166666666666666
0.00021962121515140004,0.0
0.0002196312147514,0.0
0.00021964121435140004,0.0166666666666666
0.00021965121395140001,0.0166666666666666
0.00021966121355140004,0.0166666666666666
0.00021967121315140002,0.0166666666666666
0.0002196812127515,0.0
0.00021969121235150004,0.0
0.00021970121195150001,0.0
0.00021971121155150004,0.0166666666666666
0.00021972121115150002,0.0166666666666666
0.0002197312107515,0.0166666666666666
0.00021974121035160004,0.0166666666666666
0.00021975120995160001,0.0
0.00021976120955160004,0.0
0.00021977120915160002,0.0166666666666666
0.0002197812087516,0.0166666666666666
0.00021979120835160002,0.0166666666666666
0.0002198012079516,0.0166666666666666
0.00021981120755170004,0.0
0.00021982120715170002,0.0166666666666666
0.0002198312067517,0.0166666666666666
0.00021984120635170002,0.0166666666666666
0.0002198512059517,0.0166666666666666
0.00021986120555170002,0.0166666666666666
0.00021987120515180002,0.0
0.0002198812047518,0.0166666666666666
0.00021989120435180002,0.0166666666666666
0.0002199012039518,0.0166666666666666
0.00021991120355180002,0.0166666666666666
0.0002199212031518,0.0166666666666666
0.0002199312027519,0.0166666666666666
0.00021994120235190002,0.0
0.0002199512019519,0.0
0.00021996120155190002,0.0166666666666666
0.0002199712011519,0.0166666666666666
0.00021998120075190003,0.0166666666666666
0.00021999120035200002,0.0
0.000220001199952,0.0
0.00022001119955200002,0.0166666666666666
0.000220021199152,0.0166666666666666
0.00022003119875200003,0.0166666666666666
0.000220041198352,0.0166666666666666
0.00022005119795200003,0.0166666666666666
0.00022006119755210002,0.0166666666666666
0.0002200711971521,0.0166666666666666
0.00022008119675210003,0.0166666666666666
0.0002200911963521,0.0166666666666666
0.00022010119595210003,0.0166666666666666
0.0002201111955521,0.0166666666666666
0.0002201211951522,0.0166666666666666
0.00022013119475220003,0.0166666666666666
0.0002201411943522,0.0166666666666666
0.00022015119395220003,0.0166666666666666
0.0002201611935522,0.0166666666666666
0.00022017119315220003,0.0166666666666666
0.00022018119275230003,0.0166666666666666
0.0002201911923523,0.0166666666666666
0.00022020119195230003,0.0166666666666666
0.0002202111915523,0.0166666666666666
0.00022022119115230003,0.0166666666666666
0.0002202311907523,0.0166666666666666
0.0002202411903524,0.0166666666666666
0.00022025118995240003,0.0166666666666666
0.0002202611895524,0.0166666666666666
0.00022027118915240003,0.0166666666666666
0.0002202811887524,0.0166666666666666
0.00022029118835240004,0.0166666666666666
0.0002203011879524,0.0166666666666666
0.0002203111875525,0.0
0.00022032118715250003,0.0166666666666666
0.0002203311867525,0.0166666666666666
0.00022034118635250004,0.0
0.0002203511859525,0.0166666666666666
0.00022036118555250004,0.0166666666666666
0.00022037118515260003,0.0166666666666666
0.0002203811847526,0.0166666666666666
0.00022039118435260004,0.0166666666666666
0.0002204011839526,0.0166666666666666
0.00022041118355260004,0.0166666666666666
0.00022042118315260002,0.0166666666666666
0.0002204311827527,0.0
0.00022044118235270004,0.0166666666666666
0.0002204511819527,0.0166666666666666
0.00022046118155270004,0.0
0.00022047118115270002,0.0166666666666666
0.0002204811807527,0.0166666666666666
0.00022049118035280004,0.0
0.0002205011799528,0.0166666666666666
0.00022051117955280004,0.0166666666666666
0.00022052117915280002,0.0166666666666666
0.0002205311787528,0.0166666666666666
0.00022054117835280002,0.0166666666666666
0.0002205511779528,0.0166666666666666
0.00022056117755290004,0.0166666666666666
0.00022057117715290001,0.0166666666666666
0.0002205811767529,0.0
0.00022059117635290002,0.0166666666666666
0.0002206011759529,0.0166666666666666
0.00022061117555290002,0.0166666666666666
0.00022062117515300001,0.0166666666666666
0.00022063117475300004,0.0
0.00022064117435300002,0.0
0.000220651173953,0.0166666666666666
0.00022066117355300002,0.0166666666666666
0.000220671173153,0.0166666666666666
0.00022068117275310004,0.0166666666666666
0.00022069117235310002,0.0
0.0002207011719531,0.0166666666666666
0.00022071117155310002,0.0166666666666666
0.0002207211711531,0.0166666666666666
0.00022073117075310003,0.0166666666666666
0.00022074117035320002,0.0
0.0002207511699532,0.0166666666666666
0.00022076116955320002,0.0
0.0002207711691532,0.0166666666666666
0.00022078116875320003,0.0
0.0002207911683532,0.0166666666666666
0.00022080116795320003,0.0166666666666666
0.00022081116755330002,0.0
0.0002208211671533,0.0166666666666666
0.00022083116675330002,0.0166666666666666
0.0002208411663533,0.0
0.00022085116595330003,0.0166666666666666
0.0002208611655533,0.0166666666666666
0.0002208711651534,0.0166666666666666
0.00022088116475340002,0.0
0.0002208911643534,0.0166666666666666
0.00022090116395340003,0.0166666666666666
0.0002209111635534,0.0166666666666666
0.00022092116315340003,0.0166666666666666
0.00022093116275350002,0.0166666666666666
0.0002209411623535,0.0166666666666666
0.00022095116195350003,0.0166666666666666
0.0002209611615535,0.0166666666666666
0.00022097116115350003,0.0
0.0002209811607535,0.0166666666666666
0.0002209911603536,0.0166666666666666
0.00022100115995360003,0.0166666666666666
0.0002210111595536,0.0166666666666666
0.00022102115915360003,0.0166666666666666
0.0002210311587536,0.0166666666666666
0.00022104115835360004,0.0166666666666666
0.0002210511579536,0.0
0.0002210611575537,0.0166666666666666
0.00022107115715370003,0.0
0.0002210811567537,0.0166666666666666
0.00022109115635370004,0.0
0.0002211011559537,0.0166666666666666
0.00022111115555370004,0.0
0.00022112115515380003,0.0166666666666666
0.0002211311547538,0.0166666666666666
0.00022114115435380003,0.0166666666666666
0.0002211511539538,0.0166666666666666
0.00022116115355380004,0.0166666666666666
0.0002211711531538,0.0166666666666666
0.0002211811527539,0.0
0.00022119115235390003,0.0166666666666666
0.0002212011519539,0.0
0.00022121115155390004,0.0166666666666666
0.0002212211511539,0.0166666666666666
0.00022123115075390004,0.0166666666666666
0.00022124115035400003,0.0166666666666666
0.000221251149954,0.0166666666666666
0.00022126114955400004,0.0166666666666666
0.000221271149154,0.0166666666666666
0.00022128114875400004,0.0166666666666666
0.00022129114835400002,0.0166666666666666
0.000221301147954,0.0166666666666666
0.00022131114755410004,0.0
0.0002213211471541,0.0166666666666666
0.00022133114675410004,0.0166666666666666
0.00022134114635410002,0.0166666666666666
0.0002213511459541,0.0166666666666666
0.00022136114555410002,0.0166666666666666
0.0002213711451542,0.0
0.00022138114475420004,0.0166666666666666
0.00022139114435420002,0.0166666666666666
0.0002214011439542,0.0166666666666666
0.00022141114355420002,0.0
0.0002214211431542,0.0
0.00022143114275430004,0.0166666666666666
0.00022144114235430002,0.0
0.0002214511419543,0.0
0.00022146114155430002,0.0166666666666666
0.0002214711411543,0.0166666666666666
0.00022148114075430002,0.0166666666666666
0.00022149114035440002,0.0
0.0002215011399544,0.0166666666666666
0.00022151113955440002,0.0166666666666666
0.0002215211391544,0.0
0.00022153113875440002,0.0166666666666666
0.0002215411383544,0.0166666666666666
0.00022155113795440003,0.0166666666666666
0.00022156113755450002,0.0166666666666666
0.0002215711371545,0.0
0.00022158113675450002,0.0
0.0002215911363545,0.0166666666666666
0.00022160113595450003,0.0166666666666666
0.0002216111355545,0.0166666666666666
0.0002216211351546,0.0166666666666666
0.00022163113475460002,0.0166666666666666
0.0002216411343546,0.0166666666666666
0.00022165113395460003,0.0166666666666666
0.0002216611335546,0.0166666666666666
0.00022167113315460003,0.0166666666666666
0.00022168113275470002,0.0166666666666666
0.0002216911323547,0.0166666666666666
0.00022170113195470003,0.0166666666666666
0.0002217111315547,0.0166666666666666
0.00022172113115470003,0.0166666666666666
0.0002217311307547,0.0166666666666666
0.0002217411303548,0.0166666666666666
0.00022175112995480003,0.0166666666666666
0.0002217611295548,0.0166666666666666
0.00022177112915480003,0.0166666666666666
0.0002217811287548,0.0
0.00022179112835480003,0.0166666666666666
0.0002218011279548,0.0166666666666666
0.0002218111275549,0.0166666666666666
0.00022182112715490003,0.0166666666666666
0.0002218311267549,0.0
0.00022184112635490003,0.0166666666666666
0.0002218511259549,0.0166666666666666
0.00022186112555490004,0.0166666666666666
0.00022187112515500003,0.0
0.000221881124755,0.0
0.00022189112435500003,0.0166666666666666
0.000221901123955,0.0166666666666666
0.00022191112355500004,0.0166666666666666
0.000221921123155,0.0166666666666666
0.0002219311227551,0.0166666666666666
0.00022194112235510003,0.0166666666666666
0.0002219511219551,0.0166666666666666
0.00022196112155510004,0.0166666666666666
0.0002219711211551,0.0166666666666666
0.00022198112075510004,0.0
0.00022199112035520003,0.0166666666666666
0.0002220011199552,0.0
0.00022201111955520004,0.0166666666666666
0.0002220211191552,0.0166666666666666
0.00022203111875520004,0.0
0.00022204111835520001,0.0
0.00022205111795520004,0.0166666666666666
0.00022206111755530004,0.0166666666666666
0.0002220711171553,0.0166666666666666
0.00022208111675530004,0.0166666666666666
0.00022209111635530001,0.0
0.00022210111595530004,0.0166666666666666
0.00022211111555530002,0.0166666666666666
0.0002221211151554,0.0
0.00022213111475540004,0.0166666666666666
0.0002221411143554,0.0166666666666666
0.00022215111395540004,0.0166666666666666
0.00022216111355540002,0.0166666666666666
0.0002221711131554,0.0166666666666666
0.00022218111275550004,0.0166666666666666
0.0002221911123555,0.0166666666666666
0.00022220111195550004,0.0166666666666666
0.00022221111155550002,0.0
0.0002222211111555,0.0166666666666666
0.00022223111075550002,0.0166666666666666
0.0002222411103556,0.0166666666666666
0.00022225110995560004,0.0166666666666666
0.00022226110955560002,0.0
0.0002222711091556,0.0166666666666666
0.00022228110875560002,0.0166666666666666
0.0002222911083556,0.0
0.00022230110795560002,0.0166666666666666
0.00022231110755570002,0.0166666666666666
0.0002223211071557,0.0166666666666666
0.00022233110675570002,0.0166666666666666
0.0002223411063557,0.0166666666666666
0.00022235110595570002,0.0
0.0002223611055557,0.0
0.0002223711051558,0.0
0.00022238110475580002,0.0166666666666666
0.0002223911043558,0.0
0.00022240110395580002,0.0166666666666666
0.0002224111035558,0.0166666666666666
0.00022242110315580003,0.0166666666666666
0.00022243110275590002,0.0166666666666666
0.0002224411023559,0.0166666666666666
0.00022245110195590002,0.0166666666666666
0.0002224611015559,0.0
0.00022247110115590003,0.0166666666666666
0.0002224811007559,0.0
0.000222491100356,0.0166666666666666
0.00022250109995600002,0.0
0.000222511099556,0.0166666666666666
0.00022252109915600003,0.0
0.000222531098756,0.0
0.00022254109835600003,0.0
0.000222551097956,0.0
0.0002225610975561,0.0166666666666666
0.00022257109715610003,0.0166666666666666
0.0002225810967561,0.0
0.00022259109635610003,0.0166666666666666
0.0002226010959561,0.0166666666666666
0.00022261109555610003,0.0166666666666666
0.00022262109515620003,0.0166666666666666
0.0002226310947562,0.0166666666666666
0.00022264109435620003,0.0166666666666666
0.0002226510939562,0.0166666666666666
0.00022266109355620003,0.0166666666666666
0.0002226710931562,0.0166666666666666
0.0002226810927563,0.0166666666666666
0.00022269109235630003,0.0166666666666666
0.0002227010919563,0.0
0.00022271109155630003,0.0166666666666666
0.0002227210911563,0.0166666666666666
0.00022273109075630004,0.0166666666666666
0.00022274109035640003,0.0
0.0002227510899564,0.0166666666666666
0.00022276108955640003,0.0166666666666666
0.0002227710891564,0.0166666666666666
0.00022278108875640004,0.0166666666666666
0.0002227910883564,0.0166666666666666
0.00022280108795640004,0.0
0.00022281108755650003,0.0166666666666666
0.0002228210871565,0.0166666666666666
0.00022283108675650004,0.0166666666666666
0.0002228410863565,0.0166666666666666
0.00022285108595650004,0.0
0.00022286108555650001,0.0
0.0002228710851566,0.0
0.00022288108475660004,0.0166666666666666
0.0002228910843566,0.0166666666666666
0.00022290108395660004,0.0166666666666666
0.00022291108355660001,0.0166666666666666
0.00022292108315660004,0.0166666666666666
0.00022293108275670004,0.0166666666666666
0.0002229410823567,0.0166666666666666
0.00022295108195670004,0.0
0.00022296108155670001,0.0166666666666666
0.00022297108115670004,0.0166666666666666
0.00022298108075670002,0.0166666666666666
0.0002229910803568,0.0166666666666666
0.00022300107995680004,0.0166666666666666
0.00022301107955680001,0.0166666666666666
0.00022302107915680004,0.0166666666666666
0.00022303107875680002,0.0166666666666666
0.0002230410783568,0.0166666666666666
0.00022305107795680002,0.0166666666666666
0.00022306107755690001,0.0166666666666666
0.00022307107715690004,0.0
0.00022308107675690002,0.0166666666666666
0.0002230910763569,0.0166666666666666
0.00022310107595690002,0.0166666666666666
0.0002231110755569,0.0
0.00022312107515700004,0.0166666666666666
0.00022313107475700002,0.0166666666666666
0.000223141074357,0.0166666666666666
0.00022315107395700002,0.0166666666666666
0.000223161073557,0.0
0.00022317107315700002,0.0166666666666666
0.00022318107275710002,0.0166666666666666
0.0002231910723571,0.0166666666666666
0.00022320107195710002,0.0
0.0002232110715571,0.0166666666666666
0.00022322107115710002,0.0166666666666666
0.0002232310707571,0.0166666666666666
0.0002232410703572,0.0166666666666666
0.00022325106995720002,0.0
0.0002232610695572,0.0166666666666666
0.00022327106915720002,0.0166666666666666
0.0002232810687572,0.0
0.00022329106835720003,0.0166666666666666
0.0002233010679572,0.0166666666666666
0.0002233110675573,0.0
0.00022332106715730002,0.0166666666666666
0.0002233310667573,0.0166666666666666
0.00022334106635730003,0.0
0.0002233510659573,0.0166666666666666
0.00022336106555730003,0.0
0.00022337106515740002,0.0166666666666666
0.0002233810647574,0.0166666666666666
0.00022339106435740003,0.0166666666666666
0.0002234010639574,0.0166666666666666
0.00022341106355740003,0.0166666666666666
0.0002234210631574,0.0
0.0002234310627575,0.0166666666666666
0.00022344106235750003,0.0166666666666666
0.0002234510619575,0.0
0.00022346106155750003,0.0
0.0002234710611575,0.0166666666666666
0.00022348106075750003,0.0166666666666666
0.00022349106035760003,0.0
0.0002235010599576,0.0
0.00022351105955760003,0.0166666666666666
0.0002235210591576,0.0166666666666666
0.00022353105875760003,0.0166666666666666
0.0002235410583576,0.0166666666666666
0.00022355105795760004,0.0166666666666666
0.00022356105755770003,0.0
0.0002235710571577,0.0166666666666666
0.00022358105675770003,0.0166666666666666
0.0002235910563577,0.0166666666666666
0.00022360105595770004,0.0166666666666666
0.0002236110555577,0.0166666666666666
0.0002236210551578,0.0166666666666666
0.00022363105475780003,0.0166666666666666
0.0002236410543578,0.0
0.00022365105395780004,0.0
0.0002236610535578,0.0
0.00022367105315780004,0.0166666666666666
0.00022368105275790003,0.0
0.0002236910523579,0.0166666666666666
0.00022370105195790004,0.0
0.0002237110515579,0.0
0.00022372105115790004,0.0166666666666666
0.00022373105075790002,0.0166666666666666
0.000223741050358,0.0
0.00022375104995800004,0.0166666666666666
0.000223761049558,0.0166666666666666
0.00022377104915800004,0.0
0.00022378104875800002,0.0166666666666666
0.000223791048358,0.0
0.00022380104795800002,0.0166666666666666
0.0002238110475581,0.0166666666666666
0.00022382104715810004,0.0166666666666666
0.00022383104675810002,0.0166666666666666
0.0002238410463581,0.0166666666666666
0.00022385104595810002,0.0166666666666666
0.0002238610455581,0.0
0.00022387104515820004,0.0166666666666666
0.00022388104475820001,0.0
0.0002238910443582,0.0166666666666666
0.00022390104395820002,0.0
0.0002239110435582,0.0166666666666666
0.00022392104315820002,0.0166666666666666
0.00022393104275830001,0.0166666666666666
0.00022394104235830004,0.0166666666666666
0.00022395104195830002,0.0
0.0002239610415583,0.0166666666666666
0.00022397104115830002,0.0
0.0002239810407583,0.0166666666666666
0.00022399104035840004,0.0166666666666666
0.00022400103995840002,0.0166666666666666
0.0002240110395584,0.0
0.00022402103915840002,0.0166666666666666
0.0002240310387584,0.0166666666666666
0.00022404103835840003,0.0
0.0002240510379584,0.0166666666666666
0.0002240610375585,0.0166666666666666
0.00022407103715850002,0.0
0.0002240810367585,0.0166666666666666
0.00022409103635850003,0.0166666666666666
0.0002241010359585,0.0166666666666666
0.00022411103555850003,0.0166666666666666
0.00022412103515860002,0.0166666666666666
0.0002241310347586,0.0166666666666666
0.00022414103435860002,0.0166666666666666
0.0002241510339586,0.0166666666666666
0.00022416103355860003,0.0
0.0002241710331586,0.0166666666666666
0.0002241810327587,0.0166666666666666
0.00022419103235870002,0.0166666666666666
0.0002242010319587,0.0
0.00022421103155870003,0.0166666666666666
0.0002242210311587,0.0
0.00022423103075870003,0.0166666666666666
0.00022424103035880002,0.0166666666666666
0.0002242510299588,0.0166666666666666
0.00022426102955880003,0.0166666666666666
0.0002242710291588,0.0166666666666666
0.00022428102875880003,0.0166666666666666
0.0002242910283588,0.0166666666666666
0.00022430102795880004,0.0166666666666666
0.00022431102755890003,0.0166666666666666
0.0002243210271589,0.0166666666666666
0.00022433102675890003,0.0
0.0002243410263589,0.0166666666666666
0.00022435102595890004,0.0166666666666666
0.0002243610255589,0.0
0.000224371025159,0.0166666666666666
0.00022438102475900003,0.0166666666666666
0.000224391024359,0.0166666666666666
0.00022440102395900004,0.0166666666666666
0.000224411023559,0.0166666666666666
0.00022442102315900004,0.0166666666666666
0.00022443102275910003,0.0166666666666666
0.0002244410223591,0.0166666666666666
0.00022445102195910003,0.0166666666666666
0.0002244610215591,0.0
0.00022447102115910004,0.0
0.0002244810207591,0.0
0.0002244910203592,0.0166666666666666
0.00022450101995920003,0.0
0.0002245110195592,0.0166666666666666
0.00022452101915920004,0.0166666666666666
0.0002245310187592,0.0166666666666666
0.00022454101835920004,0.0166666666666666
0.00022455101795920002,0.0
0.0002245610175593,0.0166666666666666
0.00022457101715930004,0.0166666666666666
0.0002245810167593,0.0166666666666666
0.00022459101635930004,0.0166666666666666
0.00022460101595930002,0.0166666666666666
0.0002246110155593,0.0166666666666666
0.00022462101515940004,0.0166666666666666
0.0002246310147594,0.0166666666666666
0.00022464101435940004,0.0166666666666666
0.00022465101395940002,0.0166666666666666
0.0002246610135594,0.0
0.00022467101315940002,0.0166666666666666
0.0002246810127595,0.0166666666666666
0.00022469101235950004,0.0166666666666666
0.00022470101195950002,0.0
0.0002247110115595,0.0166666666666666
0.00022472101115950002,0.0166666666666666
0.0002247310107595,0.0166666666666666
0.00022474101035960004,0.0166666666666666
0.00022475100995960002,0.0
0.0002247610095596,0.0166666666666666
0.00022477100915960002,0.0166666666666666
0.0002247810087596,0.0166666666666666
0.00022479100835960002,0.0166666666666666
0.0002248010079596,0.0
0.0002248110075597,0.0
0.00022482100715970002,0.0166666666666666
0.0002248310067597,0.0
0.00022484100635970002,0.0166666666666666
0.0002248510059597,0.0166666666666666
0.00022486100555970003,0.0166666666666666
0.00022487100515980002,0.0166666666666666
0.0002248810047598,0.0
0.00022489100435980002,0.0166666666666666
0.0002249010039598,0.0166666666666666
0.00022491100355980003,0.0166666666666666
0.0002249210031598,0.0166666666666666
0.0002249310027599,0.0
0.00022494100235990002,0.0166666666666666
0.0002249510019599,0.0166666666666666
0.00022496100155990003,0.0166666666666666
0.0002249710011599,0.0166666666666666
0.00022498100075990003,0.0166666666666666
0.00022499100036000002,0.0166666666666666
0.00022500099996,0.0
0.00022501099956000003,0.0166666666666666
0.00022502099916,0.0166666666666666
0.00022503099876000003,0.0166666666666666
0.00022504099836,0.0166666666666666
0.00022505099796000003,0.0166666666666666
0.00022506099756010003,0.0166666666666666
0.0002250709971601,0.0166666666666666
0.00022508099676010003,0.0166666666666666
0.0002250909963601,0.0166666666666666
0.00022510099596010003,0.0166666666666666
0.0002251109955601,0.0166666666666666
0.0002251209951602,0.0
0.00022513099476020003,0.0
0.0002251409943602,0.0166666666666666
0.00022515099396020003,0.0166666666666666
0.0002251609935602,0.0
0.00022517099316020004,0.0
0.00022518099276030003,0.0
0.0002251909923603,0.0166666666666666
0.00022520099196030003,0.0
0.0002252109915603,0.0166666666666666
0.00022522099116030004,0.0166666666666666
0.0002252309907603,0.0166666666666666
0.0002252409903604,0.0166666666666666
0.00022525098996040003,0.0
0.0002252609895604,0.0166666666666666
0.00022527098916040004,0.0
0.0002252809887604,0.0166666666666666
0.00022529098836040004,0.0166666666666666
0.00022530098796040001,0.0166666666666666
0.0002253109875605,0.0166666666666666
0.00022532098716050004,0.0166666666666666
0.0002253309867605,0.0166666666666666
0.00022534098636050004,0.0
0.00022535098596050001,0.0166666666666666
0.00022536098556050004,0.0166666666666666
0.00022537098516060004,0.0
0.0002253809847606,0.0
0.00022539098436060004,0.0
0.00022540098396060001,0.0166666666666666
0.00022541098356060004,0.0166666666666666
0.00022542098316060002,0.0
0.0002254309827607,0.0
0.00022544098236070004,0.0166666666666666
0.0002254509819607,0.0
0.00022546098156070004,0.0166666666666666
0.00022547098116070002,0.0166666666666666
0.0002254809807607,0.0
0.00022549098036080004,0.0166666666666666
0.0002255009799608,0.0
0.00022551097956080004,0.0166666666666666
0.00022552097916080002,0.0166666666666666
0.0002255309787608,0.0166666666666666
0.00022554097836080002,0.0
0.0002255509779608,0.0166666666666666
0.00022556097756090004,0.0166666666666666
0.00022557097716090002,0.0166666666666666
0.0002255809767609,0.0
0.00022559097636090002,0.0166666666666666
0.0002256009759609,0.0
0.00022561097556090002,0.0166666666666666
0.00022562097516100002,0.0166666666666666
0.000225630974761,0.0166666666666666
0.00022564097436100002,0.0166666666666666
0.000225650973961,0.0
0.00022566097356100002,0.0166666666666666
0.000225670973161,0.0166666666666666
0.0002256809727611,0.0166666666666666
0.00022569097236110002,0.0
0.0002257009719611,0.0
0.00022571097156110002,0.0166666666666666
0.0002257209711611,0.0166666666666666
0.00022573097076110003,0.0166666666666666
0.00022574097036120002,0.0
0.0002257509699612,0.0166666666666666
0.00022576096956120002,0.0
0.0002257709691612,0.0
0.00022578096876120003,0.0166666666666666
0.0002257909683612,0.0166666666666666
0.00022580096796120003,0.0
0.00022581096756130002,0.0166666666666666
0.0002258209671613,0.0
0.00022583096676130003,0.0166666666666666
0.0002258409663613,0.0166666666666666
0.00022585096596130003,0.0166666666666666
0.0002258609655613,0.0166666666666666
0.0002258709651614,0.0166666666666666
0.00022588096476140003,0.0166666666666666
0.0002258909643614,0.0166666666666666
0.00022590096396140003,0.0166666666666666
0.0002259109635614,0.0
0.00022592096316140003,0.0
0.00022593096276150003,0.0
0.0002259409623615,0.0
0.00022595096196150003,0.0166666666666666
0.0002259609615615,0.0166666666666666
0.00022597096116150003,0.0166666666666666
0.0002259809607615,0.0166666666666666
0.0002259909603616,0.0166666666666666
0.00022600095996160003,0.0166666666666666
0.0002260109595616,0.0166666666666666
0.00022602095916160003,0.0166666666666666
0.0002260309587616,0.0166666666666666
0.00022604095836160004,0.0166666666666666
0.0002260509579616,0.0166666666666666
0.0002260609575617,0.0166666666666666
0.00022607095716170003,0.0
0.0002260809567617,0.0166666666666666
0.00022609095636170004,0.0
0.0002261009559617,0.0166666666666666
0.00022611095556170004,0.0166666666666666
0.00022612095516180003,0.0166666666666666
0.0002261309547618,0.0166666666666666
0.00022614095436180004,0.0166666666666666
0.0002261509539618,0.0166666666666666
0.00022616095356180004,0.0166666666666666
0.00022617095316180001,0.0166666666666666
0.0002261809527619,0.0166666666666666
0.00022619095236190004,0.0
0.0002262009519619,0.0166666666666666
0.00022621095156190004,0.0166666666666666
0.00022622095116190001,0.0166666666666666
0.00022623095076190004,0.0
0.00022624095036200004,0.0
0.000226250949962,0.0166666666666666
0.00022626094956200004,0.0
0.00022627094916200001,0.0
0.00022628094876200004,0.0
0.00022629094836200002,0.0
0.000226300947962,0.0166666666666666
0.00022631094756210004,0.0166666666666666
0.00022632094716210001,0.0
0.00022633094676210004,0.0166666666666666
0.00022634094636210002,0.0166666666666666
0.0002263509459621,0.0166666666666666
0.00022636094556210002,0.0
0.00022637094516220001,0.0
0.00022638094476220004,0.0166666666666666
0.00022639094436220002,0.0166666666666666
0.0002264009439622,0.0166666666666666
0.00022641094356220002,0.0166666666666666
0.0002264209431622,0.0166666666666666
0.00022643094276230004,0.0166666666666666
0.00022644094236230002,0.0166666666666666
0.0002264509419623,0.0
0.00022646094156230002,0.0166666666666666
0.0002264709411623,0.0166666666666666
0.00022648094076230002,0.0
0.00022649094036240002,0.0166666666666666
0.0002265009399624,0.0
0.00022651093956240002,0.0166666666666666
0.0002265209391624,0.0
0.00022653093876240002,0.0
0.0002265409383624,0.0
0.00022655093796240003,0.0
0.00022656093756250002,0.0166666666666666
0.0002265709371625,0.0166666666666666
0.00022658093676250002,0.0
0.0002265909363625,0.0
0.00022660093596250003,0.0166666666666666
0.0002266109355625,0.0166666666666666
0.0002266209351626,0.0166666666666666
0.00022663093476260002,0.0166666666666666
0.0002266409343626,0.0
0.00022665093396260003,0.0
0.0002266609335626,0.0166666666666666
0.00022667093316260003,0.0
0.00022668093276270002,0.0166666666666666
0.0002266909323627,0.0166666666666666
0.00022670093196270003,0.0166666666666666
0.0002267109315627,0.0166666666666666
0.00022672093116270003,0.0166666666666666
0.0002267309307627,0.0166666666666666
0.0002267409303628,0.0
0.00022675092996280003,0.0166666666666666
0.0002267609295628,0.0166666666666666
0.00022677092916280003,0.0166666666666666
0.0002267809287628,0.0166666666666666
0.00022679092836280003,0.0166666666666666
0.0002268009279628,0.0166666666666666
0.0002268109275629,0.0
0.00022682092716290003,0.0
0.0002268309267629,0.0
0.00022684092636290003,0.0166666666666666
0.0002268509259629,0.0166666666666666
0.00022686092556290004,0.0
0.00022687092516300003,0.0166666666666666
0.000226880924763,0.0166666666666666
0.00022689092436300003,0.0166666666666666
0.000226900923963,0.0166666666666666
0.00022691092356300004,0.0166666666666666
0.000226920923163,0.0166666666666666
0.0002269309227631,0.0166666666666666
0.00022694092236310003,0.0
0.0002269509219631,0.0166666666666666
0.00022696092156310004,0.0166666666666666
0.0002269709211631,0.0166666666666666
0.00022698092076310004,0.0
0.00022699092036320003,0.0
0.0002270009199632,0.0166666666666666
0.00022701091956320004,0.0166666666666666
0.0002270209191632,0.0
0.00022703091876320004,0.0
0.00022704091836320002,0.0
0.0002270509179632,0.0166666666666666
0.00022706091756330004,0.0
0.0002270709171633,0.0166666666666666
0.00022708091676330004,0.0166666666666666
0.00022709091636330002,0.0166666666666666
0.0002271009159633,0.0166666666666666
0.00022711091556330002,0.0166666666666666
0.0002271209151634,0.0
0.00022713091476340004,0.0166666666666666
0.00022714091436340002,0.0166666666666666
0.0002271509139634,0.0166666666666666
0.00022716091356340002,0.0
0.0002271709131634,0.0166666666666666
0.00022718091276350004,0.0
0.00022719091236350001,0.0166666666666666
0.0002272009119635,0.0166666666666666
0.00022721091156350002,0.0
0.0002272209111635,0.0166666666666666
0.00022723091076350002,0.0166666666666666
0.00022724091036360001,0.0
0.00022725090996360004,0.0166666666666666
0.00022726090956360002,0.0166666666666666
0.0002272709091636,0.0166666666666666
0.00022728090876360002,0.0
0.0002272909083636,0.0166666666666666
0.00022730090796360003,0.0
0.00022731090756370002,0.0166666666666666
0.0002273209071637,0.0
0.00022733090676370002,0.0166666666666666
0.0002273409063637,0.0
0.00022735090596370003,0.0
0.0002273609055637,0.0166666666666666
0.0002273709051638,0.0166666666666666
0.00022738090476380002,0.0
0.0002273909043638,0.0
0.00022740090396380003,0.0166666666666666
0.0002274109035638,0.0
0.00022742090316380003,0.0
0.00022743090276390002,0.0166666666666666
0.0002274409023639,0.0166666666666666
0.00022745090196390002,0.0166666666666666
0.0002274609015639,0.0166666666666666
0.00022747090116390003,0.0166666666666666
0.0002274809007639,0.0
0.000227490900364,0.0166666666666666
0.00022750089996400002,0.0166666666666666
0.000227510899564,0.0166666666666666
0.00022752089916400003,0.0166666666666666
0.000227530898764,0.0166666666666666
0.00022754089836400003,0.0
0.000227550897964,0.0
0.0002275608975641,0.0166666666666666
0.00022757089716410003,0.0
0.0002275808967641,0.0
0.00022759089636410003,0.0166666666666666
0.0002276008959641,0.0166666666666666
0.00022761089556410004,0.0166666666666666
0.00022762089516420003,0.0166666666666666
0.0002276308947642,0.0166666666666666
0.00022764089436420003,0.0166666666666666
0.0002276508939642,0.0
0.00022766089356420004,0.0166666666666666
0.0002276708931642,0.0166666666666666
0.0002276808927643,0.0
0.00022769089236430003,0.0166666666666666
0.0002277008919643,0.0
0.00022771089156430003,0.0166666666666666
0.0002277208911643,0.0166666666666666
0.00022773089076430004,0.0166666666666666
0.00022774089036440003,0.0
0.0002277508899644,0.0166666666666666
0.00022776088956440003,0.0166666666666666
0.0002277708891644,0.0166666666666666
0.00022778088876440004,0.0166666666666666
0.0002277908883644,0.0166666666666666
0.00022780088796440004,0.0
0.00022781088756450003,0.0166666666666666
0.0002278208871645,0.0
0.00022783088676450004,0.0166666666666666
0.0002278408863645,0.0166666666666666
0.00022785088596450004,0.0166666666666666
0.00022786088556450002,0.0
0.0002278708851646,0.0166666666666666
0.00022788088476460004,0.0166666666666666
0.0002278908843646,0.0166666666666666
0.00022790088396460004,0.0
0.00022791088356460002,0.0166666666666666
0.0002279208831646,0.0166666666666666
0.00022793088276470004,0.0166666666666666
0.0002279408823647,0.0166666666666666
0.00022795088196470004,0.0166666666666666
0.00022796088156470002,0.0166666666666666
0.0002279708811647,0.0
0.00022798088076470002,0.0
0.0002279908803648,0.0166666666666666
0.00022800087996480004,0.0166666666666666
0.00022801087956480002,0.0
0.0002280208791648,0.0166666666666666
0.00022803087876480002,0.0166666666666666
0.0002280408783648,0.0
0.00022805087796480002,0.0166666666666666
0.00022806087756490002,0.0
0.0002280708771649,0.0166666666666666
0.00022808087676490002,0.0166666666666666
0.0002280908763649,0.0166666666666666
0.00022810087596490002,0.0166666666666666
0.0002281108755649,0.0166666666666666
0.000228120875165,0.0166666666666666
0.00022813087476500002,0.0166666666666666
0.000228140874365,0.0166666666666666
0.00022815087396500002,0.0166666666666666
0.000228160873565,0.0
0.00022817087316500003,0.0
0.00022818087276510002,0.0166666666666666
0.0002281908723651,0.0
0.00022820087196510002,0.0166666666666666
0.0002282108715651,0.0166666666666666
0.00022822087116510003,0.0
0.0002282308707651,0.0166666666666666
0.0002282408703652,0.0
0.00022825086996520002,0.0166666666666666
0.0002282608695652,0.0166666666666666
0.00022827086916520003,0.0166666666666666
0.0002282808687652,0.0
0.00022829086836520003,0.0166666666666666
0.00022830086796520006,0.0
0.00022831086756530005,0.0166666666666666
0.00022832086716529997,0.0
0.0002283308667653,0.0
0.00022834086636530003,0.0166666666666666
0.00022835086596530006,0.0166666666666666
0.00022836086556529998,0.0
0.00022837086516539997,0.0166666666666666
0.0002283808647654,0.0166666666666666
0.00022839086436540003,0.0166666666666666
0.00022840086396540006,0.0166666666666666
0.00022841086356539998,0.0166666666666666
0.0002284208631654,0.0166666666666666
0.0002284308627655,0.0166666666666666
0.00022844086236550003,0.0166666666666666
0.00022845086196550006,0.0166666666666666
0.00022846086156549998,0.0166666666666666
0.0002284708611655,0.0
0.00022848086076550004,0.0
0.00022849086036560003,0.0
0.00022850085996560006,0.0
0.00022851085956559998,0.0166666666666666
0.0002285208591656,0.0166666666666666
0.00022853085876560004,0.0166666666666666
0.00022854085836560006,0.0166666666666666
0.00022855085796559999,0.0166666666666666
0.00022856085756569998,0.0166666666666666
0.0002285708571657,0.0166666666666666
0.00022858085676570004,0.0
0.00022859085636570006,0.0
0.00022860085596569999,0.0
0.00022861085556570001,0.0
0.0002286208551658,0.0
0.00022863085476580004,0.0166666666666666
0.00022864085436580006,0.0166666666666666
0.00022865085396579998,0.0
0.00022866085356580001,0.0166666666666666
0.00022867085316580004,0.0166666666666666
0.00022868085276590004,0.0
0.00022869085236590006,0.0166666666666666
0.00022870085196589998,0.0
0.00022871085156590001,0.0166666666666666
0.00022872085116590004,0.0
0.00022873085076589996,0.0166666666666666
0.00022874085036600006,0.0166666666666666
0.00022875084996599998,0.0
0.000228760849566,0.0166666666666666
0.00022877084916600004,0.0166666666666666
0.00022878084876599996,0.0166666666666666
0.000228790848366,0.0166666666666666
0.00022880084796600002,0.0166666666666666
0.0002288108475661,0.0166666666666666
0.00022882084716610004,0.0
0.00022883084676609996,0.0166666666666666
0.0002288408463661,0.0166666666666666
0.00022885084596610002,0.0166666666666666
0.00022886084556610005,0.0
0.00022887084516620004,0.0
0.00022888084476620007,0.0
0.0002288908443662,0.0
0.00022890084396620002,0.0166666666666666
0.00022891084356620005,0.0166666666666666
0.00022892084316619997,0.0166666666666666
0.00022893084276630007,0.0166666666666666
0.0002289408423663,0.0166666666666666
0.00022895084196630002,0.0166666666666666
0.00022896084156630005,0.0166666666666666
0.00022897084116629997,0.0
0.0002289808407663,0.0166666666666666
0.0002289908403664,0.0166666666666666
0.00022900083996640002,0.0166666666666666
0.00022901083956640005,0.0166666666666666
0.00022902083916639997,0.0166666666666666
0.0002290308387664,0.0166666666666666
0.00022904083836640003,0.0166666666666666
0.00022905083796640006,0.0166666666666666
0.00022906083756650005,0.0
0.00022907083716649997,0.0166666666666666
0.0002290808367665,0.0
0.00022909083636650003,0.0
0.00022910083596650006,0.0166666666666666
0.00022911083556649998,0.0
0.00022912083516659997,0.0166666666666666
0.0002291308347666,0.0166666666666666
0.00022914083436660003,0.0
0.00022915083396660006,0.0166666666666666
0.00022916083356659998,0.0166666666666666
0.0002291708331666,0.0
0.0002291808327667,0.0166666666666666
0.00022919083236670003,0.0166666666666666
0.00022920083196670006,0.0166666666666666
0.00022921083156669998,0.0
0.0002292208311667,0.0166666666666666
0.00022923083076670003,0.0166666666666666
0.00022924083036680003,0.0166666666666666
0.00022925082996680006,0.0166666666666666
0.00022926082956679998,0.0
0.0002292708291668,0.0166666666666666
0.00022928082876680003,0.0166666666666666
0.00022929082836680006,0.0166666666666666
0.00022930082796679998,0.0
0.00022931082756689998,0.0
0.0002293208271669,0.0166666666666666
0.00022933082676690003,0.0
0.00022934082636690006,0.0166666666666666
0.00022935082596689998,0.0166666666666666
0.0002293608255669,0.0166666666666666
0.000229370825167,0.0166666666666666
0.00022938082476700003,0.0166666666666666
0.00022939082436700006,0.0166666666666666
0.00022940082396699998,0.0
0.000229410823567,0.0166666666666666
0.00022942082316700004,0.0166666666666666
0.00022943082276710003,0.0
0.00022944082236710006,0.0166666666666666
0.00022945082196709998,0.0166666666666666
0.0002294608215671,0.0166666666666666
0.00022947082116710004,0.0166666666666666
0.00022948082076710007,0.0
0.00022949082036720006,0.0166666666666666
0.00022950081996719998,0.0166666666666666
0.0002295108195672,0.0166666666666666
0.00022952081916720004,0.0
0.00022953081876720007,0.0166666666666666
0.0002295408183672,0.0166666666666666
0.00022955081796720002,0.0166666666666666
0.0002295608175673,0.0166666666666666
0.00022957081716730004,0.0
0.00022958081676730007,0.0166666666666666
0.0002295908163673,0.0166666666666666
0.00022960081596730002,0.0166666666666666
0.00022961081556730005,0.0166666666666666
0.00022962081516740004,0.0166666666666666
0.00022963081476740007,0.0166666666666666
0.0002296408143674,0.0166666666666666
0.00022965081396740002,0.0166666666666666
0.00022966081356740005,0.0166666666666666
0.00022967081316739997,0.0166666666666666
0.00022968081276750007,0.0
0.0002296908123675,0.0166666666666666
0.00022970081196750002,0.0166666666666666
0.00022971081156750005,0.0166666666666666
0.00022972081116749997,0.0166666666666666
0.0002297308107675,0.0
0.0002297408103676,0.0166666666666666
0.00022975080996760002,0.0166666666666666
0.00022976080956760005,0.0166666666666666
0.00022977080916759997,0.0166666666666666
0.0002297808087676,0.0
0.00022979080836760002,0.0166666666666666
0.00022980080796760005,0.0166666666666666
0.00022981080756770005,0.0166666666666666
0.00022982080716769997,0.0166666666666666
0.0002298308067677,0.0166666666666666
0.00022984080636770002,0.0166666666666666
0.00022985080596770005,0.0166666666666666
0.00022986080556769997,0.0
0.00022987080516779997,0.0166666666666666
0.0002298808047678,0.0166666666666666
0.00022989080436780002,0.0166666666666666
0.00022990080396780005,0.0
0.00022991080356779997,0.0166666666666666
0.0002299208031678,0.0166666666666666
0.0002299308027679,0.0
0.00022994080236790002,0.0166666666666666
0.00022995080196790005,0.0166666666666666
0.00022996080156789997,0.0166666666666666
0.0002299708011679,0.0166666666666666
0.00022998080076790003,0.0166666666666666
0.00022999080036800002,0.0166666666666666
0.00023000079996800005,0.0166666666666666
0.00023001079956799997,0.0166666666666666
0.000230020799168,0.0166666666666666
0.00023003079876800003,0.0166666666666666
0.00023004079836800006,0.0166666666666666
0.00023005079796799998,0.0166666666666666
0.00023006079756809997,0.0166666666666666
0.0002300707971681,0.0166666666666666
0.00023008079676810003,0.0
0.00023009079636810006,0.0166666666666666
0.00023010079596809998,0.0166666666666666
0.0002301107955681,0.0166666666666666
0.0002301207951682,0.0166666666666666
0.00023013079476820003,0.0
0.00023014079436820006,0.0
0.00023015079396819998,0.0166666666666666
0.0002301607935682,0.0166666666666666
0.00023017079316820004,0.0166666666666666
0.00023018079276830003,0.0
0.00023019079236830006,0.0166666666666666
0.00023020079196829998,0.0
0.0002302107915683,0.0166666666666666
0.00023022079116830004,0.0166666666666666
0.00023023079076830007,0.0166666666666666
0.00023024079036840006,0.0166666666666666
0.00023025078996839998,0.0166666666666666
0.0002302607895684,0.0166666666666666
0.00023027078916840004,0.0
0.00023028078876840007,0.0166666666666666
0.0002302907883684,0.0166666666666666
0.00023030078796840002,0.0166666666666666
0.0002303107875685,0.0166666666666666
0.00023032078716850004,0.0166666666666666
0.00023033078676850007,0.0
0.0002303407863685,0.0166666666666666
0.00023035078596850002,0.0166666666666666
0.00023036078556850004,0.0166666666666666
0.00023037078516860004,0.0166666666666666
0.00023038078476860007,0.0166666666666666
0.00023039078436859999,0.0166666666666666
0.00023040078396860002,0.0
0.00023041078356860004,0.0166666666666666
0.00023042078316859996,0.0
0.00023043078276870007,0.0166666666666666
0.00023044078236869999,0.0
0.00023045078196870002,0.0166666666666666
0.00023046078156870004,0.0166666666666666
0.00023047078116869996,0.0166666666666666
0.0002304807807687,0.0166666666666666
0.00023049078036879999,0.0166666666666666
0.00023050077996880001,0.0166666666666666
0.00023051077956880004,0.0333333333333332
0.00023052077916879996,0.0166666666666666
0.0002305307787688,0.0166666666666666
0.00023054077836880002,0.0166666666666666
0.00023055077796880005,0.0166666666666666
0.00023056077756890004,0.0166666666666666
0.00023057077716889996,0.0166666666666666
0.0002305807767689,0.0166666666666666
0.00023059077636890002,0.0166666666666666
0.00023060077596890005,0.0166666666666666
0.00023061077556889997,0.0166666666666666
0.00023062077516899996,0.0
0.000230630774769,0.0166666666666666
0.00023064077436900002,0.0166666666666666
0.00023065077396900005,0.0166666666666666
0.00023066077356899997,0.0166666666666666
0.000230670773169,0.0166666666666666
0.0002306807727691,0.0166666666666666
0.00023069077236910002,0.0
0.00023070077196910005,0.0166666666666666
0.00023071077156909997,0.0166666666666666
0.0002307207711691,0.0166666666666666
0.00023073077076910003,0.0166666666666666
0.00023074077036920002,0.0
0.00023075076996920005,0.0
0.00023076076956919997,0.0
0.0002307707691692,0.0166666666666666
0.00023078076876920003,0.0166666666666666
0.00023079076836920006,0.0166666666666666
0.00023080076796919998,0.0166666666666666
0.00023081076756929997,0.0
0.0002308207671693,0.0166666666666666
0.00023083076676930003,0.0166666666666666
0.00023084076636930006,0.0166666666666666
0.00023085076596929998,0.0166666666666666
0.0002308607655693,0.0166666666666666
0.0002308707651694,0.0166666666666666
0.00023088076476940003,0.0
0.00023089076436940006,0.0
0.00023090076396939998,0.0166666666666666
0.0002309107635694,0.0166666666666666
0.00023092076316940004,0.0166666666666666
0.00023093076276950003,0.0166666666666666
0.00023094076236950006,0.0
0.00023095076196949998,0.0166666666666666
0.0002309607615695,0.0
0.00023097076116950004,0.0166666666666666
0.00023098076076950006,0.0166666666666666
0.00023099076036960006,0.0166666666666666
0.00023100075996959998,0.0166666666666666
0.0002310107595696,0.0166666666666666
0.00023102075916960003,0.0166666666666666
0.00023103075876960006,0.0166666666666666
0.00023104075836959998,0.0166666666666666
0.0002310507579696,0.0
0.0002310607575697,0.0166666666666666
0.00023107075716970003,0.0166666666666666
0.00023108075676970006,0.0166666666666666
0.00023109075636969998,0.0166666666666666
0.0002311007559697,0.0
0.00023111075556970004,0.0166666666666666
0.00023112075516980003,0.0166666666666666
0.00023113075476980006,0.0166666666666666
0.00023114075436979998,0.0166666666666666
0.0002311507539698,0.0166666666666666
0.00023116075356980004,0.0
0.00023117075316980007,0.0166666666666666
0.00023118075276990006,0.0
0.00023119075236989998,0.0166666666666666
0.0002312007519699,0.0
0.00023121075156990004,0.0166666666666666
0.00023122075116990007,0.0
0.0002312307507699,0.0
0.00023124075036999998,0.0166666666666666
0.00023125074997,0.0166666666666666
0.00023126074957000004,0.0166666666666666
0.00023127074917000007,0.0166666666666666
0.00023128074877,0.0
0.00023129074837000002,0.0
0.00023130074797000005,0.0166666666666666
0.00023131074757010004,0.0166666666666666
0.00023132074717010007,0.0166666666666666
0.0002313307467701,0.0166666666666666
0.00023134074637010002,0.0
0.00023135074597010005,0.0166666666666666
0.00023136074557009997,0.0
0.00023137074517020007,0.0166666666666666
0.0002313807447702,0.0166666666666666
0.00023139074437020002,0.0166666666666666
0.00023140074397020005,0.0166666666666666
0.00023141074357019997,0.0166666666666666
0.0002314207431702,0.0
0.0002314307427703,0.0
0.00023144074237030002,0.0
0.00023145074197030005,0.0166666666666666
0.00023146074157029997,0.0166666666666666
0.0002314707411703,0.0166666666666666
0.00023148074077030003,0.0166666666666666
0.00023149074037040002,-0.0166666666666666
0.00023150073997040005,0.0
0.00023151073957039997,0.0166666666666666
0.0002315207391704,0.0166666666666666
0.00023153073877040003,0.0166666666666666
0.00023154073837040006,0.0
0.00023155073797039998,0.0166666666666666
0.00023156073757049997,0.0166666666666666
0.0002315707371705,0.0166666666666666
0.00023158073677050003,0.0333333333333332
0.00023159073637050005,0.0166666666666666
0.00023160073597049998,0.0166666666666666
0.0002316107355705,0.0
0.0002316207351706,0.0
0.00023163073477060003,0.0166666666666666
0.00023164073437060005,0.0166666666666666
0.00023165073397059998,0.0166666666666666
0.0002316607335706,0.0
0.00023167073317060003,0.0
0.00023168073277070003,0.0166666666666666
0.00023169073237070005,0.0166666666666666
0.00023170073197069997,0.0166666666666666
0.0002317107315707,0.0166666666666666
0.00023172073117070003,0.0166666666666666
0.00023173073077070006,0.0
0.00023174073037080005,0.0
0.00023175072997079997,0.0166666666666666
0.0002317607295708,0.0166666666666666
0.00023177072917080003,0.0166666666666666
0.00023178072877080006,0.0
0.00023179072837079998,0.0166666666666666
0.0002318007279708,0.0
0.0002318107275709,0.0166666666666666
0.00023182072717090003,0.0166666666666666
0.00023183072677090006,0.0166666666666666
0.00023184072637089998,0.0
0.0002318507259709,0.0166666666666666
0.00023186072557090004,0.0166666666666666
0.00023187072517100003,0.0166666666666666
0.00023188072477100006,0.0166666666666666
0.00023189072437099998,0.0166666666666666
0.000231900723971,0.0
0.00023191072357100004,0.0
0.00023192072317100007,0.0166666666666666
0.00023193072277110006,0.0166666666666666
0.00023194072237109998,0.0166666666666666
0.0002319507219711,0.0166666666666666
0.00023196072157110004,0.0
0.00023197072117110007,0.0
0.0002319807207711,0.0
0.00023199072037119998,0.0166666666666666
0.0002320007199712,0.0166666666666666
0.00023201071957120004,0.0166666666666666
0.00023202071917120007,0.0166666666666666
0.0002320307187712,0.0166666666666666
0.00023204071837120002,0.0166666666666666
0.00023205071797120005,0.0166666666666666
0.00023206071757130004,0.0166666666666666
0.00023207071717130007,0.0166666666666666
0.0002320807167713,0.0
0.00023209071637130002,0.0166666666666666
0.00023210071597130005,0.0166666666666666
0.00023211071557129997,0.0
0.00023212071517140007,0.0166666666666666
0.0002321307147714,0.0166666666666666
0.00023214071437140002,0.0166666666666666
0.00023215071397140005,0.0
0.00023216071357139997,0.0166666666666666
0.0002321707131714,0.0
0.0002321807127715,0.0166666666666666
0.00023219071237150002,0.0
0.00023220071197150005,0.0
0.00023221071157149997,0.0
0.0002322207111715,0.0
0.00023223071077150002,0.0166666666666666
0.00023224071037160002,0.0166666666666666
0.00023225070997160005,0.0166666666666666
0.00023226070957159997,0.0166666666666666
0.0002322707091716,0.0
0.00023228070877160002,0.0166666666666666
0.00023229070837160005,0.0166666666666666
0.00023230070797159997,0.0166666666666666
0.00023231070757169997,0.0166666666666666
0.0002323207071717,0.0166666666666666
0.00023233070677170002,0.0166666666666666
0.00023234070637170005,0.0166666666666666
0.00023235070597169997,0.0166666666666666
0.0002323607055717,0.0166666666666666
0.0002323707051718,0.0166666666666666
0.00023238070477180002,0.0166666666666666
0.00023239070437180005,0.0166666666666666
0.00023240070397179997,0.0166666666666666
0.0002324107035718,0.0166666666666666
0.00023242070317180003,0.0166666666666666
0.00023243070277190002,0.0
0.00023244070237190005,0.0166666666666666
0.00023245070197189997,0.0166666666666666
0.0002324607015719,0.0
0.00023247070117190003,0.0
0.00023248070077190006,0.0
0.00023249070037200005,0.0166666666666666
0.00023250069997199997,0.0166666666666666
0.000232510699572,0.0
0.00023252069917200003,0.0166666666666666
0.00023253069877200006,0.0166666666666666
0.00023254069837199998,0.0166666666666666
0.000232550697972,0.0166666666666666
0.0002325606975721,0.0166666666666666
0.00023257069717210003,0.0166666666666666
0.00023258069677210006,0.0166666666666666
0.00023259069637209998,0.0166666666666666
0.0002326006959721,0.0166666666666666
0.00023261069557210004,0.0166666666666666
0.00023262069517220003,0.0166666666666666
0.00023263069477220006,0.0166666666666666
0.00023264069437219998,0.0166666666666666
0.0002326506939722,0.0166666666666666
0.00023266069357220004,0.0166666666666666
0.00023267069317220007,0.0166666666666666
0.00023268069277230006,0.0
0.00023269069237229998,0.0166666666666666
0.0002327006919723,0.0166666666666666
0.00023271069157230004,0.0166666666666666
0.00023272069117230007,0.0166666666666666
0.00023273069077229999,0.0166666666666666
0.00023274069037239998,0.0
0.0002327506899724,0.0
0.00023276068957240004,0.0166666666666666
0.00023277068917240007,0.0166666666666666
0.00023278068877239999,0.0166666666666666
0.00023279068837240001,0.0166666666666666
0.00023280068797240004,0.0166666666666666
0.00023281068757250004,0.0
0.00023282068717250007,0.0
0.00023283068677249999,0.0166666666666666
0.00023284068637250001,0.0166666666666666
0.00023285068597250004,0.0166666666666666
0.00023286068557249996,0.0166666666666666
0.00023287068517260006,0.0
0.00023288068477259999,0.0
0.00023289068437260001,0.0166666666666666
0.00023290068397260004,0.0
0.00023291068357259996,0.0166666666666666
0.0002329206831726,0.0333333333333332
0.00023293068277269999,0.0166666666666666
0.00023294068237270001,0.0166666666666666
0.00023295068197270004,0.0
0.00023296068157269996,0.0166666666666666
0.0002329706811727,0.0166666666666666
0.00023298068077270002,0.0166666666666666
0.00023299068037280001,0.0166666666666666
0.00023300067997280004,0.0
0.00023301067957279996,0.0
0.0002330206791728,0.0
0.00023303067877280002,0.0166666666666666
0.00023304067837280005,0.0333333333333332
0.00023305067797279997,0.0166666666666666
0.00023306067757289996,0.0166666666666666
0.0002330706771729,0.0
0.00023308067677290002,0.0
0.00023309067637290005,0.0166666666666666
0.00023310067597289997,0.0166666666666666
0.0002331106755729,0.0166666666666666
0.000233120675173,0.0
0.00023313067477300002,0.0
0.00023314067437300005,0.0
0.00023315067397299997,0.0333333333333332
0.000233160673573,0.0166666666666666
0.00023317067317300003,0.0166666666666666
0.00023318067277310002,0.0
0.00023319067237310005,0.0166666666666666
0.00023320067197309997,0.0
0.0002332106715731,0.0
0.00023322067117310003,0.0166666666666666
0.00023323067077310006,0.0166666666666666
0.00023324067037320005,0.0166666666666666
0.00023325066997319997,0.0166666666666666
0.0002332606695732,0.0
0.00023327066917320003,0.0166666666666666
0.00023328066877320006,0.0166666666666666
0.00023329066837319998,0.0166666666666666
0.0002333006679732,0.0
0.0002333106675733,0.0166666666666666
0.00023332066717330003,0.0166666666666666
0.00023333066677330006,0.0166666666666666
0.00023334066637329998,0.0166666666666666
0.0002333506659733,0.0166666666666666
0.00023336066557330003,0.0166666666666666
0.00023337066517340003,0.0166666666666666
0.00023338066477340006,0.0166666666666666
0.00023339066437339998,0.0166666666666666
0.0002334006639734,0.0166666666666666
0.00023341066357340003,0.0166666666666666
0.00023342066317340006,0.0166666666666666
0.00023343066277350006,0.0166666666666666
0.00023344066237349998,0.0166666666666666
0.0002334506619735,0.0166666666666666
0.00023346066157350003,0.0166666666666666
0.00023347066117350006,0.0166666666666666
0.00023348066077349998,0.0166666666666666
0.00023349066037359998,0.0166666666666666
0.0002335006599736,0.0166666666666666
0.00023351065957360003,0.0166666666666666
0.00023352065917360006,0.0166666666666666
0.00023353065877359998,0.0166666666666666
0.0002335406583736,0.0166666666666666
0.00023355065797360004,0.0166666666666666
0.00023356065757370003,0.0
0.00023357065717370006,0.0166666666666666
0.00023358065677369998,0.0166666666666666
0.0002335906563737,0.0166666666666666
0.00023360065597370004,0.0166666666666666
0.00023361065557370007,0.0166666666666666
0.00023362065517380006,0.0166666666666666
0.00023363065477379998,0.0166666666666666
0.0002336406543738,0.0166666666666666
0.00023365065397380004,0.0166666666666666
0.00023366065357380007,0.0
0.0002336706531738,0.0166666666666666
0.00023368065277389998,0.0166666666666666
0.0002336906523739,0.0166666666666666
0.00023370065197390004,0.0166666666666666
0.00023371065157390007,0.0166666666666666
0.0002337206511739,0.0166666666666666
0.00023373065077390002,0.0166666666666666
0.000233740650374,0.0166666666666666
0.00023375064997400004,0.0166666666666666
0.00023376064957400007,0.0
0.000233770649174,0.0166666666666666
0.00023378064877400002,0.0166666666666666
0.00023379064837400005,0.0166666666666666
0.00023380064797399997,0.0166666666666666
0.00023381064757410007,0.0166666666666666
0.0002338206471741,0.0166666666666666
0.00023383064677410002,0.0166666666666666
0.00023384064637410005,0.0166666666666666
0.00023385064597409997,0.0166666666666666
0.0002338606455741,0.0166666666666666
0.0002338706451742,0.0166666666666666
0.00023388064477420002,0.0166666666666666
0.00023389064437420005,0.0166666666666666
0.00023390064397419997,0.0166666666666666
0.0002339106435742,0.0
0.00023392064317420003,0.0166666666666666
0.00023393064277430002,0.0166666666666666
0.00023394064237430005,0.0166666666666666
0.00023395064197429997,0.0166666666666666
0.0002339606415743,0.0
0.00023397064117430003,0.0166666666666666
0.00023398064077430005,0.0
0.00023399064037440005,0.0166666666666666
0.00023400063997439997,0.0166666666666666
0.0002340106395744,0.0166666666666666
0.00023402063917440003,0.0166666666666666
0.00023403063877440005,0.0166666666666666
0.00023404063837439997,0.0166666666666666
0.0002340506379744,0.0166666666666666
0.0002340606375745,0.0
0.00023407063717450002,0.0166666666666666
0.00023408063677450005,0.0166666666666666
0.00023409063637449997,0.0166666666666666
0.0002341006359745,0.0166666666666666
0.00023411063557450003,0.0
0.00023412063517460002,0.0166666666666666
0.00023413063477460005,0.0166666666666666
0.00023414063437459997,0.0166666666666666
0.0002341506339746,0.0166666666666666
0.00023416063357460003,0.0166666666666666
0.00023417063317460006,0.0
0.00023418063277470005,0.0166666666666666
0.00023419063237469997,0.0166666666666666
0.0002342006319747,0.0166666666666666
0.00023421063157470003,0.0
0.00023422063117470006,0.0166666666666666
0.00023423063077469998,0.0166666666666666
0.00023424063037479997,0.0166666666666666
0.0002342506299748,0.0166666666666666
0.00023426062957480003,0.0166666666666666
0.00023427062917480006,0.0166666666666666
0.00023428062877479998,0.0166666666666666
0.0002342906283748,0.0166666666666666
0.00023430062797480004,0.0166666666666666
0.00023431062757490003,0.0166666666666666
0.00023432062717490006,0.0166666666666666
0.00023433062677489998,0.0166666666666666
0.0002343406263749,0.0
0.00023435062597490004,0.0166666666666666
0.00023436062557490007,0.0166666666666666
0.00023437062517500006,0.0166666666666666
0.00023438062477499998,0.0166666666666666
0.000234390624375,0.0166666666666666
0.00023440062397500004,0.0166666666666666
0.00023441062357500007,0.0166666666666666
0.000234420623175,0.0166666666666666
0.00023443062277509998,0.0166666666666666
0.0002344406223751,0.0166666666666666
0.00023445062197510004,0.0166666666666666
0.00023446062157510007,0.0166666666666666
0.0002344706211751,0.0166666666666666
0.00023448062077510002,0.0
0.0002344906203752,0.0166666666666666
0.00023450061997520004,0.0166666666666666
0.00023451061957520007,0.0166666666666666
0.0002345206191752,0.0166666666666666
0.00023453061877520002,0.0166666666666666
0.00023454061837520005,0.0166666666666666
0.00023455061797519997,0.0166666666666666
0.00023456061757530007,0.0166666666666666
0.0002345706171753,0.0166666666666666
0.00023458061677530002,0.0166666666666666
0.00023459061637530005,0.0166666666666666
0.00023460061597529997,0.0166666666666666
0.0002346106155753,0.0166666666666666
0.0002346206151754,0.0166666666666666
0.00023463061477540002,0.0166666666666666
0.00023464061437540004,0.0
0.00023465061397539997,0.0166666666666666
0.0002346606135754,0.0166666666666666
0.00023467061317540002,0.0166666666666666
0.00023468061277550002,0.0
0.00023469061237550004,0.0166666666666666
0.00023470061197549997,0.0
0.0002347106115755,0.0166666666666666
0.00023472061117550002,0.0
0.00023473061077550005,0.0166666666666666
0.00023474061037560004,0.0166666666666666
0.00023475060997559996,0.0166666666666666
0.0002347606095756,0.0166666666666666
0.00023477060917560002,0.0166666666666666
0.00023478060877560005,0.0166666666666666
0.00023479060837559997,0.0166666666666666
0.0002348006079756,0.0166666666666666
0.0002348106075757,0.0
0.00023482060717570002,0.0166666666666666
0.00023483060677570005,0.0166666666666666
0.00023484060637569997,0.0166666666666666
0.0002348506059757,0.0166666666666666
0.00023486060557570003,0.0166666666666666
0.00023487060517580002,0.0
0.00023488060477580005,0.0166666666666666
0.00023489060437579997,0.0166666666666666
0.0002349006039758,0.0166666666666666
0.00023491060357580003,0.0166666666666666
0.00023492060317580006,0.0166666666666666
0.00023493060277590005,0.0166666666666666
0.00023494060237589997,0.0166666666666666
0.0002349506019759,0.0
0.00023496060157590003,0.0166666666666666
0.00023497060117590006,0.0166666666666666
0.00023498060077589998,0.0166666666666666
0.00023499060037599997,0.0166666666666666
0.000235000599976,0.0
0.00023501059957600003,0.0166666666666666
0.00023502059917600006,0.0166666666666666
0.00023503059877599998,0.0166666666666666
0.000235040598376,0.0
0.00023505059797600004,0.0166666666666666
0.00023506059757610003,0.0166666666666666
0.00023507059717610006,0.0166666666666666
0.00023508059677609998,0.0166666666666666
0.0002350905963761,0.0166666666666666
0.00023510059597610004,0.0166666666666666
0.00023511059557610007,0.0166666666666666
0.00023512059517620006,0.0166666666666666
0.00023513059477619998,0.0166666666666666
0.0002351405943762,0.0166666666666666
0.00023515059397620004,0.0166666666666666
0.00023516059357620006,0.0166666666666666
0.00023517059317619999,0.0166666666666666
0.00023518059277629998,0.0166666666666666
0.0002351905923763,0.0166666666666666
0.00023520059197630004,0.0166666666666666
0.00023521059157630006,0.0166666666666666
0.00023522059117629999,0.0166666666666666
0.00023523059077630001,0.0166666666666666
0.0002352405903764,0.0166666666666666
0.00023525058997640004,0.0166666666666666
0.00023526058957640006,0.0166666666666666
0.00023527058917639998,0.0166666666666666
0.00023528058877640001,0.0166666666666666
0.00023529058837640004,0.0166666666666666
0.00023530058797639996,0.0166666666666666
0.00023531058757650006,0.0166666666666666
0.00023532058717649998,0.0166666666666666
0.00023533058677650001,0.0166666666666666
0.00023534058637650004,0.0166666666666666
0.00023535058597649996,0.0166666666666666
0.0002353605855765,0.0166666666666666
0.00023537058517659998,0.0166666666666666
0.0002353805847766,0.0166666666666666
0.00023539058437660004,0.0166666666666666
0.00023540058397659996,0.0
0.0002354105835766,0.0166666666666666
0.00023542058317660002,0.0166666666666666
0.0002354305827767,0.0166666666666666
0.00023544058237670004,0.0166666666666666
0.00023545058197669996,0.0166666666666666
0.0002354605815767,0.0166666666666666
0.00023547058117670002,0.0166666666666666
0.00023548058077670005,0.0
0.00023549058037680004,0.0166666666666666
0.00023550057997680007,0.0166666666666666
0.0002355105795768,0.0166666666666666
0.00023552057917680002,0.0166666666666666
0.00023553057877680005,0.0166666666666666
0.00023554057837679997,0.0166666666666666
0.0002355505779768,0.0166666666666666
0.0002355605775769,0.0166666666666666
0.00023557057717690002,0.0166666666666666
0.00023558057677690005,0.0
0.00023559057637689997,0.0166666666666666
0.0002356005759769,0.0166666666666666
0.00023561057557690003,0.0166666666666666
0.00023562057517700002,0.0
0.00023563057477700005,0.0166666666666666
0.00023564057437699997,0.0166666666666666
0.000235650573977,0.0166666666666666
0.00023566057357700003,0.0166666666666666
0.00023567057317700006,0.0166666666666666
0.00023568057277710005,0.0166666666666666
0.00023569057237709997,0.0166666666666666
0.0002357005719771,0.0166666666666666
0.00023571057157710003,0.0166666666666666
0.00023572057117710006,0.0166666666666666
0.00023573057077709998,0.0166666666666666
0.00023574057037719997,0.0166666666666666
0.0002357505699772,0.0166666666666666
0.00023576056957720003,0.0166666666666666
0.00023577056917720006,0.0166666666666666
0.00023578056877719998,0.0166666666666666
0.0002357905683772,0.0166666666666666
0.00023580056797720003,0.0166666666666666
0.00023581056757730003,0.0166666666666666
0.00023582056717730006,0.0166666666666666
0.00023583056677729998,0.0166666666666666
0.0002358405663773,0.0166666666666666
0.00023585056597730003,0.0166666666666666
0.00023586056557730006,0.0166666666666666
0.00023587056517740006,0.0166666666666666
0.00023588056477739998,0.0166666666666666
0.0002358905643774,0.0166666666666666
0.00023590056397740003,0.0166666666666666
0.00023591056357740006,0.0166666666666666
0.00023592056317739998,0.0166666666666666
0.00023593056277749998,0.0166666666666666
0.0002359405623775,0.0166666666666666
0.00023595056197750003,0.0166666666666666
0.00023596056157750006,0.0166666666666666
0.00023597056117749998,0.0166666666666666
0.0002359805607775,0.0166666666666666
0.0002359905603776,0.0166666666666666
0.00023600055997760003,0.0166666666666666
0.00023601055957760006,0.0166666666666666
0.00023602055917759998,0.0166666666666666
0.0002360305587776,0.0166666666666666
0.00023604055837760004,0.0166666666666666
0.00023605055797760007,0.0166666666666666
0.00023606055757770006,0.0
0.00023607055717769998,0.0166666666666666
0.0002360805567777,0.0166666666666666
0.00023609055637770004,0.0166666666666666
0.00023610055597770007,0.0166666666666666
0.0002361105555777,0.0166666666666666
0.00023612055517779998,0.0166666666666666
0.0002361305547778,0.0166666666666666
0.00023614055437780004,0.0166666666666666
0.00023615055397780007,0.0166666666666666
0.0002361605535778,0.0166666666666666
0.00023617055317780002,0.0166666666666666
0.0002361805527779,0.0
0.00023619055237790004,0.0166666666666666
0.00023620055197790007,0.0166666666666666
0.0002362105515779,0.0166666666666666
0.00023622055117790002,0.0166666666666666
0.00023623055077790005,0.0166666666666666
0.00023624055037800004,0.0166666666666666
0.00023625054997800007,0.0166666666666666
0.000236260549578,0.0166666666666666
0.00023627054917800002,0.0166666666666666
0.00023628054877800005,0.0
0.00023629054837799997,0.0166666666666666
0.000236300547978,0.0166666666666666
0.0002363105475781,0.0166666666666666
0.00023632054717810002,0.0166666666666666
0.00023633054677810005,0.0166666666666666
0.00023634054637809997,0.0
0.0002363505459781,0.0166666666666666
0.00023636054557810002,0.0166666666666666
0.00023637054517820002,0.0166666666666666
0.00023638054477820005,0.0166666666666666
0.00023639054437819997,0.0166666666666666
0.0002364005439782,0.0166666666666666
0.00023641054357820002,0.0166666666666666
0.00023642054317820005,0.0166666666666666
0.00023643054277830005,0.0166666666666666
0.00023644054237829997,0.0166666666666666
0.0002364505419783,0.0166666666666666
0.00023646054157830002,0.0166666666666666
0.00023647054117830005,0.0166666666666666
0.00023648054077829997,0.0
0.00023649054037839997,0.0166666666666666
0.0002365005399784,0.0166666666666666
0.00023651053957840002,0.0166666666666666
0.00023652053917840005,0.0166666666666666
0.00023653053877839997,0.0166666666666666
0.0002365405383784,0.0
0.00023655053797840003,0.0166666666666666
0.00023656053757850002,0.0166666666666666
0.00023657053717850005,0.0166666666666666
0.00023658053677849997,0.0166666666666666
0.0002365905363785,0.0166666666666666
0.00023660053597850003,0.0
0.00023661053557850006,0.0166666666666666
0.00023662053517860005,0.0166666666666666
0.00023663053477859997,0.0166666666666666
0.0002366405343786,0.0166666666666666
0.00023665053397860003,0.0166666666666666
0.00023666053357860006,0.0166666666666666
0.00023667053317859998,0.0166666666666666
0.00023668053277869997,0.0
0.0002366905323787,0.0
0.00023670053197870003,0.0166666666666666
0.00023671053157870006,0.0166666666666666
0.00023672053117869998,0.0166666666666666
0.0002367305307787,0.0166666666666666
0.0002367405303788,0.0166666666666666
0.00023675052997880003,0.0166666666666666
0.00023676052957880006,0.0166666666666666
0.00023677052917879998,0.0166666666666666
0.0002367805287788,0.0
0.00023679052837880004,0.0
0.00023680052797880007,0.0
0.00023681052757890006,0.0
0.00023682052717889998,0.0
0.0002368305267789,0.0
0.00023684052637890004,0.0166666666666666
0.00023685052597890007,0.0166666666666666
0.0002368605255789,0.0166666666666666
0.00023687052517899998,0.0166666666666666
0.000236880524779,0.0333333333333332
0.00023689052437900004,0.0333333333333332
0.00023690052397900007,0.0333333333333332
0.000236910523579,0.0333333333333332
0.00023692052317900002,0.0166666666666666
0.0002369305227791,0.0333333333333332
0.00023694052237910004,0.0166666666666666
0.00023695052197910007,0.0166666666666666
0.0002369605215791,0.0166666666666666
0.00023697052117910002,0.0166666666666666
0.00023698052077910004,0.0
0.00023699052037920004,0.0
0.00023700051997920007,-0.0166666666666666
0.00023701051957919999,0.0
0.00023702051917920002,-0.0166666666666666
0.00023703051877920004,0.0
0.00023704051837919996,0.0
0.0002370505179792,0.0166666666666666
0.00023706051757929999,0.0166666666666666
0.00023707051717930002,0.0166666666666666
0.00023708051677930004,0.0333333333333332
0.00023709051637929996,0.0333333333333332
0.0002371005159793,0.0333333333333332
0.00023711051557930002,0.0333333333333332
0.00023712051517940001,0.0333333333333332
0.00023713051477940004,0.0333333333333332
0.00023714051437939996,0.0166666666666666
0.0002371505139794,0.0166666666666666
0.00023716051357940002,0.0166666666666666
0.00023717051317940005,0.0166666666666666
0.00023718051277950004,0.0
0.00023719051237949996,0.0
0.0002372005119795,0.0
0.00023721051157950002,0.0
0.00023722051117950005,0.0
0.00023723051077949997,0.0
0.00023724051037959996,0.0166666666666666
0.0002372505099796,0.0166666666666666
0.00023726050957960002,0.0
0.00023727050917960005,0.0166666666666666
0.00023728050877959997,0.0166666666666666
0.0002372905083796,0.0166666666666666
0.00023730050797960003,0.0333333333333332
0.00023731050757970002,0.0166666666666666
0.00023732050717970005,0.0166666666666666
0.00023733050677969997,0.0166666666666666
0.0002373405063797,0.0166666666666666
0.00023735050597970003,0.0166666666666666
0.00023736050557970006,0.0
0.00023737050517980005,0.0
0.00023738050477979997,0.0166666666666666
0.0002373905043798,0.0
0.00023740050397980003,0.0
0.00023741050357980006,0.0
0.00023742050317979998,0.0
0.00023743050277989997,0.0166666666666666
0.0002374405023799,0.0166666666666666
0.00023745050197990003,0.0166666666666666
0.00023746050157990006,0.0166666666666666
0.00023747050117989998,0.0333333333333332
0.0002374805007799,0.0166666666666666
0.00023749050038,0.0333333333333332
0.00023750049998000003,0.0333333333333332
0.00023751049958000006,0.0166666666666666
0.00023752049917999998,0.0166666666666666
0.00023753049878,0.0166666666666666
0.00023754049838000004,0.0166666666666666
0.00023755049798000006,0.0166666666666666
0.00023756049758010006,0.0166666666666666
0.00023757049718009998,0.0
0.0002375804967801,0.0
0.00023759049638010004,0.0
0.00023760049598010006,0.0
0.00023761049558009998,0.0166666666666666
0.00023762049518019998,0.0
0.0002376304947802,0.0166666666666666
0.00023764049438020003,0.0
0.00023765049398020006,0.0166666666666666
0.00023766049358019998,0.0166666666666666
0.0002376704931802,0.0166666666666666
0.0002376804927803,0.0166666666666666
0.00023769049238030003,0.0166666666666666
0.00023770049198030006,0.0166666666666666
0.00023771049158029998,0.0166666666666666
0.0002377204911803,0.0333333333333332
0.00023773049078030004,0.0166666666666666
0.00023774049038040003,0.0166666666666666
0.00023775048998040006,0.0166666666666666
0.00023776048958039998,0.0166666666666666
0.0002377704891804,0.0
0.00023778048878040004,0.0166666666666666
0.00023779048838040007,0.0
0.0002378004879804,0.0
0.00023781048758049998,0.0166666666666666
0.0002378204871805,0.0166666666666666
0.00023783048678050004,0.0
0.00023784048638050007,0.0
0.0002378504859805,0.0
0.00023786048558050002,0.0
0.0002378704851806,0.0166666666666666
0.00023788048478060004,0.0
0.00023789048438060007,0.0166666666666666
0.0002379004839806,0.0166666666666666
0.00023791048358060002,0.0333333333333332
0.00023792048318060005,0.0166666666666666
0.00023793048278070004,0.0333333333333332
0.00023794048238070007,0.0166666666666666
0.0002379504819807,0.0166666666666666
0.00023796048158070002,0.0166666666666666
0.00023797048118070005,0.0166666666666666
0.00023798048078069997,0.0166666666666666
0.00023799048038080007,0.0166666666666666
0.0002380004799808,0.0
0.00023801047958080002,0.0166666666666666
0.00023802047918080005,0.0
0.00023803047878079997,0.0
0.0002380404783808,0.0
0.00023805047798080003,0.0
0.00023806047758090002,0.0166666666666666
0.00023807047718090005,0.0166666666666666
0.00023808047678089997,0.0166666666666666
0.0002380904763809,0.0166666666666666
0.00023810047598090003,0.0166666666666666
0.00023811047558090006,0.0166666666666666
0.00023812047518100005,0.0333333333333332
0.00023813047478099997,0.0166666666666666
0.000238140474381,0.0166666666666666
0.00023815047398100003,0.0166666666666666
0.00023816047358100006,0.0166666666666666
0.00023817047318099998,0.0166666666666666
0.00023818047278109997,0.0166666666666666
0.0002381904723811,0.0
0.00023820047198110003,0.0
0.00023821047158110005,0.0
0.00023822047118109998,-0.0166666666666666
0.0002382304707811,0.0166666666666666
0.0002382404703812,0.0
0.00023825046998120003,0.0
0.00023826046958120005,0.0166666666666666
0.00023827046918119998,0.0166666666666666
0.0002382804687812,0.0166666666666666
0.00023829046838120003,0.0333333333333332
0.00023830046798120006,0.0166666666666666
0.00023831046758130005,0.0333333333333332
0.00023832046718129997,0.0166666666666666
0.0002383304667813,0.0166666666666666
0.00023834046638130003,0.0166666666666666
0.00023835046598130006,0.0166666666666666
0.00023836046558129998,0.0166666666666666
0.00023837046518139997,0.0166666666666666
0.0002383804647814,0.0
0.00023839046438140003,0.0
0.00023840046398140006,0.0
0.00023841046358139998,0.0
0.0002384204631814,0.0
0.0002384304627815,0.0
0.00023844046238150003,0.0166666666666666
0.00023845046198150006,0.0166666666666666
0.00023846046158149998,0.0166666666666666
0.0002384704611815,0.0166666666666666
0.00023848046078150004,0.0166666666666666
0.00023849046038160003,0.0333333333333332
0.00023850045998160006,0.0166666666666666
0.00023851045958159998,0.0166666666666666
0.0002385204591816,0.0166666666666666
0.00023853045878160004,0.0166666666666666
0.00023854045838160007,0.0166666666666666
0.0002385504579816,0.0166666666666666
0.00023856045758169998,0.0
0.0002385704571817,0.0166666666666666
0.00023858045678170004,0.0
0.00023859045638170007,0.0
0.0002386004559817,0.0
0.00023861045558170002,0.0166666666666666
0.0002386204551818,0.0
0.00023863045478180004,0.0
0.00023864045438180007,0.0166666666666666
0.0002386504539818,0.0166666666666666
0.00023866045358180002,0.0166666666666666
0.00023867045318180005,0.0333333333333332
0.00023868045278190004,0.0166666666666666
0.00023869045238190007,0.0166666666666666
0.0002387004519819,0.0166666666666666
0.00023871045158190002,0.0166666666666666
0.00023872045118190005,0.0166666666666666
0.00023873045078189997,0.0166666666666666
0.00023874045038200007,0.0166666666666666
0.000238750449982,0.0166666666666666
0.00023876044958200002,0.0166666666666666
0.00023877044918200005,0.0
0.00023878044878199997,0.0
0.000238790448382,0.0
0.00023880044798200002,0.0
0.00023881044758210002,0.0166666666666666
0.00023882044718210005,0.0
0.00023883044678209997,0.0166666666666666
0.0002388404463821,0.0166666666666666
0.00023885044598210002,0.0166666666666666
0.00023886044558210005,0.0166666666666666
0.00023887044518220005,0.0166666666666666
0.00023888044478219997,0.0166666666666666
0.0002388904443822,0.0333333333333332
0.00023890044398220002,0.0166666666666666
0.00023891044358220005,0.0166666666666666
0.00023892044318219997,0.0166666666666666
0.00023893044278229997,0.0
0.0002389404423823,0.0
0.00023895044198230002,0.0166666666666666
0.00023896044158230005,0.0166666666666666
0.00023897044118229997,0.0
0.0002389804407823,0.0
0.0002389904403824,0.0
0.00023900043998240002,0.0
0.00023901043958240005,0.0166666666666666
0.00023902043918239997,0.0166666666666666
0.0002390304387824,0.0166666666666666
0.00023904043838240003,0.0166666666666666
0.00023905043798240006,0.0166666666666666
0.00023906043758250005,0.0166666666666666
0.00023907043718249997,0.0166666666666666
0.0002390804367825,0.0166666666666666
0.00023909043638250003,0.0166666666666666
0.00023910043598250006,0.0166666666666666
0.00023911043558249998,0.0166666666666666
0.00023912043518259997,0.0166666666666666
0.0002391304347826,0.0166666666666666
0.00023914043438260003,0.0166666666666666
0.00023915043398260006,0.0166666666666666
0.00023916043358259998,0.0
0.0002391704331826,0.0166666666666666
0.0002391804327827,0.0166666666666666
0.00023919043238270003,0.0166666666666666
0.00023920043198270006,0.0
0.00023921043158269998,0.0166666666666666
0.0002392204311827,0.0166666666666666
0.00023923043078270004,0.0166666666666666
0.00023924043038280003,0.0333333333333332
0.00023925042998280006,0.0166666666666666
0.00023926042958279998,0.0166666666666666
0.0002392704291828,0.0166666666666666
0.00023928042878280004,0.0166666666666666
0.00023929042838280007,0.0166666666666666
0.00023930042798279999,0.0166666666666666
0.00023931042758289998,0.0166666666666666
0.0002393204271829,0.0
0.00023933042678290004,0.0166666666666666
0.00023934042638290007,0.0
0.00023935042598289999,0.0166666666666666
0.00023936042558290002,0.0
0.000239370425183,0.0166666666666666
0.00023938042478300004,0.0166666666666666
0.00023939042438300007,0.0166666666666666
0.00023940042398299999,0.0166666666666666
0.00023941042358300001,0.0333333333333332
0.00023942042318300004,0.0166666666666666
0.00023943042278310004,0.0166666666666666
0.00023944042238310007,0.0166666666666666
0.00023945042198309999,0.0166666666666666
0.00023946042158310001,0.0166666666666666
0.00023947042118310004,0.0166666666666666
0.00023948042078309996,0.0166666666666666
0.00023949042038320006,0.0166666666666666
0.00023950041998319999,0.0166666666666666
0.00023951041958320001,0.0166666666666666
0.00023952041918320004,0.0166666666666666
0.00023953041878319996,0.0166666666666666
0.0002395404183832,0.0
0.00023955041798320002,0.0
0.00023956041758330001,0.0
0.00023957041718330004,0.0
0.00023958041678329996,0.0166666666666666
0.0002395904163833,0.0
0.00023960041598330002,0.0166666666666666
0.00023961041558330005,0.0166666666666666
0.00023962041518340004,0.0166666666666666
0.00023963041478339996,0.0166666666666666
0.0002396404143834,0.0166666666666666
0.00023965041398340002,0.0166666666666666
0.00023966041358340005,0.0
0.00023967041318339997,0.0166666666666666
0.00023968041278349996,0.0166666666666666
0.0002396904123835,0.0166666666666666
0.00023970041198350002,0.0166666666666666
0.00023971041158350005,0.0166666666666666
0.00023972041118349997,0.0166666666666666
0.0002397304107835,0.0166666666666666
0.0002397404103836,0.0166666666666666
0.00023975040998360002,0.0
0.00023976040958360005,0.0166666666666666
0.00023977040918359997,0.0166666666666666
0.0002397804087836,0.0
0.00023979040838360003,0.0166666666666666
0.00023980040798360006,0.0166666666666666
0.00023981040758370005,0.0166666666666666
0.00023982040718369997,0.0166666666666666
0.0002398304067837,0.0166666666666666
0.00023984040638370003,0.0166666666666666
0.00023985040598370006,0.0166666666666666
0.00023986040558369998,0.0166666666666666
0.00023987040518379997,0.0166666666666666
0.0002398804047838,0.0166666666666666
0.00023989040438380003,0.0166666666666666
0.00023990040398380006,0.0166666666666666
0.00023991040358379998,0.0166666666666666
0.0002399204031838,0.0166666666666666
0.0002399304027839,0.0166666666666666
0.00023994040238390003,0.0166666666666666
0.00023995040198390006,0.0166666666666666
0.00023996040158389998,0.0166666666666666
0.0002399704011839,0.0166666666666666
0.00023998040078390003,0.0
